-1.178097 3.043885
-1.177097 3.043983
-1.176097 3.044081
-1.175097 3.044179
-1.174097 3.044279
-1.173097 3.044378
-1.172097 3.044479
-1.171097 3.044579
-1.170097 3.044680
-1.169097 3.044782
-1.168097 3.044884
-1.167097 3.044987
-1.166097 3.045090
-1.165097 3.045193
-1.164097 3.045298
-1.163097 3.045402
-1.162097 3.045507
-1.161097 3.045613
-1.160097 3.045719
-1.159097 3.045825
-1.158097 3.045932
-1.157097 3.046040
-1.156097 3.046148
-1.155097 3.046256
-1.154097 3.046365
-1.153097 3.046475
-1.152097 3.046585
-1.151097 3.046695
-1.150097 3.046806
-1.149097 3.046917
-1.148097 3.047029
-1.147097 3.047142
-1.146097 3.047255
-1.145097 3.047368
-1.144097 3.047482
-1.143097 3.047596
-1.142097 3.047711
-1.141097 3.047826
-1.140097 3.047942
-1.139097 3.048058
-1.138097 3.048175
-1.137097 3.048292
-1.136097 3.048410
-1.135097 3.048528
-1.134097 3.048647
-1.133097 3.048766
-1.132097 3.048886
-1.131097 3.049006
-1.130097 3.049127
-1.129097 3.049248
-1.128097 3.049369
-1.127097 3.049492
-1.126097 3.049614
-1.125097 3.049737
-1.124097 3.049861
-1.123097 3.049985
-1.122097 3.050109
-1.121097 3.050234
-1.120097 3.050360
-1.119097 3.050486
-1.118097 3.050612
-1.117097 3.050739
-1.116097 3.050867
-1.115097 3.050995
-1.114097 3.051123
-1.113097 3.051252
-1.112097 3.051381
-1.111097 3.051511
-1.110097 3.051641
-1.109097 3.051772
-1.108097 3.051903
-1.107097 3.052035
-1.106097 3.052167
-1.105097 3.052300
-1.104097 3.052433
-1.103097 3.052567
-1.102097 3.052701
-1.101097 3.052836
-1.100097 3.052971
-1.099097 3.053107
-1.098097 3.053243
-1.097097 3.053380
-1.096097 3.053517
-1.095097 3.053654
-1.094097 3.053792
-1.093097 3.053931
-1.092097 3.054070
-1.091097 3.054209
-1.090097 3.054349
-1.089097 3.054490
-1.088097 3.054630
-1.087097 3.054772
-1.086097 3.054914
-1.085097 3.055056
-1.084097 3.055199
-1.083097 3.055342
-1.082097 3.055486
-1.081097 3.055630
-1.080097 3.055775
-1.079097 3.055716
-1.078097 3.055571
-1.077097 3.055427
-1.076097 3.055284
-1.075097 3.055141
-1.074097 3.054998
-1.073097 3.054856
-1.072097 3.054714
-1.071097 3.054573
-1.070097 3.054432
-1.069097 3.054292
-1.068097 3.054152
-1.067097 3.054013
-1.066097 3.053874
-1.065097 3.053736
-1.064097 3.053598
-1.063097 3.053461
-1.062097 3.053324
-1.061097 3.053187
-1.060097 3.053051
-1.059097 3.052916
-1.058097 3.052781
-1.057097 3.052647
-1.056097 3.052513
-1.055097 3.052379
-1.054097 3.052246
-1.053097 3.052114
-1.052097 3.051982
-1.051097 3.051850
-1.050097 3.051719
-1.049097 3.051588
-1.048097 3.051458
-1.047097 3.051328
-1.046097 3.051199
-1.045097 3.051071
-1.044097 3.050942
-1.043097 3.050815
-1.042097 3.050687
-1.041097 3.050561
-1.040097 3.050434
-1.039097 3.050309
-1.038097 3.050183
-1.037097 3.050059
-1.036097 3.049934
-1.035097 3.049810
-1.034097 3.049687
-1.033097 3.049564
-1.032097 3.049442
-1.031097 3.049320
-1.030097 3.049198
-1.029097 3.049077
-1.028097 3.048957
-1.027097 3.048837
-1.026097 3.048718
-1.025097 3.048599
-1.024097 3.048480
-1.023097 3.048362
-1.022097 3.048244
-1.021097 3.048127
-1.020097 3.048011
-1.019097 3.047895
-1.018097 3.047779
-1.017097 3.047664
-1.016097 3.047549
-1.015097 3.047435
-1.014097 3.047322
-1.013097 3.047209
-1.012097 3.047096
-1.011097 3.046984
-1.010097 3.046872
-1.009097 3.046761
-1.008097 3.046650
-1.007097 3.046540
-1.006097 3.046430
-1.005097 3.046321
-1.004097 3.046212
-1.003097 3.046104
-1.002097 3.045996
-1.001097 3.045889
-1.000097 3.045782
-0.999097 3.045675
-0.998097 3.045570
-0.997097 3.045464
-0.996097 3.045359
-0.995097 3.045255
-0.994097 3.045151
-0.993097 3.045048
-0.992097 3.044945
-0.991097 3.044842
-0.990097 3.044741
-0.989097 3.044639
-0.988097 3.044538
-0.987097 3.044438
-0.986097 3.044338
-0.985097 3.044238
-0.984097 3.044139
-0.983097 3.044041
-0.982097 3.043943
-0.981097 3.043845
-0.980097 3.043748
-0.979097 3.043652
-0.978097 3.043556
-0.977097 3.043460
-0.976097 3.043365
-0.975097 3.043270
-0.974097 3.043176
-0.973097 3.043083
-0.972097 3.042990
-0.971097 3.042897
-0.970097 3.042805
-0.969097 3.042713
-0.968097 3.042622
-0.967097 3.042531
-0.966097 3.042441
-0.965097 3.042352
-0.964097 3.042262
-0.963097 3.042174
-0.962097 3.042086
-0.961097 3.041998
-0.960097 3.041911
-0.959097 3.041824
-0.958097 3.041738
-0.957097 3.041652
-0.956097 3.041567
-0.955097 3.041482
-0.954097 3.041398
-0.953097 3.041314
-0.952097 3.041231
-0.951097 3.041148
-0.950097 3.041066
-0.949097 3.040984
-0.948097 3.040903
-0.947097 3.040822
-0.946097 3.040742
-0.945097 3.040662
-0.944097 3.040583
-0.943097 3.040504
-0.942097 3.040425
-0.941097 3.040348
-0.940097 3.040270
-0.939097 3.040193
-0.938097 3.040117
-0.937097 3.040041
-0.936097 3.039966
-0.935097 3.039891
-0.934097 3.039817
-0.933097 3.039743
-0.932097 3.039669
-0.931097 3.039596
-0.930097 3.039524
-0.929097 3.039452
-0.928097 3.039381
-0.927097 3.039310
-0.926097 3.039239
-0.925097 3.039170
-0.924097 3.039100
-0.923097 3.039031
-0.922097 3.038963
-0.921097 3.038895
-0.920097 3.038827
-0.919097 3.038760
-0.918097 3.038694
-0.917097 3.038628
-0.916097 3.038563
-0.915097 3.038498
-0.914097 3.038433
-0.913097 3.038369
-0.912097 3.038306
-0.911097 3.038243
-0.910097 3.038180
-0.909097 3.038118
-0.908097 3.038057
-0.907097 3.037996
-0.906097 3.037935
-0.905097 3.037875
-0.904097 3.037816
-0.903097 3.037757
-0.902097 3.037698
-0.901097 3.037640
-0.900097 3.037583
-0.899097 3.037526
-0.898097 3.037469
-0.897097 3.037413
-0.896097 3.037358
-0.895097 3.037303
-0.894097 3.037248
-0.893097 3.037194
-0.892097 3.037140
-0.891097 3.037087
-0.890097 3.037035
-0.889097 3.036983
-0.888097 3.036931
-0.887097 3.036880
-0.886097 3.036830
-0.885097 3.036779
-0.884097 3.036730
-0.883097 3.036681
-0.882097 3.036632
-0.881097 3.036584
-0.880097 3.036537
-0.879097 3.036490
-0.878097 3.036443
-0.877097 3.036397
-0.876097 3.036351
-0.875097 3.036306
-0.874097 3.036262
-0.873097 3.036218
-0.872097 3.036174
-0.871097 3.036131
-0.870097 3.036088
-0.869097 3.036046
-0.868097 3.036005
-0.867097 3.035963
-0.866097 3.035923
-0.865097 3.035883
-0.864097 3.035843
-0.863097 3.035804
-0.862097 3.035765
-0.861097 3.035727
-0.860097 3.035690
-0.859097 3.035653
-0.858097 3.035616
-0.857097 3.035580
-0.856097 3.035544
-0.855097 3.035509
-0.854097 3.035475
-0.853097 3.035440
-0.852097 3.035407
-0.851097 3.035374
-0.850097 3.035341
-0.849097 3.035309
-0.848097 3.035277
-0.847097 3.035246
-0.846097 3.035215
-0.845097 3.035185
-0.844097 3.035156
-0.843097 3.035127
-0.842097 3.035098
-0.841097 3.035070
-0.840097 3.035042
-0.839097 3.035015
-0.838097 3.034988
-0.837097 3.034962
-0.836097 3.034937
-0.835097 3.034912
-0.834097 3.034887
-0.833097 3.034863
-0.832097 3.034839
-0.831097 3.034816
-0.830097 3.034793
-0.829097 3.034771
-0.828097 3.034750
-0.827097 3.034728
-0.826097 3.034708
-0.825097 3.034688
-0.824097 3.034668
-0.823097 3.034649
-0.822097 3.034630
-0.821097 3.034612
-0.820097 3.034594
-0.819097 3.034577
-0.818097 3.034561
-0.817097 3.034544
-0.816097 3.034529
-0.815097 3.034514
-0.814097 3.034499
-0.813097 3.034485
-0.812097 3.034471
-0.811097 3.034458
-0.810097 3.034445
-0.809097 3.034433
-0.808097 3.034422
-0.807097 3.034411
-0.806097 3.034400
-0.805097 3.034390
-0.804097 3.034380
-0.803097 3.034371
-0.802097 3.034362
-0.801097 3.034354
-0.800097 3.034346
-0.799097 3.034339
-0.798097 3.034333
-0.797097 3.034327
-0.796097 3.034321
-0.795097 3.034316
-0.794097 3.034311
-0.793097 3.034307
-0.792097 3.034303
-0.791097 3.034300
-0.790097 3.034297
-0.789097 3.034295
-0.788097 3.034294
-0.787097 3.034293
-0.786097 3.034292
-0.785097 3.034292
-0.784097 3.034292
-0.783097 3.034293
-0.782097 3.034294
-0.781097 3.034296
-0.780097 3.034299
-0.779097 3.034301
-0.778097 3.034305
-0.777097 3.034309
-0.776097 3.034313
-0.775097 3.034318
-0.774097 3.034323
-0.773097 3.034329
-0.772097 3.034335
-0.771097 3.034342
-0.770097 3.034350
-0.769097 3.034357
-0.768097 3.034366
-0.767097 3.034375
-0.766097 3.034384
-0.765097 3.034394
-0.764097 3.034404
-0.763097 3.034415
-0.762097 3.034426
-0.761097 3.034438
-0.760097 3.034451
-0.759097 3.034463
-0.758097 3.034477
-0.757097 3.034491
-0.756097 3.034505
-0.755097 3.034520
-0.754097 3.034535
-0.753097 3.034551
-0.752097 3.034567
-0.751097 3.034584
-0.750097 3.034602
-0.749097 3.034619
-0.748097 3.034638
-0.747097 3.034657
-0.746097 3.034676
-0.745097 3.034696
-0.744097 3.034716
-0.743097 3.034737
-0.742097 3.034758
-0.741097 3.034780
-0.740097 3.034802
-0.739097 3.034825
-0.738097 3.034849
-0.737097 3.034873
-0.736097 3.034897
-0.735097 3.034922
-0.734097 3.034947
-0.733097 3.034973
-0.732097 3.034999
-0.731097 3.035026
-0.730097 3.035053
-0.729097 3.035081
-0.728097 3.035110
-0.727097 3.035138
-0.726097 3.035168
-0.725097 3.035198
-0.724097 3.035228
-0.723097 3.035259
-0.722097 3.035290
-0.721097 3.035322
-0.720097 3.035354
-0.719097 3.035387
-0.718097 3.035420
-0.717097 3.035454
-0.716097 3.035489
-0.715097 3.035523
-0.714097 3.035559
-0.713097 3.035595
-0.712097 3.035631
-0.711097 3.035668
-0.710097 3.035705
-0.709097 3.035743
-0.708097 3.035781
-0.707097 3.035820
-0.706097 3.035859
-0.705097 3.035899
-0.704097 3.035939
-0.703097 3.035980
-0.702097 3.036021
-0.701097 3.036063
-0.700097 3.036106
-0.699097 3.036148
-0.698097 3.036192
-0.697097 3.036235
-0.696097 3.036280
-0.695097 3.036325
-0.694097 3.036370
-0.693097 3.036416
-0.692097 3.036462
-0.691097 3.036509
-0.690097 3.036556
-0.689097 3.036604
-0.688097 3.036652
-0.687097 3.036701
-0.686097 3.036750
-0.685097 3.036800
-0.684097 3.036850
-0.683097 3.036901
-0.682097 3.036952
-0.681097 3.037004
-0.680097 3.037056
-0.679097 3.037109
-0.678097 3.037162
-0.677097 3.037216
-0.676097 3.037270
-0.675097 3.037325
-0.674097 3.037380
-0.673097 3.037436
-0.672097 3.037492
-0.671097 3.037549
-0.670097 3.037606
-0.669097 3.037664
-0.668097 3.037722
-0.667097 3.037781
-0.666097 3.037840
-0.665097 3.037900
-0.664097 3.037960
-0.663097 3.038021
-0.662097 3.038082
-0.661097 3.038143
-0.660097 3.038206
-0.659097 3.038268
-0.658097 3.038331
-0.657097 3.038395
-0.656097 3.038459
-0.655097 3.038524
-0.654097 3.038589
-0.653097 3.038655
-0.652097 3.038721
-0.651097 3.038788
-0.650097 3.038855
-0.649097 3.038922
-0.648097 3.038991
-0.647097 3.039059
-0.646097 3.039128
-0.645097 3.039198
-0.644097 3.039268
-0.643097 3.039339
-0.642097 3.039410
-0.641097 3.039481
-0.640097 3.039554
-0.639097 3.039626
-0.638097 3.039699
-0.637097 3.039773
-0.636097 3.039847
-0.635097 3.039921
-0.634097 3.039996
-0.633097 3.040072
-0.632097 3.040148
-0.631097 3.040225
-0.630097 3.040302
-0.629097 3.040379
-0.628097 3.040457
-0.627097 3.040536
-0.626097 3.040615
-0.625097 3.040694
-0.624097 3.040774
-0.623097 3.040855
-0.622097 3.040936
-0.621097 3.041017
-0.620097 3.041099
-0.619097 3.041182
-0.618097 3.041265
-0.617097 3.041348
-0.616097 3.041432
-0.615097 3.041517
-0.614097 3.041602
-0.613097 3.041687
-0.612097 3.041773
-0.611097 3.041859
-0.610097 3.041946
-0.609097 3.042034
-0.608097 3.042121
-0.607097 3.042210
-0.606097 3.042299
-0.605097 3.042388
-0.604097 3.042478
-0.603097 3.042568
-0.602097 3.042659
-0.601097 3.042751
-0.600097 3.042842
-0.599097 3.042935
-0.598097 3.043027
-0.597097 3.043121
-0.596097 3.043215
-0.595097 3.043309
-0.594097 3.043404
-0.593097 3.043499
-0.592097 3.043595
-0.591097 3.043691
-0.590097 3.043788
-0.589097 3.043885
-0.588097 3.043863
-0.587097 3.043766
-0.586097 3.043669
-0.585097 3.043573
-0.584097 3.043478
-0.583097 3.043383
-0.582097 3.043288
-0.581097 3.043194
-0.580097 3.043100
-0.579097 3.043007
-0.578097 3.042914
-0.577097 3.042822
-0.576097 3.042730
-0.575097 3.042639
-0.574097 3.042548
-0.573097 3.042458
-0.572097 3.042368
-0.571097 3.042279
-0.570097 3.042190
-0.569097 3.042102
-0.568097 3.042014
-0.567097 3.041927
-0.566097 3.041840
-0.565097 3.041754
-0.564097 3.041668
-0.563097 3.041583
-0.562097 3.041498
-0.561097 3.041413
-0.560097 3.041330
-0.559097 3.041246
-0.558097 3.041163
-0.557097 3.041081
-0.556097 3.040999
-0.555097 3.040918
-0.554097 3.040837
-0.553097 3.040757
-0.552097 3.040677
-0.551097 3.040597
-0.550097 3.040518
-0.549097 3.040440
-0.548097 3.040362
-0.547097 3.040285
-0.546097 3.040208
-0.545097 3.040131
-0.544097 3.040055
-0.543097 3.039980
-0.542097 3.039905
-0.541097 3.039830
-0.540097 3.039756
-0.539097 3.039683
-0.538097 3.039610
-0.537097 3.039537
-0.536097 3.039465
-0.535097 3.039394
-0.534097 3.039323
-0.533097 3.039252
-0.532097 3.039182
-0.531097 3.039113
-0.530097 3.039044
-0.529097 3.038975
-0.528097 3.038907
-0.527097 3.038840
-0.526097 3.038773
-0.525097 3.038706
-0.524097 3.038640
-0.523097 3.038575
-0.522097 3.038510
-0.521097 3.038445
-0.520097 3.038381
-0.519097 3.038317
-0.518097 3.038254
-0.517097 3.038192
-0.516097 3.038130
-0.515097 3.038068
-0.514097 3.038007
-0.513097 3.037946
-0.512097 3.037886
-0.511097 3.037827
-0.510097 3.037768
-0.509097 3.037709
-0.508097 3.037651
-0.507097 3.037593
-0.506097 3.037536
-0.505097 3.037480
-0.504097 3.037423
-0.503097 3.037368
-0.502097 3.037313
-0.501097 3.037258
-0.500097 3.037204
-0.499097 3.037150
-0.498097 3.037097
-0.497097 3.037044
-0.496097 3.036992
-0.495097 3.036941
-0.494097 3.036890
-0.493097 3.036839
-0.492097 3.036789
-0.491097 3.036739
-0.490097 3.036690
-0.489097 3.036641
-0.488097 3.036593
-0.487097 3.036545
-0.486097 3.036498
-0.485097 3.036452
-0.484097 3.036405
-0.483097 3.036360
-0.482097 3.036315
-0.481097 3.036270
-0.480097 3.036226
-0.479097 3.036182
-0.478097 3.036139
-0.477097 3.036096
-0.476097 3.036054
-0.475097 3.036012
-0.474097 3.035971
-0.473097 3.035930
-0.472097 3.035890
-0.471097 3.035850
-0.470097 3.035811
-0.469097 3.035773
-0.468097 3.035734
-0.467097 3.035697
-0.466097 3.035659
-0.465097 3.035623
-0.464097 3.035587
-0.463097 3.035551
-0.462097 3.035516
-0.461097 3.035481
-0.460097 3.035447
-0.459097 3.035413
-0.458097 3.035380
-0.457097 3.035347
-0.456097 3.035315
-0.455097 3.035283
-0.454097 3.035252
-0.453097 3.035221
-0.452097 3.035191
-0.451097 3.035161
-0.450097 3.035132
-0.449097 3.035103
-0.448097 3.035075
-0.447097 3.035047
-0.446097 3.035020
-0.445097 3.034993
-0.444097 3.034967
-0.443097 3.034941
-0.442097 3.034916
-0.441097 3.034891
-0.440097 3.034867
-0.439097 3.034843
-0.438097 3.034820
-0.437097 3.034797
-0.436097 3.034775
-0.435097 3.034754
-0.434097 3.034732
-0.433097 3.034712
-0.432097 3.034691
-0.431097 3.034672
-0.430097 3.034652
-0.429097 3.034634
-0.428097 3.034615
-0.427097 3.034598
-0.426097 3.034580
-0.425097 3.034564
-0.424097 3.034547
-0.423097 3.034532
-0.422097 3.034516
-0.421097 3.034502
-0.420097 3.034487
-0.419097 3.034474
-0.418097 3.034460
-0.417097 3.034448
-0.416097 3.034436
-0.415097 3.034424
-0.414097 3.034413
-0.413097 3.034402
-0.412097 3.034392
-0.411097 3.034382
-0.410097 3.034373
-0.409097 3.034364
-0.408097 3.034356
-0.407097 3.034348
-0.406097 3.034341
-0.405097 3.034334
-0.404097 3.034328
-0.403097 3.034322
-0.402097 3.034317
-0.401097 3.034312
-0.400097 3.034308
-0.399097 3.034304
-0.398097 3.034301
-0.397097 3.034298
-0.396097 3.034296
-0.395097 3.034294
-0.394097 3.034293
-0.393097 3.034292
-0.392097 3.034292
-0.391097 3.034292
-0.390097 3.034293
-0.389097 3.034294
-0.388097 3.034296
-0.387097 3.034298
-0.386097 3.034301
-0.385097 3.034304
-0.384097 3.034308
-0.383097 3.034312
-0.382097 3.034317
-0.381097 3.034322
-0.380097 3.034328
-0.379097 3.034334
-0.378097 3.034341
-0.377097 3.034348
-0.376097 3.034356
-0.375097 3.034364
-0.374097 3.034373
-0.373097 3.034382
-0.372097 3.034392
-0.371097 3.034402
-0.370097 3.034413
-0.369097 3.034424
-0.368097 3.034436
-0.367097 3.034448
-0.366097 3.034461
-0.365097 3.034474
-0.364097 3.034488
-0.363097 3.034502
-0.362097 3.034517
-0.361097 3.034532
-0.360097 3.034548
-0.359097 3.034564
-0.358097 3.034581
-0.357097 3.034598
-0.356097 3.034616
-0.355097 3.034634
-0.354097 3.034653
-0.353097 3.034672
-0.352097 3.034692
-0.351097 3.034712
-0.350097 3.034733
-0.349097 3.034754
-0.348097 3.034776
-0.347097 3.034798
-0.346097 3.034821
-0.345097 3.034844
-0.344097 3.034868
-0.343097 3.034892
-0.342097 3.034917
-0.341097 3.034942
-0.340097 3.034968
-0.339097 3.034994
-0.338097 3.035021
-0.337097 3.035048
-0.336097 3.035076
-0.335097 3.035104
-0.334097 3.035133
-0.333097 3.035162
-0.332097 3.035192
-0.331097 3.035222
-0.330097 3.035253
-0.329097 3.035284
-0.328097 3.035316
-0.327097 3.035348
-0.326097 3.035381
-0.325097 3.035414
-0.324097 3.035448
-0.323097 3.035482
-0.322097 3.035517
-0.321097 3.035552
-0.320097 3.035588
-0.319097 3.035624
-0.318097 3.035661
-0.317097 3.035698
-0.316097 3.035736
-0.315097 3.035774
-0.314097 3.035813
-0.313097 3.035852
-0.312097 3.035892
-0.311097 3.035932
-0.310097 3.035973
-0.309097 3.036014
-0.308097 3.036055
-0.307097 3.036098
-0.306097 3.036140
-0.305097 3.036184
-0.304097 3.036227
-0.303097 3.036271
-0.302097 3.036316
-0.301097 3.036361
-0.300097 3.036407
-0.299097 3.036453
-0.298097 3.036500
-0.297097 3.036547
-0.296097 3.036595
-0.295097 3.036643
-0.294097 3.036681
-0.293097 3.036632
-0.292097 3.036584
-0.291097 3.036537
-0.290097 3.036490
-0.289097 3.036443
-0.288097 3.036397
-0.287097 3.036351
-0.286097 3.036306
-0.285097 3.036262
-0.284097 3.036218
-0.283097 3.036174
-0.282097 3.036131
-0.281097 3.036088
-0.280097 3.036046
-0.279097 3.036005
-0.278097 3.035963
-0.277097 3.035923
-0.276097 3.035883
-0.275097 3.035843
-0.274097 3.035804
-0.273097 3.035765
-0.272097 3.035727
-0.271097 3.035690
-0.270097 3.035653
-0.269097 3.035616
-0.268097 3.035580
-0.267097 3.035544
-0.266097 3.035509
-0.265097 3.035475
-0.264097 3.035440
-0.263097 3.035407
-0.262097 3.035374
-0.261097 3.035341
-0.260097 3.035309
-0.259097 3.035277
-0.258097 3.035246
-0.257097 3.035215
-0.256097 3.035185
-0.255097 3.035156
-0.254097 3.035127
-0.253097 3.035098
-0.252097 3.035070
-0.251097 3.035042
-0.250097 3.035015
-0.249097 3.034988
-0.248097 3.034962
-0.247097 3.034937
-0.246097 3.034912
-0.245097 3.034887
-0.244097 3.034863
-0.243097 3.034839
-0.242097 3.034816
-0.241097 3.034793
-0.240097 3.034771
-0.239097 3.034750
-0.238097 3.034728
-0.237097 3.034708
-0.236097 3.034688
-0.235097 3.034668
-0.234097 3.034649
-0.233097 3.034630
-0.232097 3.034612
-0.231097 3.034594
-0.230097 3.034577
-0.229097 3.034561
-0.228097 3.034544
-0.227097 3.034529
-0.226097 3.034514
-0.225097 3.034499
-0.224097 3.034485
-0.223097 3.034471
-0.222097 3.034458
-0.221097 3.034445
-0.220097 3.034433
-0.219097 3.034422
-0.218097 3.034411
-0.217097 3.034400
-0.216097 3.034390
-0.215097 3.034380
-0.214097 3.034371
-0.213097 3.034362
-0.212097 3.034354
-0.211097 3.034346
-0.210097 3.034339
-0.209097 3.034333
-0.208097 3.034327
-0.207097 3.034321
-0.206097 3.034316
-0.205097 3.034311
-0.204097 3.034307
-0.203097 3.034303
-0.202097 3.034300
-0.201097 3.034297
-0.200097 3.034295
-0.199097 3.034294
-0.198097 3.034293
-0.197097 3.034292
-0.196097 3.034292
-0.195097 3.034292
-0.194097 3.034293
-0.193097 3.034294
-0.192097 3.034296
-0.191097 3.034299
-0.190097 3.034301
-0.189097 3.034305
-0.188097 3.034309
-0.187097 3.034313
-0.186097 3.034318
-0.185097 3.034323
-0.184097 3.034329
-0.183097 3.034335
-0.182097 3.034342
-0.181097 3.034350
-0.180097 3.034357
-0.179097 3.034366
-0.178097 3.034375
-0.177097 3.034384
-0.176097 3.034394
-0.175097 3.034404
-0.174097 3.034415
-0.173097 3.034426
-0.172097 3.034438
-0.171097 3.034451
-0.170097 3.034463
-0.169097 3.034477
-0.168097 3.034491
-0.167097 3.034505
-0.166097 3.034520
-0.165097 3.034535
-0.164097 3.034551
-0.163097 3.034567
-0.162097 3.034584
-0.161097 3.034602
-0.160097 3.034619
-0.159097 3.034638
-0.158097 3.034657
-0.157097 3.034676
-0.156097 3.034696
-0.155097 3.034716
-0.154097 3.034737
-0.153097 3.034758
-0.152097 3.034780
-0.151097 3.034802
-0.150097 3.034825
-0.149097 3.034849
-0.148097 3.034873
-0.147097 3.034897
-0.146097 3.034922
-0.145097 3.034947
-0.144097 3.034973
-0.143097 3.034999
-0.142097 3.035026
-0.141097 3.035053
-0.140097 3.035081
-0.139097 3.035110
-0.138097 3.035138
-0.137097 3.035168
-0.136097 3.035198
-0.135097 3.035228
-0.134097 3.035259
-0.133097 3.035290
-0.132097 3.035322
-0.131097 3.035354
-0.130097 3.035387
-0.129097 3.035420
-0.128097 3.035454
-0.127097 3.035489
-0.126097 3.035523
-0.125097 3.035559
-0.124097 3.035595
-0.123097 3.035631
-0.122097 3.035668
-0.121097 3.035705
-0.120097 3.035743
-0.119097 3.035781
-0.118097 3.035820
-0.117097 3.035859
-0.116097 3.035899
-0.115097 3.035939
-0.114097 3.035980
-0.113097 3.036021
-0.112097 3.036063
-0.111097 3.036106
-0.110097 3.036148
-0.109097 3.036192
-0.108097 3.036235
-0.107097 3.036280
-0.106097 3.036325
-0.105097 3.036370
-0.104097 3.036416
-0.103097 3.036462
-0.102097 3.036509
-0.101097 3.036556
-0.100097 3.036604
-0.099097 3.036652
-0.098097 3.036701
-0.097097 3.036750
-0.096097 3.036800
-0.095097 3.036850
-0.094097 3.036901
-0.093097 3.036952
-0.092097 3.037004
-0.091097 3.037056
-0.090097 3.037109
-0.089097 3.037162
-0.088097 3.037216
-0.087097 3.037270
-0.086097 3.037325
-0.085097 3.037380
-0.084097 3.037436
-0.083097 3.037492
-0.082097 3.037549
-0.081097 3.037606
-0.080097 3.037664
-0.079097 3.037722
-0.078097 3.037781
-0.077097 3.037840
-0.076097 3.037900
-0.075097 3.037960
-0.074097 3.038021
-0.073097 3.038082
-0.072097 3.038143
-0.071097 3.038206
-0.070097 3.038268
-0.069097 3.038331
-0.068097 3.038395
-0.067097 3.038459
-0.066097 3.038524
-0.065097 3.038589
-0.064097 3.038655
-0.063097 3.038721
-0.062097 3.038788
-0.061097 3.038855
-0.060097 3.038922
-0.059097 3.038991
-0.058097 3.039059
-0.057097 3.039128
-0.056097 3.039198
-0.055097 3.039268
-0.054097 3.039339
-0.053097 3.039410
-0.052097 3.039481
-0.051097 3.039554
-0.050097 3.039626
-0.049097 3.039699
-0.048097 3.039773
-0.047097 3.039847
-0.046097 3.039921
-0.045097 3.039996
-0.044097 3.040072
-0.043097 3.040148
-0.042097 3.040225
-0.041097 3.040302
-0.040097 3.040379
-0.039097 3.040457
-0.038097 3.040536
-0.037097 3.040615
-0.036097 3.040694
-0.035097 3.040774
-0.034097 3.040855
-0.033097 3.040936
-0.032097 3.041017
-0.031097 3.041099
-0.030097 3.041182
-0.029097 3.041265
-0.028097 3.041348
-0.027097 3.041432
-0.026097 3.041517
-0.025097 3.041602
-0.024097 3.041687
-0.023097 3.041773
-0.022097 3.041859
-0.021097 3.041946
-0.020097 3.042034
-0.019097 3.042121
-0.018097 3.042210
-0.017097 3.042299
-0.016097 3.042388
-0.015097 3.042478
-0.014097 3.042568
-0.013097 3.042659
-0.012097 3.042751
-0.011097 3.042842
-0.010097 3.042935
-0.009097 3.043027
-0.008097 3.043121
-0.007097 3.043215
-0.006097 3.043309
-0.005097 3.043404
-0.004097 3.043499
-0.003097 3.043595
-0.002097 3.043691
-0.001097 3.043788
-0.000097 3.043885
0.000903 3.043863
0.001903 3.043766
0.002903 3.043669
0.003903 3.043573
0.004903 3.043478
0.005903 3.043383
0.006903 3.043288
0.007903 3.043194
0.008903 3.043100
0.009903 3.043007
0.010903 3.042914
0.011903 3.042822
0.012903 3.042730
0.013903 3.042639
0.014903 3.042548
0.015903 3.042458
0.016903 3.042368
0.017903 3.042279
0.018903 3.042190
0.019903 3.042102
0.020903 3.042014
0.021903 3.041927
0.022903 3.041840
0.023903 3.041754
0.024903 3.041668
0.025903 3.041583
0.026903 3.041498
0.027903 3.041413
0.028903 3.041330
0.029903 3.041246
0.030903 3.041163
0.031903 3.041081
0.032903 3.040999
0.033903 3.040918
0.034903 3.040837
0.035903 3.040757
0.036903 3.040677
0.037903 3.040597
0.038903 3.040518
0.039903 3.040440
0.040903 3.040362
0.041903 3.040285
0.042903 3.040208
0.043903 3.040131
0.044903 3.040055
0.045903 3.039980
0.046903 3.039905
0.047903 3.039830
0.048903 3.039756
0.049903 3.039683
0.050903 3.039610
0.051903 3.039537
0.052903 3.039465
0.053903 3.039394
0.054903 3.039323
0.055903 3.039252
0.056903 3.039182
0.057903 3.039113
0.058903 3.039044
0.059903 3.038975
0.060903 3.038907
0.061903 3.038840
0.062903 3.038773
0.063903 3.038706
0.064903 3.038640
0.065903 3.038575
0.066903 3.038510
0.067903 3.038445
0.068903 3.038381
0.069903 3.038317
0.070903 3.038254
0.071903 3.038192
0.072903 3.038130
0.073903 3.038068
0.074903 3.038007
0.075903 3.037946
0.076903 3.037886
0.077903 3.037827
0.078903 3.037768
0.079903 3.037709
0.080903 3.037651
0.081903 3.037593
0.082903 3.037536
0.083903 3.037480
0.084903 3.037423
0.085903 3.037368
0.086903 3.037313
0.087903 3.037258
0.088903 3.037204
0.089903 3.037150
0.090903 3.037097
0.091903 3.037044
0.092903 3.036992
0.093903 3.036941
0.094903 3.036890
0.095903 3.036839
0.096903 3.036789
0.097903 3.036739
0.098903 3.036690
0.099903 3.036641
0.100903 3.036593
0.101903 3.036545
0.102903 3.036498
0.103903 3.036452
0.104903 3.036405
0.105903 3.036360
0.106903 3.036315
0.107903 3.036270
0.108903 3.036226
0.109903 3.036182
0.110903 3.036139
0.111903 3.036096
0.112903 3.036054
0.113903 3.036012
0.114903 3.035971
0.115903 3.035930
0.116903 3.035890
0.117903 3.035850
0.118903 3.035811
0.119903 3.035773
0.120903 3.035734
0.121903 3.035697
0.122903 3.035659
0.123903 3.035623
0.124903 3.035587
0.125903 3.035551
0.126903 3.035516
0.127903 3.035481
0.128903 3.035447
0.129903 3.035413
0.130903 3.035380
0.131903 3.035347
0.132903 3.035315
0.133903 3.035283
0.134903 3.035252
0.135903 3.035221
0.136903 3.035191
0.137903 3.035161
0.138903 3.035132
0.139903 3.035103
0.140903 3.035075
0.141903 3.035047
0.142903 3.035020
0.143903 3.034993
0.144903 3.034967
0.145903 3.034941
0.146903 3.034916
0.147903 3.034891
0.148903 3.034867
0.149903 3.034843
0.150903 3.034820
0.151903 3.034797
0.152903 3.034775
0.153903 3.034754
0.154903 3.034732
0.155903 3.034712
0.156903 3.034691
0.157903 3.034672
0.158903 3.034652
0.159903 3.034634
0.160903 3.034615
0.161903 3.034598
0.162903 3.034580
0.163903 3.034564
0.164903 3.034547
0.165903 3.034532
0.166903 3.034516
0.167903 3.034502
0.168903 3.034487
0.169903 3.034474
0.170903 3.034460
0.171903 3.034448
0.172903 3.034436
0.173903 3.034424
0.174903 3.034413
0.175903 3.034402
0.176903 3.034392
0.177903 3.034382
0.178903 3.034373
0.179903 3.034364
0.180903 3.034356
0.181903 3.034348
0.182903 3.034341
0.183903 3.034334
0.184903 3.034328
0.185903 3.034322
0.186903 3.034317
0.187903 3.034312
0.188903 3.034308
0.189903 3.034304
0.190903 3.034301
0.191903 3.034298
0.192903 3.034296
0.193903 3.034294
0.194903 3.034293
0.195903 3.034292
0.196903 3.034292
0.197903 3.034292
0.198903 3.034293
0.199903 3.034294
0.200903 3.034296
0.201903 3.034298
0.202903 3.034301
0.203903 3.034304
0.204903 3.034308
0.205903 3.034312
0.206903 3.034317
0.207903 3.034322
0.208903 3.034328
0.209903 3.034334
0.210903 3.034341
0.211903 3.034348
0.212903 3.034356
0.213903 3.034364
0.214903 3.034373
0.215903 3.034382
0.216903 3.034392
0.217903 3.034402
0.218903 3.034413
0.219903 3.034424
0.220903 3.034436
0.221903 3.034448
0.222903 3.034461
0.223903 3.034474
0.224903 3.034488
0.225903 3.034502
0.226903 3.034517
0.227903 3.034532
0.228903 3.034548
0.229903 3.034564
0.230903 3.034581
0.231903 3.034598
0.232903 3.034616
0.233903 3.034634
0.234903 3.034653
0.235903 3.034672
0.236903 3.034692
0.237903 3.034712
0.238903 3.034733
0.239903 3.034754
0.240903 3.034776
0.241903 3.034798
0.242903 3.034821
0.243903 3.034844
0.244903 3.034868
0.245903 3.034892
0.246903 3.034917
0.247903 3.034942
0.248903 3.034968
0.249903 3.034994
0.250903 3.035021
0.251903 3.035048
0.252903 3.035076
0.253903 3.035104
0.254903 3.035133
0.255903 3.035162
0.256903 3.035192
0.257903 3.035222
0.258903 3.035253
0.259903 3.035284
0.260903 3.035316
0.261903 3.035348
0.262903 3.035381
0.263903 3.035414
0.264903 3.035448
0.265903 3.035482
0.266903 3.035517
0.267903 3.035552
0.268903 3.035588
0.269903 3.035624
0.270903 3.035661
0.271903 3.035698
0.272903 3.035736
0.273903 3.035774
0.274903 3.035813
0.275903 3.035852
0.276903 3.035892
0.277903 3.035932
0.278903 3.035973
0.279903 3.036014
0.280903 3.036055
0.281903 3.036098
0.282903 3.036140
0.283903 3.036184
0.284903 3.036227
0.285903 3.036271
0.286903 3.036316
0.287903 3.036361
0.288903 3.036407
0.289903 3.036453
0.290903 3.036500
0.291903 3.036547
0.292903 3.036595
0.293903 3.036643
0.294903 3.036681
0.295903 3.036632
0.296903 3.036584
0.297903 3.036537
0.298903 3.036490
0.299903 3.036443
0.300903 3.036397
0.301903 3.036351
0.302903 3.036306
0.303903 3.036262
0.304903 3.036218
0.305903 3.036174
0.306903 3.036131
0.307903 3.036088
0.308903 3.036046
0.309903 3.036005
0.310903 3.035963
0.311903 3.035923
0.312903 3.035883
0.313903 3.035843
0.314903 3.035804
0.315903 3.035765
0.316903 3.035727
0.317903 3.035690
0.318903 3.035653
0.319903 3.035616
0.320903 3.035580
0.321903 3.035544
0.322903 3.035509
0.323903 3.035475
0.324903 3.035440
0.325903 3.035407
0.326903 3.035374
0.327903 3.035341
0.328903 3.035309
0.329903 3.035277
0.330903 3.035246
0.331903 3.035215
0.332903 3.035185
0.333903 3.035156
0.334903 3.035127
0.335903 3.035098
0.336903 3.035070
0.337903 3.035042
0.338903 3.035015
0.339903 3.034988
0.340903 3.034962
0.341903 3.034937
0.342903 3.034912
0.343903 3.034887
0.344903 3.034863
0.345903 3.034839
0.346903 3.034816
0.347903 3.034793
0.348903 3.034771
0.349903 3.034750
0.350903 3.034728
0.351903 3.034708
0.352903 3.034688
0.353903 3.034668
0.354903 3.034649
0.355903 3.034630
0.356903 3.034612
0.357903 3.034594
0.358903 3.034577
0.359903 3.034561
0.360903 3.034544
0.361903 3.034529
0.362903 3.034514
0.363903 3.034499
0.364903 3.034485
0.365903 3.034471
0.366903 3.034458
0.367903 3.034445
0.368903 3.034433
0.369903 3.034422
0.370903 3.034411
0.371903 3.034400
0.372903 3.034390
0.373903 3.034380
0.374903 3.034371
0.375903 3.034362
0.376903 3.034354
0.377903 3.034346
0.378903 3.034339
0.379903 3.034333
0.380903 3.034327
0.381903 3.034321
0.382903 3.034316
0.383903 3.034311
0.384903 3.034307
0.385903 3.034303
0.386903 3.034300
0.387903 3.034297
0.388903 3.034295
0.389903 3.034294
0.390903 3.034293
0.391903 3.034292
0.392903 3.034292
0.393903 3.034292
0.394903 3.034293
0.395903 3.034294
0.396903 3.034296
0.397903 3.034299
0.398903 3.034301
0.399903 3.034305
0.400903 3.034309
0.401903 3.034313
0.402903 3.034318
0.403903 3.034323
0.404903 3.034329
0.405903 3.034335
0.406903 3.034342
0.407903 3.034350
0.408903 3.034357
0.409903 3.034366
0.410903 3.034375
0.411903 3.034384
0.412903 3.034394
0.413903 3.034404
0.414903 3.034415
0.415903 3.034426
0.416903 3.034438
0.417903 3.034451
0.418903 3.034463
0.419903 3.034477
0.420903 3.034491
0.421903 3.034505
0.422903 3.034520
0.423903 3.034535
0.424903 3.034551
0.425903 3.034567
0.426903 3.034584
0.427903 3.034602
0.428903 3.034619
0.429903 3.034638
0.430903 3.034657
0.431903 3.034676
0.432903 3.034696
0.433903 3.034716
0.434903 3.034737
0.435903 3.034758
0.436903 3.034780
0.437903 3.034802
0.438903 3.034825
0.439903 3.034849
0.440903 3.034873
0.441903 3.034897
0.442903 3.034922
0.443903 3.034947
0.444903 3.034973
0.445903 3.034999
0.446903 3.035026
0.447903 3.035053
0.448903 3.035081
0.449903 3.035110
0.450903 3.035138
0.451903 3.035168
0.452903 3.035198
0.453903 3.035228
0.454903 3.035259
0.455903 3.035290
0.456903 3.035322
0.457903 3.035354
0.458903 3.035387
0.459903 3.035420
0.460903 3.035454
0.461903 3.035489
0.462903 3.035523
0.463903 3.035559
0.464903 3.035595
0.465903 3.035631
0.466903 3.035668
0.467903 3.035705
0.468903 3.035743
0.469903 3.035781
0.470903 3.035820
0.471903 3.035859
0.472903 3.035899
0.473903 3.035939
0.474903 3.035980
0.475903 3.036021
0.476903 3.036063
0.477903 3.036106
0.478903 3.036148
0.479903 3.036192
0.480903 3.036235
0.481903 3.036280
0.482903 3.036325
0.483903 3.036370
0.484903 3.036416
0.485903 3.036462
0.486903 3.036509
0.487903 3.036556
0.488903 3.036604
0.489903 3.036652
0.490903 3.036701
0.491903 3.036750
0.492903 3.036800
0.493903 3.036850
0.494903 3.036901
0.495903 3.036952
0.496903 3.037004
0.497903 3.037056
0.498903 3.037109
0.499903 3.037162
0.500903 3.037216
0.501903 3.037270
0.502903 3.037325
0.503903 3.037380
0.504903 3.037436
0.505903 3.037492
0.506903 3.037549
0.507903 3.037606
0.508903 3.037664
0.509903 3.037722
0.510903 3.037781
0.511903 3.037840
0.512903 3.037900
0.513903 3.037960
0.514903 3.038021
0.515903 3.038082
0.516903 3.038143
0.517903 3.038206
0.518903 3.038268
0.519903 3.038331
0.520903 3.038395
0.521903 3.038459
0.522903 3.038524
0.523903 3.038589
0.524903 3.038655
0.525903 3.038721
0.526903 3.038788
0.527903 3.038855
0.528903 3.038922
0.529903 3.038991
0.530903 3.039059
0.531903 3.039128
0.532903 3.039198
0.533903 3.039268
0.534903 3.039339
0.535903 3.039410
0.536903 3.039481
0.537903 3.039554
0.538903 3.039626
0.539903 3.039699
0.540903 3.039773
0.541903 3.039847
0.542903 3.039921
0.543903 3.039996
0.544903 3.040072
0.545903 3.040148
0.546903 3.040225
0.547903 3.040302
0.548903 3.040379
0.549903 3.040457
0.550903 3.040536
0.551903 3.040615
0.552903 3.040694
0.553903 3.040774
0.554903 3.040855
0.555903 3.040936
0.556903 3.041017
0.557903 3.041099
0.558903 3.041182
0.559903 3.041265
0.560903 3.041348
0.561903 3.041432
0.562903 3.041517
0.563903 3.041602
0.564903 3.041687
0.565903 3.041773
0.566903 3.041859
0.567903 3.041946
0.568903 3.042034
0.569903 3.042121
0.570903 3.042210
0.571903 3.042299
0.572903 3.042388
0.573903 3.042478
0.574903 3.042568
0.575903 3.042659
0.576903 3.042751
0.577903 3.042842
0.578903 3.042935
0.579903 3.043027
0.580903 3.043121
0.581903 3.043215
0.582903 3.043309
0.583903 3.043404
0.584903 3.043499
0.585903 3.043595
0.586903 3.043691
0.587903 3.043788
0.588903 3.043885
0.589903 3.043863
0.590903 3.043766
0.591903 3.043669
0.592903 3.043573
0.593903 3.043478
0.594903 3.043383
0.595903 3.043288
0.596903 3.043194
0.597903 3.043100
0.598903 3.043007
0.599903 3.042914
0.600903 3.042822
0.601903 3.042730
0.602903 3.042639
0.603903 3.042548
0.604903 3.042458
0.605903 3.042368
0.606903 3.042279
0.607903 3.042190
0.608903 3.042102
0.609903 3.042014
0.610903 3.041927
0.611903 3.041840
0.612903 3.041754
0.613903 3.041668
0.614903 3.041583
0.615903 3.041498
0.616903 3.041413
0.617903 3.041330
0.618903 3.041246
0.619903 3.041163
0.620903 3.041081
0.621903 3.040999
0.622903 3.040918
0.623903 3.040837
0.624903 3.040757
0.625903 3.040677
0.626903 3.040597
0.627903 3.040518
0.628903 3.040440
0.629903 3.040362
0.630903 3.040285
0.631903 3.040208
0.632903 3.040131
0.633903 3.040055
0.634903 3.039980
0.635903 3.039905
0.636903 3.039830
0.637903 3.039756
0.638903 3.039683
0.639903 3.039610
0.640903 3.039537
0.641903 3.039465
0.642903 3.039394
0.643903 3.039323
0.644903 3.039252
0.645903 3.039182
0.646903 3.039113
0.647903 3.039044
0.648903 3.038975
0.649903 3.038907
0.650903 3.038840
0.651903 3.038773
0.652903 3.038706
0.653903 3.038640
0.654903 3.038575
0.655903 3.038510
0.656903 3.038445
0.657903 3.038381
0.658903 3.038317
0.659903 3.038254
0.660903 3.038192
0.661903 3.038130
0.662903 3.038068
0.663903 3.038007
0.664903 3.037946
0.665903 3.037886
0.666903 3.037827
0.667903 3.037768
0.668903 3.037709
0.669903 3.037651
0.670903 3.037593
0.671903 3.037536
0.672903 3.037480
0.673903 3.037423
0.674903 3.037368
0.675903 3.037313
0.676903 3.037258
0.677903 3.037204
0.678903 3.037150
0.679903 3.037097
0.680903 3.037044
0.681903 3.036992
0.682903 3.036941
0.683903 3.036890
0.684903 3.036839
0.685903 3.036789
0.686903 3.036739
0.687903 3.036690
0.688903 3.036641
0.689903 3.036593
0.690903 3.036545
0.691903 3.036498
0.692903 3.036452
0.693903 3.036405
0.694903 3.036360
0.695903 3.036315
0.696903 3.036270
0.697903 3.036226
0.698903 3.036182
0.699903 3.036139
0.700903 3.036096
0.701903 3.036054
0.702903 3.036012
0.703903 3.035971
0.704903 3.035930
0.705903 3.035890
0.706903 3.035850
0.707903 3.035811
0.708903 3.035773
0.709903 3.035734
0.710903 3.035697
0.711903 3.035659
0.712903 3.035623
0.713903 3.035587
0.714903 3.035551
0.715903 3.035516
0.716903 3.035481
0.717903 3.035447
0.718903 3.035413
0.719903 3.035380
0.720903 3.035347
0.721903 3.035315
0.722903 3.035283
0.723903 3.035252
0.724903 3.035221
0.725903 3.035191
0.726903 3.035161
0.727903 3.035132
0.728903 3.035103
0.729903 3.035075
0.730903 3.035047
0.731903 3.035020
0.732903 3.034993
0.733903 3.034967
0.734903 3.034941
0.735903 3.034916
0.736903 3.034891
0.737903 3.034867
0.738903 3.034843
0.739903 3.034820
0.740903 3.034797
0.741903 3.034775
0.742903 3.034754
0.743903 3.034732
0.744903 3.034712
0.745903 3.034691
0.746903 3.034672
0.747903 3.034652
0.748903 3.034634
0.749903 3.034615
0.750903 3.034598
0.751903 3.034580
0.752903 3.034564
0.753903 3.034547
0.754903 3.034532
0.755903 3.034516
0.756903 3.034502
0.757903 3.034487
0.758903 3.034474
0.759903 3.034460
0.760903 3.034448
0.761903 3.034436
0.762903 3.034424
0.763903 3.034413
0.764903 3.034402
0.765903 3.034392
0.766903 3.034382
0.767903 3.034373
0.768903 3.034364
0.769903 3.034356
0.770903 3.034348
0.771903 3.034341
0.772903 3.034334
0.773903 3.034328
0.774903 3.034322
0.775903 3.034317
0.776903 3.034312
0.777903 3.034308
0.778903 3.034304
0.779903 3.034301
0.780903 3.034298
0.781903 3.034296
0.782903 3.034294
0.783903 3.034293
0.784903 3.034292
0.785903 3.034292
0.786903 3.034292
0.787903 3.034293
0.788903 3.034294
0.789903 3.034296
0.790903 3.034298
0.791903 3.034301
0.792903 3.034304
0.793903 3.034308
0.794903 3.034312
0.795903 3.034317
0.796903 3.034322
0.797903 3.034328
0.798903 3.034334
0.799903 3.034341
0.800903 3.034348
0.801903 3.034356
0.802903 3.034364
0.803903 3.034373
0.804903 3.034382
0.805903 3.034392
0.806903 3.034402
0.807903 3.034413
0.808903 3.034424
0.809903 3.034436
0.810903 3.034448
0.811903 3.034461
0.812903 3.034474
0.813903 3.034488
0.814903 3.034502
0.815903 3.034517
0.816903 3.034532
0.817903 3.034548
0.818903 3.034564
0.819903 3.034581
0.820903 3.034598
0.821903 3.034616
0.822903 3.034634
0.823903 3.034653
0.824903 3.034672
0.825903 3.034692
0.826903 3.034712
0.827903 3.034733
0.828903 3.034754
0.829903 3.034776
0.830903 3.034798
0.831903 3.034821
0.832903 3.034844
0.833903 3.034868
0.834903 3.034892
0.835903 3.034917
0.836903 3.034942
0.837903 3.034968
0.838903 3.034994
0.839903 3.035021
0.840903 3.035048
0.841903 3.035076
0.842903 3.035104
0.843903 3.035133
0.844903 3.035162
0.845903 3.035192
0.846903 3.035222
0.847903 3.035253
0.848903 3.035284
0.849903 3.035316
0.850903 3.035348
0.851903 3.035381
0.852903 3.035414
0.853903 3.035448
0.854903 3.035482
0.855903 3.035517
0.856903 3.035552
0.857903 3.035588
0.858903 3.035624
0.859903 3.035661
0.860903 3.035698
0.861903 3.035736
0.862903 3.035774
0.863903 3.035813
0.864903 3.035852
0.865903 3.035892
0.866903 3.035932
0.867903 3.035973
0.868903 3.036014
0.869903 3.036055
0.870903 3.036098
0.871903 3.036140
0.872903 3.036184
0.873903 3.036227
0.874903 3.036271
0.875903 3.036316
0.876903 3.036361
0.877903 3.036407
0.878903 3.036453
0.879903 3.036500
0.880903 3.036547
0.881903 3.036595
0.882903 3.036643
0.883903 3.036692
0.884903 3.036741
0.885903 3.036791
0.886903 3.036841
0.887903 3.036891
0.888903 3.036943
0.889903 3.036994
0.890903 3.037046
0.891903 3.037099
0.892903 3.037152
0.893903 3.037206
0.894903 3.037260
0.895903 3.037315
0.896903 3.037370
0.897903 3.037425
0.898903 3.037482
0.899903 3.037538
0.900903 3.037595
0.901903 3.037653
0.902903 3.037711
0.903903 3.037770
0.904903 3.037829
0.905903 3.037889
0.906903 3.037949
0.907903 3.038009
0.908903 3.038070
0.909903 3.038132
0.910903 3.038194
0.911903 3.038257
0.912903 3.038320
0.913903 3.038383
0.914903 3.038447
0.915903 3.038512
0.916903 3.038577
0.917903 3.038643
0.918903 3.038709
0.919903 3.038775
0.920903 3.038842
0.921903 3.038910
0.922903 3.038978
0.923903 3.039046
0.924903 3.039115
0.925903 3.039185
0.926903 3.039255
0.927903 3.039326
0.928903 3.039397
0.929903 3.039468
0.930903 3.039540
0.931903 3.039613
0.932903 3.039686
0.933903 3.039759
0.934903 3.039833
0.935903 3.039908
0.936903 3.039983
0.937903 3.040058
0.938903 3.040134
0.939903 3.040210
0.940903 3.040287
0.941903 3.040365
0.942903 3.040443
0.943903 3.040521
0.944903 3.040600
0.945903 3.040680
0.946903 3.040759
0.947903 3.040840
0.948903 3.040921
0.949903 3.041002
0.950903 3.041084
0.951903 3.041166
0.952903 3.041249
0.953903 3.041333
0.954903 3.041417
0.955903 3.041501
0.956903 3.041586
0.957903 3.041671
0.958903 3.041757
0.959903 3.041843
0.960903 3.041930
0.961903 3.042017
0.962903 3.042105
0.963903 3.042193
0.964903 3.042282
0.965903 3.042372
0.966903 3.042461
0.967903 3.042552
0.968903 3.042642
0.969903 3.042734
0.970903 3.042825
0.971903 3.042918
0.972903 3.043010
0.973903 3.043103
0.974903 3.043197
0.975903 3.043291
0.976903 3.043386
0.977903 3.043481
0.978903 3.043577
0.979903 3.043673
0.980903 3.043770
0.981903 3.043867
0.982903 3.043964
0.983903 3.044063
0.984903 3.044161
0.985903 3.044260
0.986903 3.044360
0.987903 3.044460
0.988903 3.044561
0.989903 3.044662
0.990903 3.044763
0.991903 3.044865
0.992903 3.044968
0.993903 3.045071
0.994903 3.045174
0.995903 3.045278
0.996903 3.045383
0.997903 3.045488
0.998903 3.045593
0.999903 3.045699
1.000903 3.045805
1.001903 3.045912
1.002903 3.046020
1.003903 3.046128
1.004903 3.046236
1.005903 3.046345
1.006903 3.046454
1.007903 3.046564
1.008903 3.046675
1.009903 3.046785
1.010903 3.046897
1.011903 3.047009
1.012903 3.047121
1.013903 3.047234
1.014903 3.047347
1.015903 3.047461
1.016903 3.047575
1.017903 3.047690
1.018903 3.047805
1.019903 3.047921
1.020903 3.048037
1.021903 3.048153
1.022903 3.048271
1.023903 3.048388
1.024903 3.048506
1.025903 3.048625
1.026903 3.048744
1.027903 3.048864
1.028903 3.048984
1.029903 3.049104
1.030903 3.049225
1.031903 3.049347
1.032903 3.049469
1.033903 3.049591
1.034903 3.049714
1.035903 3.049838
1.036903 3.049962
1.037903 3.050086
1.038903 3.050211
1.039903 3.050337
1.040903 3.050462
1.041903 3.050589
1.042903 3.050716
1.043903 3.050843
1.044903 3.050971
1.045903 3.051099
1.046903 3.051228
1.047903 3.051357
1.048903 3.051487
1.049903 3.051617
1.050903 3.051748
1.051903 3.051879
1.052903 3.052011
1.053903 3.052143
1.054903 3.052276
1.055903 3.052409
1.056903 3.052542
1.057903 3.052676
1.058903 3.052811
1.059903 3.052946
1.060903 3.053082
1.061903 3.053218
1.062903 3.053354
1.063903 3.053491
1.064903 3.053629
1.065903 3.053767
1.066903 3.053905
1.067903 3.054044
1.068903 3.054183
1.069903 3.054323
1.070903 3.054463
1.071903 3.054604
1.072903 3.054746
1.073903 3.054887
1.074903 3.055030
1.075903 3.055172
1.076903 3.055316
1.077903 3.055459
1.078903 3.055604
1.079903 3.055748
1.080903 3.055743
1.081903 3.055598
1.082903 3.055454
1.083903 3.055310
1.084903 3.055167
1.085903 3.055024
1.086903 3.054882
1.087903 3.054740
1.088903 3.054599
1.089903 3.054458
1.090903 3.054318
1.091903 3.054178
1.092903 3.054039
1.093903 3.053900
1.094903 3.053761
1.095903 3.053624
1.096903 3.053486
1.097903 3.053349
1.098903 3.053213
1.099903 3.053077
1.100903 3.052941
1.101903 3.052806
1.102903 3.052672
1.103903 3.052537
1.104903 3.052404
1.105903 3.052271
1.106903 3.052138
1.107903 3.052006
1.108903 3.051874
1.109903 3.051743
1.110903 3.051612
1.111903 3.051482
1.112903 3.051352
1.113903 3.051223
1.114903 3.051094
1.115903 3.050966
1.116903 3.050838
1.117903 3.050711
1.118903 3.050584
1.119903 3.050458
1.120903 3.050332
1.121903 3.050207
1.122903 3.050082
1.123903 3.049957
1.124903 3.049833
1.125903 3.049710
1.126903 3.049587
1.127903 3.049464
1.128903 3.049342
1.129903 3.049221
1.130903 3.049100
1.131903 3.048979
1.132903 3.048859
1.133903 3.048740
1.134903 3.048621
1.135903 3.048502
1.136903 3.048384
1.137903 3.048266
1.138903 3.048149
1.139903 3.048032
1.140903 3.047916
1.141903 3.047801
1.142903 3.047685
1.143903 3.047571
1.144903 3.047456
1.145903 3.047343
1.146903 3.047229
1.147903 3.047117
1.148903 3.047004
1.149903 3.046893
1.150903 3.046781
1.151903 3.046671
1.152903 3.046560
1.153903 3.046450
1.154903 3.046341
1.155903 3.046232
1.156903 3.046124
1.157903 3.046016
1.158903 3.045908
1.159903 3.045802
1.160903 3.045695
1.161903 3.045589
1.162903 3.045484
1.163903 3.045379
1.164903 3.045274
1.165903 3.045170
1.166903 3.045067
1.167903 3.044964
1.168903 3.044861
1.169903 3.044759
1.170903 3.044658
1.171903 3.044557
1.172903 3.044456
1.173903 3.044356
1.174903 3.044257
1.175903 3.044158
1.176903 3.044059
1.177903 3.043961
1.177903 -3.034292
1.176903 -3.034292
1.175903 -3.034293
1.174903 -3.034295
1.173903 -3.034297
1.172903 -3.034299
1.171903 -3.034302
1.170903 -3.034305
1.169903 -3.034309
1.168903 -3.034314
1.167903 -3.034319
1.166903 -3.034324
1.165903 -3.034330
1.164903 -3.034337
1.163903 -3.034343
1.162903 -3.034351
1.161903 -3.034359
1.160903 -3.034367
1.159903 -3.034376
1.158903 -3.034386
1.157903 -3.034396
1.156903 -3.034406
1.155903 -3.034417
1.154903 -3.034428
1.153903 -3.034440
1.152903 -3.034453
1.151903 -3.034466
1.150903 -3.034479
1.149903 -3.034493
1.148903 -3.034508
1.147903 -3.034523
1.146903 -3.034538
1.145903 -3.034554
1.144903 -3.034570
1.143903 -3.034587
1.142903 -3.034605
1.141903 -3.034623
1.140903 -3.034641
1.139903 -3.034660
1.138903 -3.034680
1.137903 -3.034699
1.136903 -3.034720
1.135903 -3.034741
1.134903 -3.034762
1.133903 -3.034784
1.132903 -3.034807
1.131903 -3.034830
1.130903 -3.034853
1.129903 -3.034877
1.128903 -3.034901
1.127903 -3.034926
1.126903 -3.034952
1.125903 -3.034978
1.124903 -3.035004
1.123903 -3.035031
1.122903 -3.035059
1.121903 -3.035086
1.120903 -3.035115
1.119903 -3.035144
1.118903 -3.035173
1.117903 -3.035203
1.116903 -3.035234
1.115903 -3.035265
1.114903 -3.035296
1.113903 -3.035328
1.112903 -3.035360
1.111903 -3.035393
1.110903 -3.035427
1.109903 -3.035461
1.108903 -3.035495
1.107903 -3.035530
1.106903 -3.035565
1.105903 -3.035601
1.104903 -3.035638
1.103903 -3.035675
1.102903 -3.035712
1.101903 -3.035750
1.100903 -3.035788
1.099903 -3.035827
1.098903 -3.035867
1.097903 -3.035906
1.096903 -3.035947
1.095903 -3.035988
1.094903 -3.036029
1.093903 -3.036071
1.092903 -3.036113
1.091903 -3.036156
1.090903 -3.036200
1.089903 -3.036244
1.088903 -3.036288
1.087903 -3.036333
1.086903 -3.036378
1.085903 -3.036424
1.084903 -3.036471
1.083903 -3.036517
1.082903 -3.036565
1.081903 -3.036613
1.080903 -3.036661
1.079903 -3.036710
1.078903 -3.036759
1.077903 -3.036809
1.076903 -3.036859
1.075903 -3.036910
1.074903 -3.036962
1.073903 -3.037014
1.072903 -3.037066
1.071903 -3.037119
1.070903 -3.037172
1.069903 -3.037226
1.068903 -3.037280
1.067903 -3.037335
1.066903 -3.037390
1.065903 -3.037446
1.064903 -3.037503
1.063903 -3.037559
1.062903 -3.037617
1.061903 -3.037675
1.060903 -3.037733
1.059903 -3.037792
1.058903 -3.037851
1.057903 -3.037911
1.056903 -3.037971
1.055903 -3.038032
1.054903 -3.038093
1.053903 -3.038155
1.052903 -3.038217
1.051903 -3.038280
1.050903 -3.038343
1.049903 -3.038407
1.048903 -3.038471
1.047903 -3.038536
1.046903 -3.038601
1.045903 -3.038667
1.044903 -3.038733
1.043903 -3.038800
1.042903 -3.038867
1.041903 -3.038935
1.040903 -3.039003
1.039903 -3.039072
1.038903 -3.039141
1.037903 -3.039211
1.036903 -3.039281
1.035903 -3.039352
1.034903 -3.039423
1.033903 -3.039495
1.032903 -3.039567
1.031903 -3.039640
1.030903 -3.039713
1.029903 -3.039786
1.028903 -3.039861
1.027903 -3.039935
1.026903 -3.040010
1.025903 -3.040086
1.024903 -3.040162
1.023903 -3.040239
1.022903 -3.040316
1.021903 -3.040394
1.020903 -3.040472
1.019903 -3.040550
1.018903 -3.040630
1.017903 -3.040709
1.016903 -3.040789
1.015903 -3.040870
1.014903 -3.040951
1.013903 -3.041032
1.012903 -3.041115
1.011903 -3.041197
1.010903 -3.041280
1.009903 -3.041364
1.008903 -3.041448
1.007903 -3.041532
1.006903 -3.041617
1.005903 -3.041703
1.004903 -3.041789
1.003903 -3.041875
1.002903 -3.041962
1.001903 -3.042050
1.000903 -3.042138
0.999903 -3.042226
0.998903 -3.042315
0.997903 -3.042405
0.996903 -3.042495
0.995903 -3.042585
0.994903 -3.042676
0.993903 -3.042768
0.992903 -3.042859
0.991903 -3.042952
0.990903 -3.043045
0.989903 -3.043138
0.988903 -3.043232
0.987903 -3.043326
0.986903 -3.043421
0.985903 -3.043517
0.984903 -3.043612
0.983903 -3.043709
0.982903 -3.043806
0.981903 -3.043903
0.980903 -3.044001
0.979903 -3.044099
0.978903 -3.044198
0.977903 -3.044297
0.976903 -3.044397
0.975903 -3.044497
0.974903 -3.044598
0.973903 -3.044699
0.972903 -3.044801
0.971903 -3.044903
0.970903 -3.045006
0.969903 -3.045109
0.968903 -3.045213
0.967903 -3.045317
0.966903 -3.045422
0.965903 -3.045527
0.964903 -3.045632
0.963903 -3.045738
0.962903 -3.045845
0.961903 -3.045952
0.960903 -3.046060
0.959903 -3.046168
0.958903 -3.046276
0.957903 -3.046385
0.956903 -3.046495
0.955903 -3.046605
0.954903 -3.046716
0.953903 -3.046827
0.952903 -3.046938
0.951903 -3.047050
0.950903 -3.047163
0.949903 -3.047276
0.948903 -3.047389
0.947903 -3.047503
0.946903 -3.047617
0.945903 -3.047732
0.944903 -3.047848
0.943903 -3.047964
0.942903 -3.048080
0.941903 -3.048197
0.940903 -3.048314
0.939903 -3.048432
0.938903 -3.048550
0.937903 -3.048669
0.936903 -3.048788
0.935903 -3.048908
0.934903 -3.049028
0.933903 -3.049149
0.932903 -3.049270
0.931903 -3.049392
0.930903 -3.049514
0.929903 -3.049637
0.928903 -3.049760
0.927903 -3.049884
0.926903 -3.050008
0.925903 -3.050132
0.924903 -3.050258
0.923903 -3.050383
0.922903 -3.050509
0.921903 -3.050636
0.920903 -3.050763
0.919903 -3.050890
0.918903 -3.051018
0.917903 -3.051147
0.916903 -3.051276
0.915903 -3.051405
0.914903 -3.051535
0.913903 -3.051666
0.912903 -3.051796
0.911903 -3.051928
0.910903 -3.052060
0.909903 -3.052192
0.908903 -3.052325
0.907903 -3.052458
0.906903 -3.052592
0.905903 -3.052726
0.904903 -3.052861
0.903903 -3.052996
0.902903 -3.053132
0.901903 -3.053268
0.900903 -3.053405
0.899903 -3.053542
0.898903 -3.053680
0.897903 -3.053818
0.896903 -3.053956
0.895903 -3.054095
0.894903 -3.054235
0.893903 -3.054375
0.892903 -3.054516
0.891903 -3.054657
0.890903 -3.054798
0.889903 -3.054940
0.888903 -3.055083
0.887903 -3.055225
0.886903 -3.055369
0.885903 -3.055513
0.884903 -3.055657
0.883903 -3.055802
0.882903 -3.055689
0.881903 -3.055545
0.880903 -3.055401
0.879903 -3.055257
0.878903 -3.055114
0.877903 -3.054972
0.876903 -3.054830
0.875903 -3.054688
0.874903 -3.054547
0.873903 -3.054406
0.872903 -3.054266
0.871903 -3.054126
0.870903 -3.053987
0.869903 -3.053849
0.868903 -3.053710
0.867903 -3.053573
0.866903 -3.053435
0.865903 -3.053298
0.864903 -3.053162
0.863903 -3.053026
0.862903 -3.052891
0.861903 -3.052756
0.860903 -3.052622
0.859903 -3.052488
0.858903 -3.052354
0.857903 -3.052222
0.856903 -3.052089
0.855903 -3.051957
0.854903 -3.051826
0.853903 -3.051695
0.852903 -3.051564
0.851903 -3.051434
0.850903 -3.051304
0.849903 -3.051175
0.848903 -3.051047
0.847903 -3.050919
0.846903 -3.050791
0.845903 -3.050664
0.844903 -3.050537
0.843903 -3.050411
0.842903 -3.050285
0.841903 -3.050160
0.840903 -3.050035
0.839903 -3.049911
0.838903 -3.049787
0.837903 -3.049664
0.836903 -3.049541
0.835903 -3.049419
0.834903 -3.049297
0.833903 -3.049176
0.832903 -3.049055
0.831903 -3.048935
0.830903 -3.048815
0.829903 -3.048695
0.828903 -3.048577
0.827903 -3.048458
0.826903 -3.048340
0.825903 -3.048223
0.824903 -3.048106
0.823903 -3.047989
0.822903 -3.047873
0.821903 -3.047758
0.820903 -3.047643
0.819903 -3.047528
0.818903 -3.047414
0.817903 -3.047301
0.816903 -3.047188
0.815903 -3.047075
0.814903 -3.046963
0.813903 -3.046851
0.812903 -3.046740
0.811903 -3.046630
0.810903 -3.046519
0.809903 -3.046410
0.808903 -3.046301
0.807903 -3.046192
0.806903 -3.046084
0.805903 -3.045976
0.804903 -3.045869
0.803903 -3.045762
0.802903 -3.045656
0.801903 -3.045550
0.800903 -3.045445
0.799903 -3.045340
0.798903 -3.045236
0.797903 -3.045132
0.796903 -3.045029
0.795903 -3.044926
0.794903 -3.044824
0.793903 -3.044722
0.792903 -3.044620
0.791903 -3.044519
0.790903 -3.044419
0.789903 -3.044319
0.788903 -3.044220
0.787903 -3.044121
0.786903 -3.044023
0.785903 -3.043925
0.784903 -3.043827
0.783903 -3.043730
0.782903 -3.043634
0.781903 -3.043538
0.780903 -3.043442
0.779903 -3.043347
0.778903 -3.043253
0.777903 -3.043159
0.776903 -3.043065
0.775903 -3.042972
0.774903 -3.042880
0.773903 -3.042788
0.772903 -3.042696
0.771903 -3.042605
0.770903 -3.042515
0.769903 -3.042425
0.768903 -3.042335
0.767903 -3.042246
0.766903 -3.042157
0.765903 -3.042069
0.764903 -3.041982
0.763903 -3.041895
0.762903 -3.041808
0.761903 -3.041722
0.760903 -3.041636
0.759903 -3.041551
0.758903 -3.041466
0.757903 -3.041382
0.756903 -3.041299
0.755903 -3.041216
0.754903 -3.041133
0.753903 -3.041051
0.752903 -3.040969
0.751903 -3.040888
0.750903 -3.040807
0.749903 -3.040727
0.748903 -3.040647
0.747903 -3.040568
0.746903 -3.040489
0.745903 -3.040411
0.744903 -3.040333
0.743903 -3.040256
0.742903 -3.040179
0.741903 -3.040103
0.740903 -3.040027
0.739903 -3.039952
0.738903 -3.039877
0.737903 -3.039803
0.736903 -3.039729
0.735903 -3.039656
0.734903 -3.039583
0.733903 -3.039511
0.732903 -3.039439
0.731903 -3.039368
0.730903 -3.039297
0.729903 -3.039226
0.728903 -3.039157
0.727903 -3.039087
0.726903 -3.039018
0.725903 -3.038950
0.724903 -3.038882
0.723903 -3.038815
0.722903 -3.038748
0.721903 -3.038682
0.720903 -3.038616
0.719903 -3.038550
0.718903 -3.038486
0.717903 -3.038421
0.716903 -3.038357
0.715903 -3.038294
0.714903 -3.038231
0.713903 -3.038169
0.712903 -3.038107
0.711903 -3.038045
0.710903 -3.037984
0.709903 -3.037924
0.708903 -3.037864
0.707903 -3.037805
0.706903 -3.037746
0.705903 -3.037687
0.704903 -3.037629
0.703903 -3.037572
0.702903 -3.037515
0.701903 -3.037459
0.700903 -3.037403
0.699903 -3.037347
0.698903 -3.037292
0.697903 -3.037238
0.696903 -3.037184
0.695903 -3.037131
0.694903 -3.037078
0.693903 -3.037025
0.692903 -3.036973
0.691903 -3.036922
0.690903 -3.036871
0.689903 -3.036820
0.688903 -3.036770
0.687903 -3.036721
0.686903 -3.036672
0.685903 -3.036623
0.684903 -3.036575
0.683903 -3.036528
0.682903 -3.036481
0.681903 -3.036434
0.680903 -3.036388
0.679903 -3.036343
0.678903 -3.036298
0.677903 -3.036253
0.676903 -3.036209
0.675903 -3.036166
0.674903 -3.036123
0.673903 -3.036080
0.672903 -3.036038
0.671903 -3.035997
0.670903 -3.035956
0.669903 -3.035915
0.668903 -3.035875
0.667903 -3.035836
0.666903 -3.035797
0.665903 -3.035758
0.664903 -3.035720
0.663903 -3.035683
0.662903 -3.035646
0.661903 -3.035609
0.660903 -3.035573
0.659903 -3.035538
0.658903 -3.035503
0.657903 -3.035468
0.656903 -3.035434
0.655903 -3.035401
0.654903 -3.035368
0.653903 -3.035335
0.652903 -3.035303
0.651903 -3.035271
0.650903 -3.035240
0.649903 -3.035210
0.648903 -3.035180
0.647903 -3.035150
0.646903 -3.035121
0.645903 -3.035093
0.644903 -3.035065
0.643903 -3.035037
0.642903 -3.035010
0.641903 -3.034984
0.640903 -3.034958
0.639903 -3.034932
0.638903 -3.034907
0.637903 -3.034882
0.636903 -3.034858
0.635903 -3.034835
0.634903 -3.034812
0.633903 -3.034789
0.632903 -3.034767
0.631903 -3.034746
0.630903 -3.034725
0.629903 -3.034704
0.628903 -3.034684
0.627903 -3.034664
0.626903 -3.034645
0.625903 -3.034627
0.624903 -3.034609
0.623903 -3.034591
0.622903 -3.034574
0.621903 -3.034558
0.620903 -3.034542
0.619903 -3.034526
0.618903 -3.034511
0.617903 -3.034496
0.616903 -3.034482
0.615903 -3.034469
0.614903 -3.034456
0.613903 -3.034443
0.612903 -3.034431
0.611903 -3.034420
0.610903 -3.034408
0.609903 -3.034398
0.608903 -3.034388
0.607903 -3.034378
0.606903 -3.034369
0.605903 -3.034361
0.604903 -3.034353
0.603903 -3.034345
0.602903 -3.034338
0.601903 -3.034331
0.600903 -3.034325
0.599903 -3.034320
0.598903 -3.034315
0.597903 -3.034310
0.596903 -3.034306
0.595903 -3.034303
0.594903 -3.034300
0.593903 -3.034297
0.592903 -3.034295
0.591903 -3.034293
0.590903 -3.034292
0.589903 -3.034292
0.588903 -3.034292
0.587903 -3.034292
0.586903 -3.034293
0.585903 -3.034295
0.584903 -3.034297
0.583903 -3.034299
0.582903 -3.034302
0.581903 -3.034305
0.580903 -3.034309
0.579903 -3.034314
0.578903 -3.034319
0.577903 -3.034324
0.576903 -3.034330
0.575903 -3.034337
0.574903 -3.034343
0.573903 -3.034351
0.572903 -3.034359
0.571903 -3.034367
0.570903 -3.034376
0.569903 -3.034386
0.568903 -3.034396
0.567903 -3.034406
0.566903 -3.034417
0.565903 -3.034428
0.564903 -3.034440
0.563903 -3.034453
0.562903 -3.034466
0.561903 -3.034479
0.560903 -3.034493
0.559903 -3.034508
0.558903 -3.034523
0.557903 -3.034538
0.556903 -3.034554
0.555903 -3.034570
0.554903 -3.034587
0.553903 -3.034605
0.552903 -3.034623
0.551903 -3.034641
0.550903 -3.034660
0.549903 -3.034680
0.548903 -3.034699
0.547903 -3.034720
0.546903 -3.034741
0.545903 -3.034762
0.544903 -3.034784
0.543903 -3.034807
0.542903 -3.034830
0.541903 -3.034853
0.540903 -3.034877
0.539903 -3.034901
0.538903 -3.034926
0.537903 -3.034952
0.536903 -3.034978
0.535903 -3.035004
0.534903 -3.035031
0.533903 -3.035059
0.532903 -3.035086
0.531903 -3.035115
0.530903 -3.035144
0.529903 -3.035173
0.528903 -3.035203
0.527903 -3.035234
0.526903 -3.035265
0.525903 -3.035296
0.524903 -3.035328
0.523903 -3.035360
0.522903 -3.035393
0.521903 -3.035427
0.520903 -3.035461
0.519903 -3.035495
0.518903 -3.035530
0.517903 -3.035565
0.516903 -3.035601
0.515903 -3.035638
0.514903 -3.035675
0.513903 -3.035712
0.512903 -3.035750
0.511903 -3.035788
0.510903 -3.035827
0.509903 -3.035867
0.508903 -3.035906
0.507903 -3.035947
0.506903 -3.035988
0.505903 -3.036029
0.504903 -3.036071
0.503903 -3.036113
0.502903 -3.036156
0.501903 -3.036200
0.500903 -3.036244
0.499903 -3.036288
0.498903 -3.036333
0.497903 -3.036378
0.496903 -3.036424
0.495903 -3.036471
0.494903 -3.036517
0.493903 -3.036565
0.492903 -3.036613
0.491903 -3.036661
0.490903 -3.036710
0.489903 -3.036759
0.488903 -3.036809
0.487903 -3.036859
0.486903 -3.036910
0.485903 -3.036962
0.484903 -3.037014
0.483903 -3.037066
0.482903 -3.037119
0.481903 -3.037172
0.480903 -3.037226
0.479903 -3.037280
0.478903 -3.037335
0.477903 -3.037390
0.476903 -3.037446
0.475903 -3.037503
0.474903 -3.037559
0.473903 -3.037617
0.472903 -3.037675
0.471903 -3.037733
0.470903 -3.037792
0.469903 -3.037851
0.468903 -3.037911
0.467903 -3.037971
0.466903 -3.038032
0.465903 -3.038093
0.464903 -3.038155
0.463903 -3.038217
0.462903 -3.038280
0.461903 -3.038343
0.460903 -3.038407
0.459903 -3.038471
0.458903 -3.038536
0.457903 -3.038601
0.456903 -3.038667
0.455903 -3.038733
0.454903 -3.038800
0.453903 -3.038867
0.452903 -3.038935
0.451903 -3.039003
0.450903 -3.039072
0.449903 -3.039141
0.448903 -3.039211
0.447903 -3.039281
0.446903 -3.039352
0.445903 -3.039423
0.444903 -3.039495
0.443903 -3.039567
0.442903 -3.039640
0.441903 -3.039713
0.440903 -3.039786
0.439903 -3.039861
0.438903 -3.039935
0.437903 -3.040010
0.436903 -3.040086
0.435903 -3.040162
0.434903 -3.040239
0.433903 -3.040316
0.432903 -3.040394
0.431903 -3.040472
0.430903 -3.040550
0.429903 -3.040630
0.428903 -3.040709
0.427903 -3.040789
0.426903 -3.040870
0.425903 -3.040951
0.424903 -3.041032
0.423903 -3.041115
0.422903 -3.041197
0.421903 -3.041280
0.420903 -3.041364
0.419903 -3.041448
0.418903 -3.041532
0.417903 -3.041617
0.416903 -3.041703
0.415903 -3.041789
0.414903 -3.041875
0.413903 -3.041962
0.412903 -3.042050
0.411903 -3.042138
0.410903 -3.042226
0.409903 -3.042315
0.408903 -3.042405
0.407903 -3.042495
0.406903 -3.042585
0.405903 -3.042676
0.404903 -3.042768
0.403903 -3.042859
0.402903 -3.042952
0.401903 -3.043045
0.400903 -3.043138
0.399903 -3.043232
0.398903 -3.043326
0.397903 -3.043421
0.396903 -3.043517
0.395903 -3.043612
0.394903 -3.043709
0.393903 -3.043806
0.392903 -3.043903
0.391903 -3.044001
0.390903 -3.044099
0.389903 -3.044198
0.388903 -3.044297
0.387903 -3.044397
0.386903 -3.044497
0.385903 -3.044598
0.384903 -3.044699
0.383903 -3.044801
0.382903 -3.044903
0.381903 -3.045006
0.380903 -3.045109
0.379903 -3.045213
0.378903 -3.045317
0.377903 -3.045422
0.376903 -3.045527
0.375903 -3.045632
0.374903 -3.045738
0.373903 -3.045845
0.372903 -3.045952
0.371903 -3.046060
0.370903 -3.046168
0.369903 -3.046276
0.368903 -3.046385
0.367903 -3.046495
0.366903 -3.046605
0.365903 -3.046716
0.364903 -3.046827
0.363903 -3.046938
0.362903 -3.047050
0.361903 -3.047163
0.360903 -3.047276
0.359903 -3.047389
0.358903 -3.047503
0.357903 -3.047617
0.356903 -3.047732
0.355903 -3.047848
0.354903 -3.047964
0.353903 -3.048080
0.352903 -3.048197
0.351903 -3.048314
0.350903 -3.048432
0.349903 -3.048550
0.348903 -3.048669
0.347903 -3.048788
0.346903 -3.048908
0.345903 -3.049028
0.344903 -3.049149
0.343903 -3.049270
0.342903 -3.049392
0.341903 -3.049514
0.340903 -3.049637
0.339903 -3.049760
0.338903 -3.049884
0.337903 -3.050008
0.336903 -3.050132
0.335903 -3.050258
0.334903 -3.050383
0.333903 -3.050509
0.332903 -3.050636
0.331903 -3.050763
0.330903 -3.050890
0.329903 -3.051018
0.328903 -3.051147
0.327903 -3.051276
0.326903 -3.051405
0.325903 -3.051535
0.324903 -3.051666
0.323903 -3.051796
0.322903 -3.051928
0.321903 -3.052060
0.320903 -3.052192
0.319903 -3.052325
0.318903 -3.052458
0.317903 -3.052592
0.316903 -3.052726
0.315903 -3.052861
0.314903 -3.052996
0.313903 -3.053132
0.312903 -3.053268
0.311903 -3.053405
0.310903 -3.053542
0.309903 -3.053680
0.308903 -3.053818
0.307903 -3.053956
0.306903 -3.054095
0.305903 -3.054235
0.304903 -3.054375
0.303903 -3.054516
0.302903 -3.054657
0.301903 -3.054798
0.300903 -3.054940
0.299903 -3.055083
0.298903 -3.055225
0.297903 -3.055369
0.296903 -3.055513
0.295903 -3.055657
0.294903 -3.055802
0.293903 -3.055689
0.292903 -3.055545
0.291903 -3.055401
0.290903 -3.055257
0.289903 -3.055114
0.288903 -3.054972
0.287903 -3.054830
0.286903 -3.054688
0.285903 -3.054547
0.284903 -3.054406
0.283903 -3.054266
0.282903 -3.054126
0.281903 -3.053987
0.280903 -3.053849
0.279903 -3.053710
0.278903 -3.053573
0.277903 -3.053435
0.276903 -3.053298
0.275903 -3.053162
0.274903 -3.053026
0.273903 -3.052891
0.272903 -3.052756
0.271903 -3.052622
0.270903 -3.052488
0.269903 -3.052354
0.268903 -3.052222
0.267903 -3.052089
0.266903 -3.051957
0.265903 -3.051826
0.264903 -3.051695
0.263903 -3.051564
0.262903 -3.051434
0.261903 -3.051304
0.260903 -3.051175
0.259903 -3.051047
0.258903 -3.050919
0.257903 -3.050791
0.256903 -3.050664
0.255903 -3.050537
0.254903 -3.050411
0.253903 -3.050285
0.252903 -3.050160
0.251903 -3.050035
0.250903 -3.049911
0.249903 -3.049787
0.248903 -3.049664
0.247903 -3.049541
0.246903 -3.049419
0.245903 -3.049297
0.244903 -3.049176
0.243903 -3.049055
0.242903 -3.048935
0.241903 -3.048815
0.240903 -3.048695
0.239903 -3.048577
0.238903 -3.048458
0.237903 -3.048340
0.236903 -3.048223
0.235903 -3.048106
0.234903 -3.047989
0.233903 -3.047873
0.232903 -3.047758
0.231903 -3.047643
0.230903 -3.047528
0.229903 -3.047414
0.228903 -3.047301
0.227903 -3.047188
0.226903 -3.047075
0.225903 -3.046963
0.224903 -3.046851
0.223903 -3.046740
0.222903 -3.046630
0.221903 -3.046519
0.220903 -3.046410
0.219903 -3.046301
0.218903 -3.046192
0.217903 -3.046084
0.216903 -3.045976
0.215903 -3.045869
0.214903 -3.045762
0.213903 -3.045656
0.212903 -3.045550
0.211903 -3.045445
0.210903 -3.045340
0.209903 -3.045236
0.208903 -3.045132
0.207903 -3.045029
0.206903 -3.044926
0.205903 -3.044824
0.204903 -3.044722
0.203903 -3.044620
0.202903 -3.044519
0.201903 -3.044419
0.200903 -3.044319
0.199903 -3.044220
0.198903 -3.044121
0.197903 -3.044023
0.196903 -3.043925
0.195903 -3.043827
0.194903 -3.043730
0.193903 -3.043634
0.192903 -3.043538
0.191903 -3.043442
0.190903 -3.043347
0.189903 -3.043253
0.188903 -3.043159
0.187903 -3.043065
0.186903 -3.042972
0.185903 -3.042880
0.184903 -3.042788
0.183903 -3.042696
0.182903 -3.042605
0.181903 -3.042515
0.180903 -3.042425
0.179903 -3.042335
0.178903 -3.042246
0.177903 -3.042157
0.176903 -3.042069
0.175903 -3.041982
0.174903 -3.041895
0.173903 -3.041808
0.172903 -3.041722
0.171903 -3.041636
0.170903 -3.041551
0.169903 -3.041466
0.168903 -3.041382
0.167903 -3.041299
0.166903 -3.041216
0.165903 -3.041133
0.164903 -3.041051
0.163903 -3.040969
0.162903 -3.040888
0.161903 -3.040807
0.160903 -3.040727
0.159903 -3.040647
0.158903 -3.040568
0.157903 -3.040489
0.156903 -3.040411
0.155903 -3.040333
0.154903 -3.040256
0.153903 -3.040179
0.152903 -3.040103
0.151903 -3.040027
0.150903 -3.039952
0.149903 -3.039877
0.148903 -3.039803
0.147903 -3.039729
0.146903 -3.039656
0.145903 -3.039583
0.144903 -3.039511
0.143903 -3.039439
0.142903 -3.039368
0.141903 -3.039297
0.140903 -3.039226
0.139903 -3.039157
0.138903 -3.039087
0.137903 -3.039018
0.136903 -3.038950
0.135903 -3.038882
0.134903 -3.038815
0.133903 -3.038748
0.132903 -3.038682
0.131903 -3.038616
0.130903 -3.038550
0.129903 -3.038486
0.128903 -3.038421
0.127903 -3.038357
0.126903 -3.038294
0.125903 -3.038231
0.124903 -3.038169
0.123903 -3.038107
0.122903 -3.038045
0.121903 -3.037984
0.120903 -3.037924
0.119903 -3.037864
0.118903 -3.037805
0.117903 -3.037746
0.116903 -3.037687
0.115903 -3.037629
0.114903 -3.037572
0.113903 -3.037515
0.112903 -3.037459
0.111903 -3.037403
0.110903 -3.037347
0.109903 -3.037292
0.108903 -3.037238
0.107903 -3.037184
0.106903 -3.037131
0.105903 -3.037078
0.104903 -3.037025
0.103903 -3.036973
0.102903 -3.036922
0.101903 -3.036871
0.100903 -3.036820
0.099903 -3.036770
0.098903 -3.036721
0.097903 -3.036672
0.096903 -3.036623
0.095903 -3.036575
0.094903 -3.036528
0.093903 -3.036481
0.092903 -3.036434
0.091903 -3.036388
0.090903 -3.036343
0.089903 -3.036298
0.088903 -3.036253
0.087903 -3.036209
0.086903 -3.036166
0.085903 -3.036123
0.084903 -3.036080
0.083903 -3.036038
0.082903 -3.035997
0.081903 -3.035956
0.080903 -3.035915
0.079903 -3.035875
0.078903 -3.035836
0.077903 -3.035797
0.076903 -3.035758
0.075903 -3.035720
0.074903 -3.035683
0.073903 -3.035646
0.072903 -3.035609
0.071903 -3.035573
0.070903 -3.035538
0.069903 -3.035503
0.068903 -3.035468
0.067903 -3.035434
0.066903 -3.035401
0.065903 -3.035368
0.064903 -3.035335
0.063903 -3.035303
0.062903 -3.035271
0.061903 -3.035240
0.060903 -3.035210
0.059903 -3.035180
0.058903 -3.035150
0.057903 -3.035121
0.056903 -3.035093
0.055903 -3.035065
0.054903 -3.035037
0.053903 -3.035010
0.052903 -3.034984
0.051903 -3.034958
0.050903 -3.034932
0.049903 -3.034907
0.048903 -3.034882
0.047903 -3.034858
0.046903 -3.034835
0.045903 -3.034812
0.044903 -3.034789
0.043903 -3.034767
0.042903 -3.034746
0.041903 -3.034725
0.040903 -3.034704
0.039903 -3.034684
0.038903 -3.034664
0.037903 -3.034645
0.036903 -3.034627
0.035903 -3.034609
0.034903 -3.034591
0.033903 -3.034574
0.032903 -3.034558
0.031903 -3.034542
0.030903 -3.034526
0.029903 -3.034511
0.028903 -3.034496
0.027903 -3.034482
0.026903 -3.034469
0.025903 -3.034456
0.024903 -3.034443
0.023903 -3.034431
0.022903 -3.034420
0.021903 -3.034408
0.020903 -3.034398
0.019903 -3.034388
0.018903 -3.034378
0.017903 -3.034369
0.016903 -3.034361
0.015903 -3.034353
0.014903 -3.034345
0.013903 -3.034338
0.012903 -3.034331
0.011903 -3.034325
0.010903 -3.034320
0.009903 -3.034315
0.008903 -3.034310
0.007903 -3.034306
0.006903 -3.034303
0.005903 -3.034300
0.004903 -3.034297
0.003903 -3.034295
0.002903 -3.034293
0.001903 -3.034292
0.000903 -3.034292
-0.000097 -3.034292
-0.001097 -3.034292
-0.002097 -3.034293
-0.003097 -3.034295
-0.004097 -3.034297
-0.005097 -3.034299
-0.006097 -3.034302
-0.007097 -3.034305
-0.008097 -3.034309
-0.009097 -3.034314
-0.010097 -3.034319
-0.011097 -3.034324
-0.012097 -3.034330
-0.013097 -3.034337
-0.014097 -3.034343
-0.015097 -3.034351
-0.016097 -3.034359
-0.017097 -3.034367
-0.018097 -3.034376
-0.019097 -3.034386
-0.020097 -3.034396
-0.021097 -3.034406
-0.022097 -3.034417
-0.023097 -3.034428
-0.024097 -3.034440
-0.025097 -3.034453
-0.026097 -3.034466
-0.027097 -3.034479
-0.028097 -3.034493
-0.029097 -3.034508
-0.030097 -3.034523
-0.031097 -3.034538
-0.032097 -3.034554
-0.033097 -3.034570
-0.034097 -3.034587
-0.035097 -3.034605
-0.036097 -3.034623
-0.037097 -3.034641
-0.038097 -3.034660
-0.039097 -3.034680
-0.040097 -3.034699
-0.041097 -3.034720
-0.042097 -3.034741
-0.043097 -3.034762
-0.044097 -3.034784
-0.045097 -3.034807
-0.046097 -3.034830
-0.047097 -3.034853
-0.048097 -3.034877
-0.049097 -3.034901
-0.050097 -3.034926
-0.051097 -3.034952
-0.052097 -3.034978
-0.053097 -3.035004
-0.054097 -3.035031
-0.055097 -3.035059
-0.056097 -3.035086
-0.057097 -3.035115
-0.058097 -3.035144
-0.059097 -3.035173
-0.060097 -3.035203
-0.061097 -3.035234
-0.062097 -3.035265
-0.063097 -3.035296
-0.064097 -3.035328
-0.065097 -3.035360
-0.066097 -3.035393
-0.067097 -3.035427
-0.068097 -3.035461
-0.069097 -3.035495
-0.070097 -3.035530
-0.071097 -3.035565
-0.072097 -3.035601
-0.073097 -3.035638
-0.074097 -3.035675
-0.075097 -3.035712
-0.076097 -3.035750
-0.077097 -3.035788
-0.078097 -3.035827
-0.079097 -3.035867
-0.080097 -3.035906
-0.081097 -3.035947
-0.082097 -3.035988
-0.083097 -3.036029
-0.084097 -3.036071
-0.085097 -3.036113
-0.086097 -3.036156
-0.087097 -3.036200
-0.088097 -3.036244
-0.089097 -3.036288
-0.090097 -3.036333
-0.091097 -3.036378
-0.092097 -3.036424
-0.093097 -3.036471
-0.094097 -3.036517
-0.095097 -3.036565
-0.096097 -3.036613
-0.097097 -3.036661
-0.098097 -3.036710
-0.099097 -3.036759
-0.100097 -3.036809
-0.101097 -3.036859
-0.102097 -3.036910
-0.103097 -3.036962
-0.104097 -3.037014
-0.105097 -3.037066
-0.106097 -3.037119
-0.107097 -3.037172
-0.108097 -3.037226
-0.109097 -3.037280
-0.110097 -3.037335
-0.111097 -3.037390
-0.112097 -3.037446
-0.113097 -3.037503
-0.114097 -3.037559
-0.115097 -3.037617
-0.116097 -3.037675
-0.117097 -3.037733
-0.118097 -3.037792
-0.119097 -3.037851
-0.120097 -3.037911
-0.121097 -3.037971
-0.122097 -3.038032
-0.123097 -3.038093
-0.124097 -3.038155
-0.125097 -3.038217
-0.126097 -3.038280
-0.127097 -3.038343
-0.128097 -3.038407
-0.129097 -3.038471
-0.130097 -3.038536
-0.131097 -3.038601
-0.132097 -3.038667
-0.133097 -3.038733
-0.134097 -3.038800
-0.135097 -3.038867
-0.136097 -3.038935
-0.137097 -3.039003
-0.138097 -3.039072
-0.139097 -3.039141
-0.140097 -3.039211
-0.141097 -3.039281
-0.142097 -3.039352
-0.143097 -3.039423
-0.144097 -3.039495
-0.145097 -3.039567
-0.146097 -3.039640
-0.147097 -3.039713
-0.148097 -3.039786
-0.149097 -3.039861
-0.150097 -3.039935
-0.151097 -3.040010
-0.152097 -3.040086
-0.153097 -3.040162
-0.154097 -3.040239
-0.155097 -3.040316
-0.156097 -3.040394
-0.157097 -3.040472
-0.158097 -3.040550
-0.159097 -3.040630
-0.160097 -3.040709
-0.161097 -3.040789
-0.162097 -3.040870
-0.163097 -3.040951
-0.164097 -3.041032
-0.165097 -3.041115
-0.166097 -3.041197
-0.167097 -3.041280
-0.168097 -3.041364
-0.169097 -3.041448
-0.170097 -3.041532
-0.171097 -3.041617
-0.172097 -3.041703
-0.173097 -3.041789
-0.174097 -3.041875
-0.175097 -3.041962
-0.176097 -3.042050
-0.177097 -3.042138
-0.178097 -3.042226
-0.179097 -3.042315
-0.180097 -3.042405
-0.181097 -3.042495
-0.182097 -3.042585
-0.183097 -3.042676
-0.184097 -3.042768
-0.185097 -3.042859
-0.186097 -3.042952
-0.187097 -3.043045
-0.188097 -3.043138
-0.189097 -3.043232
-0.190097 -3.043326
-0.191097 -3.043421
-0.192097 -3.043517
-0.193097 -3.043612
-0.194097 -3.043709
-0.195097 -3.043806
-0.196097 -3.043903
-0.197097 -3.044001
-0.198097 -3.044099
-0.199097 -3.044198
-0.200097 -3.044297
-0.201097 -3.044397
-0.202097 -3.044497
-0.203097 -3.044598
-0.204097 -3.044699
-0.205097 -3.044801
-0.206097 -3.044903
-0.207097 -3.045006
-0.208097 -3.045109
-0.209097 -3.045213
-0.210097 -3.045317
-0.211097 -3.045422
-0.212097 -3.045527
-0.213097 -3.045632
-0.214097 -3.045738
-0.215097 -3.045845
-0.216097 -3.045952
-0.217097 -3.046060
-0.218097 -3.046168
-0.219097 -3.046276
-0.220097 -3.046385
-0.221097 -3.046495
-0.222097 -3.046605
-0.223097 -3.046716
-0.224097 -3.046827
-0.225097 -3.046938
-0.226097 -3.047050
-0.227097 -3.047163
-0.228097 -3.047276
-0.229097 -3.047389
-0.230097 -3.047503
-0.231097 -3.047617
-0.232097 -3.047732
-0.233097 -3.047848
-0.234097 -3.047964
-0.235097 -3.048080
-0.236097 -3.048197
-0.237097 -3.048314
-0.238097 -3.048432
-0.239097 -3.048550
-0.240097 -3.048669
-0.241097 -3.048788
-0.242097 -3.048908
-0.243097 -3.049028
-0.244097 -3.049149
-0.245097 -3.049270
-0.246097 -3.049392
-0.247097 -3.049514
-0.248097 -3.049637
-0.249097 -3.049760
-0.250097 -3.049884
-0.251097 -3.050008
-0.252097 -3.050132
-0.253097 -3.050258
-0.254097 -3.050383
-0.255097 -3.050509
-0.256097 -3.050636
-0.257097 -3.050763
-0.258097 -3.050890
-0.259097 -3.051018
-0.260097 -3.051147
-0.261097 -3.051276
-0.262097 -3.051405
-0.263097 -3.051535
-0.264097 -3.051666
-0.265097 -3.051796
-0.266097 -3.051928
-0.267097 -3.052060
-0.268097 -3.052192
-0.269097 -3.052325
-0.270097 -3.052458
-0.271097 -3.052592
-0.272097 -3.052726
-0.273097 -3.052861
-0.274097 -3.052996
-0.275097 -3.053132
-0.276097 -3.053268
-0.277097 -3.053405
-0.278097 -3.053542
-0.279097 -3.053680
-0.280097 -3.053818
-0.281097 -3.053956
-0.282097 -3.054095
-0.283097 -3.054235
-0.284097 -3.054375
-0.285097 -3.054516
-0.286097 -3.054657
-0.287097 -3.054798
-0.288097 -3.054940
-0.289097 -3.055083
-0.290097 -3.055225
-0.291097 -3.055369
-0.292097 -3.055513
-0.293097 -3.055657
-0.294097 -3.055802
-0.295097 -3.055689
-0.296097 -3.055545
-0.297097 -3.055401
-0.298097 -3.055257
-0.299097 -3.055114
-0.300097 -3.054972
-0.301097 -3.054830
-0.302097 -3.054688
-0.303097 -3.054547
-0.304097 -3.054406
-0.305097 -3.054266
-0.306097 -3.054126
-0.307097 -3.053987
-0.308097 -3.053849
-0.309097 -3.053710
-0.310097 -3.053573
-0.311097 -3.053435
-0.312097 -3.053298
-0.313097 -3.053162
-0.314097 -3.053026
-0.315097 -3.052891
-0.316097 -3.052756
-0.317097 -3.052622
-0.318097 -3.052488
-0.319097 -3.052354
-0.320097 -3.052222
-0.321097 -3.052089
-0.322097 -3.051957
-0.323097 -3.051826
-0.324097 -3.051695
-0.325097 -3.051564
-0.326097 -3.051434
-0.327097 -3.051304
-0.328097 -3.051175
-0.329097 -3.051047
-0.330097 -3.050919
-0.331097 -3.050791
-0.332097 -3.050664
-0.333097 -3.050537
-0.334097 -3.050411
-0.335097 -3.050285
-0.336097 -3.050160
-0.337097 -3.050035
-0.338097 -3.049911
-0.339097 -3.049787
-0.340097 -3.049664
-0.341097 -3.049541
-0.342097 -3.049419
-0.343097 -3.049297
-0.344097 -3.049176
-0.345097 -3.049055
-0.346097 -3.048935
-0.347097 -3.048815
-0.348097 -3.048695
-0.349097 -3.048577
-0.350097 -3.048458
-0.351097 -3.048340
-0.352097 -3.048223
-0.353097 -3.048106
-0.354097 -3.047989
-0.355097 -3.047873
-0.356097 -3.047758
-0.357097 -3.047643
-0.358097 -3.047528
-0.359097 -3.047414
-0.360097 -3.047301
-0.361097 -3.047188
-0.362097 -3.047075
-0.363097 -3.046963
-0.364097 -3.046851
-0.365097 -3.046740
-0.366097 -3.046630
-0.367097 -3.046519
-0.368097 -3.046410
-0.369097 -3.046301
-0.370097 -3.046192
-0.371097 -3.046084
-0.372097 -3.045976
-0.373097 -3.045869
-0.374097 -3.045762
-0.375097 -3.045656
-0.376097 -3.045550
-0.377097 -3.045445
-0.378097 -3.045340
-0.379097 -3.045236
-0.380097 -3.045132
-0.381097 -3.045029
-0.382097 -3.044926
-0.383097 -3.044824
-0.384097 -3.044722
-0.385097 -3.044620
-0.386097 -3.044519
-0.387097 -3.044419
-0.388097 -3.044319
-0.389097 -3.044220
-0.390097 -3.044121
-0.391097 -3.044023
-0.392097 -3.043925
-0.393097 -3.043827
-0.394097 -3.043730
-0.395097 -3.043634
-0.396097 -3.043538
-0.397097 -3.043442
-0.398097 -3.043347
-0.399097 -3.043253
-0.400097 -3.043159
-0.401097 -3.043065
-0.402097 -3.042972
-0.403097 -3.042880
-0.404097 -3.042788
-0.405097 -3.042696
-0.406097 -3.042605
-0.407097 -3.042515
-0.408097 -3.042425
-0.409097 -3.042335
-0.410097 -3.042246
-0.411097 -3.042157
-0.412097 -3.042069
-0.413097 -3.041982
-0.414097 -3.041895
-0.415097 -3.041808
-0.416097 -3.041722
-0.417097 -3.041636
-0.418097 -3.041551
-0.419097 -3.041466
-0.420097 -3.041382
-0.421097 -3.041299
-0.422097 -3.041216
-0.423097 -3.041133
-0.424097 -3.041051
-0.425097 -3.040969
-0.426097 -3.040888
-0.427097 -3.040807
-0.428097 -3.040727
-0.429097 -3.040647
-0.430097 -3.040568
-0.431097 -3.040489
-0.432097 -3.040411
-0.433097 -3.040333
-0.434097 -3.040256
-0.435097 -3.040179
-0.436097 -3.040103
-0.437097 -3.040027
-0.438097 -3.039952
-0.439097 -3.039877
-0.440097 -3.039803
-0.441097 -3.039729
-0.442097 -3.039656
-0.443097 -3.039583
-0.444097 -3.039511
-0.445097 -3.039439
-0.446097 -3.039368
-0.447097 -3.039297
-0.448097 -3.039226
-0.449097 -3.039157
-0.450097 -3.039087
-0.451097 -3.039018
-0.452097 -3.038950
-0.453097 -3.038882
-0.454097 -3.038815
-0.455097 -3.038748
-0.456097 -3.038682
-0.457097 -3.038616
-0.458097 -3.038550
-0.459097 -3.038486
-0.460097 -3.038421
-0.461097 -3.038357
-0.462097 -3.038294
-0.463097 -3.038231
-0.464097 -3.038169
-0.465097 -3.038107
-0.466097 -3.038045
-0.467097 -3.037984
-0.468097 -3.037924
-0.469097 -3.037864
-0.470097 -3.037805
-0.471097 -3.037746
-0.472097 -3.037687
-0.473097 -3.037629
-0.474097 -3.037572
-0.475097 -3.037515
-0.476097 -3.037459
-0.477097 -3.037403
-0.478097 -3.037347
-0.479097 -3.037292
-0.480097 -3.037238
-0.481097 -3.037184
-0.482097 -3.037131
-0.483097 -3.037078
-0.484097 -3.037025
-0.485097 -3.036973
-0.486097 -3.036922
-0.487097 -3.036871
-0.488097 -3.036820
-0.489097 -3.036770
-0.490097 -3.036721
-0.491097 -3.036672
-0.492097 -3.036623
-0.493097 -3.036575
-0.494097 -3.036528
-0.495097 -3.036481
-0.496097 -3.036434
-0.497097 -3.036388
-0.498097 -3.036343
-0.499097 -3.036298
-0.500097 -3.036253
-0.501097 -3.036209
-0.502097 -3.036166
-0.503097 -3.036123
-0.504097 -3.036080
-0.505097 -3.036038
-0.506097 -3.035997
-0.507097 -3.035956
-0.508097 -3.035915
-0.509097 -3.035875
-0.510097 -3.035836
-0.511097 -3.035797
-0.512097 -3.035758
-0.513097 -3.035720
-0.514097 -3.035683
-0.515097 -3.035646
-0.516097 -3.035609
-0.517097 -3.035573
-0.518097 -3.035538
-0.519097 -3.035503
-0.520097 -3.035468
-0.521097 -3.035434
-0.522097 -3.035401
-0.523097 -3.035368
-0.524097 -3.035335
-0.525097 -3.035303
-0.526097 -3.035271
-0.527097 -3.035240
-0.528097 -3.035210
-0.529097 -3.035180
-0.530097 -3.035150
-0.531097 -3.035121
-0.532097 -3.035093
-0.533097 -3.035065
-0.534097 -3.035037
-0.535097 -3.035010
-0.536097 -3.034984
-0.537097 -3.034958
-0.538097 -3.034932
-0.539097 -3.034907
-0.540097 -3.034882
-0.541097 -3.034858
-0.542097 -3.034835
-0.543097 -3.034812
-0.544097 -3.034789
-0.545097 -3.034767
-0.546097 -3.034746
-0.547097 -3.034725
-0.548097 -3.034704
-0.549097 -3.034684
-0.550097 -3.034664
-0.551097 -3.034645
-0.552097 -3.034627
-0.553097 -3.034609
-0.554097 -3.034591
-0.555097 -3.034574
-0.556097 -3.034558
-0.557097 -3.034542
-0.558097 -3.034526
-0.559097 -3.034511
-0.560097 -3.034496
-0.561097 -3.034482
-0.562097 -3.034469
-0.563097 -3.034456
-0.564097 -3.034443
-0.565097 -3.034431
-0.566097 -3.034420
-0.567097 -3.034408
-0.568097 -3.034398
-0.569097 -3.034388
-0.570097 -3.034378
-0.571097 -3.034369
-0.572097 -3.034361
-0.573097 -3.034353
-0.574097 -3.034345
-0.575097 -3.034338
-0.576097 -3.034331
-0.577097 -3.034325
-0.578097 -3.034320
-0.579097 -3.034315
-0.580097 -3.034310
-0.581097 -3.034306
-0.582097 -3.034303
-0.583097 -3.034300
-0.584097 -3.034297
-0.585097 -3.034295
-0.586097 -3.034293
-0.587097 -3.034292
-0.588097 -3.034292
-0.589097 -3.034292
-0.590097 -3.034292
-0.591097 -3.034293
-0.592097 -3.034295
-0.593097 -3.034297
-0.594097 -3.034299
-0.595097 -3.034302
-0.596097 -3.034305
-0.597097 -3.034309
-0.598097 -3.034314
-0.599097 -3.034319
-0.600097 -3.034324
-0.601097 -3.034330
-0.602097 -3.034337
-0.603097 -3.034343
-0.604097 -3.034351
-0.605097 -3.034359
-0.606097 -3.034367
-0.607097 -3.034376
-0.608097 -3.034386
-0.609097 -3.034396
-0.610097 -3.034406
-0.611097 -3.034417
-0.612097 -3.034428
-0.613097 -3.034440
-0.614097 -3.034453
-0.615097 -3.034466
-0.616097 -3.034479
-0.617097 -3.034493
-0.618097 -3.034508
-0.619097 -3.034523
-0.620097 -3.034538
-0.621097 -3.034554
-0.622097 -3.034570
-0.623097 -3.034587
-0.624097 -3.034605
-0.625097 -3.034623
-0.626097 -3.034641
-0.627097 -3.034660
-0.628097 -3.034680
-0.629097 -3.034699
-0.630097 -3.034720
-0.631097 -3.034741
-0.632097 -3.034762
-0.633097 -3.034784
-0.634097 -3.034807
-0.635097 -3.034830
-0.636097 -3.034853
-0.637097 -3.034877
-0.638097 -3.034901
-0.639097 -3.034926
-0.640097 -3.034952
-0.641097 -3.034978
-0.642097 -3.035004
-0.643097 -3.035031
-0.644097 -3.035059
-0.645097 -3.035086
-0.646097 -3.035115
-0.647097 -3.035144
-0.648097 -3.035173
-0.649097 -3.035203
-0.650097 -3.035234
-0.651097 -3.035265
-0.652097 -3.035296
-0.653097 -3.035328
-0.654097 -3.035360
-0.655097 -3.035393
-0.656097 -3.035427
-0.657097 -3.035461
-0.658097 -3.035495
-0.659097 -3.035530
-0.660097 -3.035565
-0.661097 -3.035601
-0.662097 -3.035638
-0.663097 -3.035675
-0.664097 -3.035712
-0.665097 -3.035750
-0.666097 -3.035788
-0.667097 -3.035827
-0.668097 -3.035867
-0.669097 -3.035906
-0.670097 -3.035947
-0.671097 -3.035988
-0.672097 -3.036029
-0.673097 -3.036071
-0.674097 -3.036113
-0.675097 -3.036156
-0.676097 -3.036200
-0.677097 -3.036244
-0.678097 -3.036288
-0.679097 -3.036333
-0.680097 -3.036378
-0.681097 -3.036424
-0.682097 -3.036471
-0.683097 -3.036517
-0.684097 -3.036565
-0.685097 -3.036613
-0.686097 -3.036661
-0.687097 -3.036710
-0.688097 -3.036759
-0.689097 -3.036809
-0.690097 -3.036859
-0.691097 -3.036910
-0.692097 -3.036962
-0.693097 -3.037014
-0.694097 -3.037066
-0.695097 -3.037119
-0.696097 -3.037172
-0.697097 -3.037226
-0.698097 -3.037280
-0.699097 -3.037335
-0.700097 -3.037390
-0.701097 -3.037446
-0.702097 -3.037503
-0.703097 -3.037559
-0.704097 -3.037617
-0.705097 -3.037675
-0.706097 -3.037733
-0.707097 -3.037792
-0.708097 -3.037851
-0.709097 -3.037911
-0.710097 -3.037971
-0.711097 -3.038032
-0.712097 -3.038093
-0.713097 -3.038155
-0.714097 -3.038217
-0.715097 -3.038280
-0.716097 -3.038343
-0.717097 -3.038407
-0.718097 -3.038471
-0.719097 -3.038536
-0.720097 -3.038601
-0.721097 -3.038667
-0.722097 -3.038733
-0.723097 -3.038800
-0.724097 -3.038867
-0.725097 -3.038935
-0.726097 -3.039003
-0.727097 -3.039072
-0.728097 -3.039141
-0.729097 -3.039211
-0.730097 -3.039281
-0.731097 -3.039352
-0.732097 -3.039423
-0.733097 -3.039495
-0.734097 -3.039567
-0.735097 -3.039640
-0.736097 -3.039713
-0.737097 -3.039786
-0.738097 -3.039861
-0.739097 -3.039935
-0.740097 -3.040010
-0.741097 -3.040086
-0.742097 -3.040162
-0.743097 -3.040239
-0.744097 -3.040316
-0.745097 -3.040394
-0.746097 -3.040472
-0.747097 -3.040550
-0.748097 -3.040630
-0.749097 -3.040709
-0.750097 -3.040789
-0.751097 -3.040870
-0.752097 -3.040951
-0.753097 -3.041032
-0.754097 -3.041115
-0.755097 -3.041197
-0.756097 -3.041280
-0.757097 -3.041364
-0.758097 -3.041448
-0.759097 -3.041532
-0.760097 -3.041617
-0.761097 -3.041703
-0.762097 -3.041789
-0.763097 -3.041875
-0.764097 -3.041962
-0.765097 -3.042050
-0.766097 -3.042138
-0.767097 -3.042226
-0.768097 -3.042315
-0.769097 -3.042405
-0.770097 -3.042495
-0.771097 -3.042585
-0.772097 -3.042676
-0.773097 -3.042768
-0.774097 -3.042859
-0.775097 -3.042952
-0.776097 -3.043045
-0.777097 -3.043138
-0.778097 -3.043232
-0.779097 -3.043326
-0.780097 -3.043421
-0.781097 -3.043517
-0.782097 -3.043612
-0.783097 -3.043709
-0.784097 -3.043806
-0.785097 -3.043903
-0.786097 -3.044001
-0.787097 -3.044099
-0.788097 -3.044198
-0.789097 -3.044297
-0.790097 -3.044397
-0.791097 -3.044497
-0.792097 -3.044598
-0.793097 -3.044699
-0.794097 -3.044801
-0.795097 -3.044903
-0.796097 -3.045006
-0.797097 -3.045109
-0.798097 -3.045213
-0.799097 -3.045317
-0.800097 -3.045422
-0.801097 -3.045527
-0.802097 -3.045632
-0.803097 -3.045738
-0.804097 -3.045845
-0.805097 -3.045952
-0.806097 -3.046060
-0.807097 -3.046168
-0.808097 -3.046276
-0.809097 -3.046385
-0.810097 -3.046495
-0.811097 -3.046605
-0.812097 -3.046716
-0.813097 -3.046827
-0.814097 -3.046938
-0.815097 -3.047050
-0.816097 -3.047163
-0.817097 -3.047276
-0.818097 -3.047389
-0.819097 -3.047503
-0.820097 -3.047617
-0.821097 -3.047732
-0.822097 -3.047848
-0.823097 -3.047964
-0.824097 -3.048080
-0.825097 -3.048197
-0.826097 -3.048314
-0.827097 -3.048432
-0.828097 -3.048550
-0.829097 -3.048669
-0.830097 -3.048788
-0.831097 -3.048908
-0.832097 -3.049028
-0.833097 -3.049149
-0.834097 -3.049270
-0.835097 -3.049392
-0.836097 -3.049514
-0.837097 -3.049637
-0.838097 -3.049760
-0.839097 -3.049884
-0.840097 -3.050008
-0.841097 -3.050132
-0.842097 -3.050258
-0.843097 -3.050383
-0.844097 -3.050509
-0.845097 -3.050636
-0.846097 -3.050763
-0.847097 -3.050890
-0.848097 -3.051018
-0.849097 -3.051147
-0.850097 -3.051276
-0.851097 -3.051405
-0.852097 -3.051535
-0.853097 -3.051666
-0.854097 -3.051796
-0.855097 -3.051928
-0.856097 -3.052060
-0.857097 -3.052192
-0.858097 -3.052325
-0.859097 -3.052458
-0.860097 -3.052592
-0.861097 -3.052726
-0.862097 -3.052861
-0.863097 -3.052996
-0.864097 -3.053132
-0.865097 -3.053268
-0.866097 -3.053405
-0.867097 -3.053542
-0.868097 -3.053680
-0.869097 -3.053818
-0.870097 -3.053956
-0.871097 -3.054095
-0.872097 -3.054235
-0.873097 -3.054375
-0.874097 -3.054516
-0.875097 -3.054657
-0.876097 -3.054798
-0.877097 -3.054940
-0.878097 -3.055083
-0.879097 -3.055225
-0.880097 -3.055369
-0.881097 -3.055513
-0.882097 -3.055657
-0.883097 -3.055802
-0.884097 -3.055689
-0.885097 -3.055545
-0.886097 -3.055401
-0.887097 -3.055257
-0.888097 -3.055114
-0.889097 -3.054972
-0.890097 -3.054830
-0.891097 -3.054688
-0.892097 -3.054547
-0.893097 -3.054406
-0.894097 -3.054266
-0.895097 -3.054126
-0.896097 -3.053987
-0.897097 -3.053849
-0.898097 -3.053710
-0.899097 -3.053573
-0.900097 -3.053435
-0.901097 -3.053298
-0.902097 -3.053162
-0.903097 -3.053026
-0.904097 -3.052891
-0.905097 -3.052756
-0.906097 -3.052622
-0.907097 -3.052488
-0.908097 -3.052354
-0.909097 -3.052222
-0.910097 -3.052089
-0.911097 -3.051957
-0.912097 -3.051826
-0.913097 -3.051695
-0.914097 -3.051564
-0.915097 -3.051434
-0.916097 -3.051304
-0.917097 -3.051175
-0.918097 -3.051047
-0.919097 -3.050919
-0.920097 -3.050791
-0.921097 -3.050664
-0.922097 -3.050537
-0.923097 -3.050411
-0.924097 -3.050285
-0.925097 -3.050160
-0.926097 -3.050035
-0.927097 -3.049911
-0.928097 -3.049787
-0.929097 -3.049664
-0.930097 -3.049541
-0.931097 -3.049419
-0.932097 -3.049297
-0.933097 -3.049176
-0.934097 -3.049055
-0.935097 -3.048935
-0.936097 -3.048815
-0.937097 -3.048695
-0.938097 -3.048577
-0.939097 -3.048458
-0.940097 -3.048340
-0.941097 -3.048223
-0.942097 -3.048106
-0.943097 -3.047989
-0.944097 -3.047873
-0.945097 -3.047758
-0.946097 -3.047643
-0.947097 -3.047528
-0.948097 -3.047414
-0.949097 -3.047301
-0.950097 -3.047188
-0.951097 -3.047075
-0.952097 -3.046963
-0.953097 -3.046851
-0.954097 -3.046740
-0.955097 -3.046630
-0.956097 -3.046519
-0.957097 -3.046410
-0.958097 -3.046301
-0.959097 -3.046192
-0.960097 -3.046084
-0.961097 -3.045976
-0.962097 -3.045869
-0.963097 -3.045762
-0.964097 -3.045656
-0.965097 -3.045550
-0.966097 -3.045445
-0.967097 -3.045340
-0.968097 -3.045236
-0.969097 -3.045132
-0.970097 -3.045029
-0.971097 -3.044926
-0.972097 -3.044824
-0.973097 -3.044722
-0.974097 -3.044620
-0.975097 -3.044519
-0.976097 -3.044419
-0.977097 -3.044319
-0.978097 -3.044220
-0.979097 -3.044121
-0.980097 -3.044023
-0.981097 -3.043925
-0.982097 -3.043827
-0.983097 -3.043730
-0.984097 -3.043634
-0.985097 -3.043538
-0.986097 -3.043442
-0.987097 -3.043347
-0.988097 -3.043253
-0.989097 -3.043159
-0.990097 -3.043065
-0.991097 -3.042972
-0.992097 -3.042880
-0.993097 -3.042788
-0.994097 -3.042696
-0.995097 -3.042605
-0.996097 -3.042515
-0.997097 -3.042425
-0.998097 -3.042335
-0.999097 -3.042246
-1.000097 -3.042157
-1.001097 -3.042069
-1.002097 -3.041982
-1.003097 -3.041895
-1.004097 -3.041808
-1.005097 -3.041722
-1.006097 -3.041636
-1.007097 -3.041551
-1.008097 -3.041466
-1.009097 -3.041382
-1.010097 -3.041299
-1.011097 -3.041216
-1.012097 -3.041133
-1.013097 -3.041051
-1.014097 -3.040969
-1.015097 -3.040888
-1.016097 -3.040807
-1.017097 -3.040727
-1.018097 -3.040647
-1.019097 -3.040568
-1.020097 -3.040489
-1.021097 -3.040411
-1.022097 -3.040333
-1.023097 -3.040256
-1.024097 -3.040179
-1.025097 -3.040103
-1.026097 -3.040027
-1.027097 -3.039952
-1.028097 -3.039877
-1.029097 -3.039803
-1.030097 -3.039729
-1.031097 -3.039656
-1.032097 -3.039583
-1.033097 -3.039511
-1.034097 -3.039439
-1.035097 -3.039368
-1.036097 -3.039297
-1.037097 -3.039226
-1.038097 -3.039157
-1.039097 -3.039087
-1.040097 -3.039018
-1.041097 -3.038950
-1.042097 -3.038882
-1.043097 -3.038815
-1.044097 -3.038748
-1.045097 -3.038682
-1.046097 -3.038616
-1.047097 -3.038550
-1.048097 -3.038486
-1.049097 -3.038421
-1.050097 -3.038357
-1.051097 -3.038294
-1.052097 -3.038231
-1.053097 -3.038169
-1.054097 -3.038107
-1.055097 -3.038045
-1.056097 -3.037984
-1.057097 -3.037924
-1.058097 -3.037864
-1.059097 -3.037805
-1.060097 -3.037746
-1.061097 -3.037687
-1.062097 -3.037629
-1.063097 -3.037572
-1.064097 -3.037515
-1.065097 -3.037459
-1.066097 -3.037403
-1.067097 -3.037347
-1.068097 -3.037292
-1.069097 -3.037238
-1.070097 -3.037184
-1.071097 -3.037131
-1.072097 -3.037078
-1.073097 -3.037025
-1.074097 -3.036973
-1.075097 -3.036922
-1.076097 -3.036871
-1.077097 -3.036820
-1.078097 -3.036770
-1.079097 -3.036721
-1.080097 -3.036672
-1.081097 -3.036623
-1.082097 -3.036575
-1.083097 -3.036528
-1.084097 -3.036481
-1.085097 -3.036434
-1.086097 -3.036388
-1.087097 -3.036343
-1.088097 -3.036298
-1.089097 -3.036253
-1.090097 -3.036209
-1.091097 -3.036166
-1.092097 -3.036123
-1.093097 -3.036080
-1.094097 -3.036038
-1.095097 -3.035997
-1.096097 -3.035956
-1.097097 -3.035915
-1.098097 -3.035875
-1.099097 -3.035836
-1.100097 -3.035797
-1.101097 -3.035758
-1.102097 -3.035720
-1.103097 -3.035683
-1.104097 -3.035646
-1.105097 -3.035609
-1.106097 -3.035573
-1.107097 -3.035538
-1.108097 -3.035503
-1.109097 -3.035468
-1.110097 -3.035434
-1.111097 -3.035401
-1.112097 -3.035368
-1.113097 -3.035335
-1.114097 -3.035303
-1.115097 -3.035271
-1.116097 -3.035240
-1.117097 -3.035210
-1.118097 -3.035180
-1.119097 -3.035150
-1.120097 -3.035121
-1.121097 -3.035093
-1.122097 -3.035065
-1.123097 -3.035037
-1.124097 -3.035010
-1.125097 -3.034984
-1.126097 -3.034958
-1.127097 -3.034932
-1.128097 -3.034907
-1.129097 -3.034882
-1.130097 -3.034858
-1.131097 -3.034835
-1.132097 -3.034812
-1.133097 -3.034789
-1.134097 -3.034767
-1.135097 -3.034746
-1.136097 -3.034725
-1.137097 -3.034704
-1.138097 -3.034684
-1.139097 -3.034664
-1.140097 -3.034645
-1.141097 -3.034627
-1.142097 -3.034609
-1.143097 -3.034591
-1.144097 -3.034574
-1.145097 -3.034558
-1.146097 -3.034542
-1.147097 -3.034526
-1.148097 -3.034511
-1.149097 -3.034496
-1.150097 -3.034482
-1.151097 -3.034469
-1.152097 -3.034456
-1.153097 -3.034443
-1.154097 -3.034431
-1.155097 -3.034420
-1.156097 -3.034408
-1.157097 -3.034398
-1.158097 -3.034388
-1.159097 -3.034378
-1.160097 -3.034369
-1.161097 -3.034361
-1.162097 -3.034353
-1.163097 -3.034345
-1.164097 -3.034338
-1.165097 -3.034331
-1.166097 -3.034325
-1.167097 -3.034320
-1.168097 -3.034315
-1.169097 -3.034310
-1.170097 -3.034306
-1.171097 -3.034303
-1.172097 -3.034300
-1.173097 -3.034297
-1.174097 -3.034295
-1.175097 -3.034293
-1.176097 -3.034292
-1.177097 -3.034292
-1.178097 -3.034292
