-0.883573 3.338409
-0.882573 3.338388
-0.881573 3.338290
-0.880573 3.338194
-0.879573 3.338098
-0.878573 3.338002
-0.877573 3.337907
-0.876573 3.337812
-0.875573 3.337718
-0.874573 3.337624
-0.873573 3.337531
-0.872573 3.337438
-0.871573 3.337346
-0.870573 3.337255
-0.869573 3.337163
-0.868573 3.337073
-0.867573 3.336982
-0.866573 3.336893
-0.865573 3.336803
-0.864573 3.336715
-0.863573 3.336626
-0.862573 3.336538
-0.861573 3.336451
-0.860573 3.336364
-0.859573 3.336278
-0.858573 3.336192
-0.857573 3.336107
-0.856573 3.336022
-0.855573 3.335938
-0.854573 3.335854
-0.853573 3.335771
-0.852573 3.335688
-0.851573 3.335605
-0.850573 3.335523
-0.849573 3.335442
-0.848573 3.335361
-0.847573 3.335281
-0.846573 3.335201
-0.845573 3.335122
-0.844573 3.335043
-0.843573 3.334964
-0.842573 3.334886
-0.841573 3.334809
-0.840573 3.334732
-0.839573 3.334655
-0.838573 3.334580
-0.837573 3.334504
-0.836573 3.334429
-0.835573 3.334355
-0.834573 3.334281
-0.833573 3.334207
-0.832573 3.334134
-0.831573 3.334062
-0.830573 3.333990
-0.829573 3.333918
-0.828573 3.333847
-0.827573 3.333777
-0.826573 3.333707
-0.825573 3.333637
-0.824573 3.333568
-0.823573 3.333500
-0.822573 3.333432
-0.821573 3.333364
-0.820573 3.333297
-0.819573 3.333231
-0.818573 3.333165
-0.817573 3.333099
-0.816573 3.333034
-0.815573 3.332969
-0.814573 3.332905
-0.813573 3.332842
-0.812573 3.332779
-0.811573 3.332716
-0.810573 3.332654
-0.809573 3.332592
-0.808573 3.332531
-0.807573 3.332471
-0.806573 3.332411
-0.805573 3.332351
-0.804573 3.332292
-0.803573 3.332233
-0.802573 3.332175
-0.801573 3.332118
-0.800573 3.332060
-0.799573 3.332004
-0.798573 3.331948
-0.797573 3.331892
-0.796573 3.331837
-0.795573 3.331782
-0.794573 3.331728
-0.793573 3.331675
-0.792573 3.331621
-0.791573 3.331569
-0.790573 3.331517
-0.789573 3.331465
-0.788573 3.331414
-0.787573 3.331363
-0.786573 3.331313
-0.785573 3.331263
-0.784573 3.331214
-0.783573 3.331166
-0.782573 3.331117
-0.781573 3.331070
-0.780573 3.331023
-0.779573 3.330976
-0.778573 3.330930
-0.777573 3.330884
-0.776573 3.330839
-0.775573 3.330794
-0.774573 3.330750
-0.773573 3.330706
-0.772573 3.330663
-0.771573 3.330620
-0.770573 3.330578
-0.769573 3.330537
-0.768573 3.330495
-0.767573 3.330455
-0.766573 3.330414
-0.765573 3.330375
-0.764573 3.330336
-0.763573 3.330297
-0.762573 3.330259
-0.761573 3.330221
-0.760573 3.330184
-0.759573 3.330147
-0.758573 3.330111
-0.757573 3.330075
-0.756573 3.330040
-0.755573 3.330005
-0.754573 3.329971
-0.753573 3.329937
-0.752573 3.329904
-0.751573 3.329871
-0.750573 3.329839
-0.749573 3.329807
-0.748573 3.329776
-0.747573 3.329745
-0.746573 3.329715
-0.745573 3.329686
-0.744573 3.329656
-0.743573 3.329628
-0.742573 3.329599
-0.741573 3.329572
-0.740573 3.329544
-0.739573 3.329518
-0.738573 3.329491
-0.737573 3.329466
-0.736573 3.329440
-0.735573 3.329416
-0.734573 3.329391
-0.733573 3.329368
-0.732573 3.329345
-0.731573 3.329322
-0.730573 3.329300
-0.729573 3.329278
-0.728573 3.329257
-0.727573 3.329236
-0.726573 3.329216
-0.725573 3.329196
-0.724573 3.329177
-0.723573 3.329158
-0.722573 3.329140
-0.721573 3.329122
-0.720573 3.329105
-0.719573 3.329088
-0.718573 3.329072
-0.717573 3.329056
-0.716573 3.329041
-0.715573 3.329026
-0.714573 3.329012
-0.713573 3.328998
-0.712573 3.328985
-0.711573 3.328972
-0.710573 3.328960
-0.709573 3.328948
-0.708573 3.328937
-0.707573 3.328926
-0.706573 3.328916
-0.705573 3.328906
-0.704573 3.328897
-0.703573 3.328888
-0.702573 3.328880
-0.701573 3.328872
-0.700573 3.328865
-0.699573 3.328858
-0.698573 3.328852
-0.697573 3.328846
-0.696573 3.328841
-0.695573 3.328836
-0.694573 3.328832
-0.693573 3.328828
-0.692573 3.328825
-0.691573 3.328822
-0.690573 3.328820
-0.689573 3.328818
-0.688573 3.328817
-0.687573 3.328816
-0.686573 3.328816
-0.685573 3.328816
-0.684573 3.328817
-0.683573 3.328818
-0.682573 3.328820
-0.681573 3.328822
-0.680573 3.328825
-0.679573 3.328828
-0.678573 3.328832
-0.677573 3.328836
-0.676573 3.328841
-0.675573 3.328846
-0.674573 3.328852
-0.673573 3.328858
-0.672573 3.328865
-0.671573 3.328872
-0.670573 3.328880
-0.669573 3.328888
-0.668573 3.328897
-0.667573 3.328906
-0.666573 3.328916
-0.665573 3.328926
-0.664573 3.328937
-0.663573 3.328949
-0.662573 3.328960
-0.661573 3.328973
-0.660573 3.328985
-0.659573 3.328999
-0.658573 3.329012
-0.657573 3.329027
-0.656573 3.329041
-0.655573 3.329057
-0.654573 3.329072
-0.653573 3.329089
-0.652573 3.329105
-0.651573 3.329123
-0.650573 3.329140
-0.649573 3.329159
-0.648573 3.329177
-0.647573 3.329197
-0.646573 3.329216
-0.645573 3.329237
-0.644573 3.329257
-0.643573 3.329279
-0.642573 3.329300
-0.641573 3.329323
-0.640573 3.329345
-0.639573 3.329369
-0.638573 3.329392
-0.637573 3.329417
-0.636573 3.329441
-0.635573 3.329467
-0.634573 3.329492
-0.633573 3.329519
-0.632573 3.329545
-0.631573 3.329573
-0.630573 3.329600
-0.629573 3.329629
-0.628573 3.329657
-0.627573 3.329687
-0.626573 3.329716
-0.625573 3.329747
-0.624573 3.329777
-0.623573 3.329809
-0.622573 3.329840
-0.621573 3.329873
-0.620573 3.329905
-0.619573 3.329938
-0.618573 3.329972
-0.617573 3.330006
-0.616573 3.330041
-0.615573 3.330076
-0.614573 3.330112
-0.613573 3.330148
-0.612573 3.330185
-0.611573 3.330222
-0.610573 3.330260
-0.609573 3.330298
-0.608573 3.330337
-0.607573 3.330376
-0.606573 3.330416
-0.605573 3.330456
-0.604573 3.330497
-0.603573 3.330538
-0.602573 3.330580
-0.601573 3.330622
-0.600573 3.330665
-0.599573 3.330708
-0.598573 3.330752
-0.597573 3.330796
-0.596573 3.330841
-0.595573 3.330886
-0.594573 3.330931
-0.593573 3.330978
-0.592573 3.331024
-0.591573 3.331071
-0.590573 3.331119
-0.589573 3.331167
-0.588573 3.331205
-0.587573 3.331157
-0.586573 3.331109
-0.585573 3.331061
-0.584573 3.331014
-0.583573 3.330967
-0.582573 3.330921
-0.581573 3.330876
-0.580573 3.330831
-0.579573 3.330786
-0.578573 3.330742
-0.577573 3.330698
-0.576573 3.330655
-0.575573 3.330613
-0.574573 3.330570
-0.573573 3.330529
-0.572573 3.330488
-0.571573 3.330447
-0.570573 3.330407
-0.569573 3.330367
-0.568573 3.330328
-0.567573 3.330290
-0.566573 3.330252
-0.565573 3.330214
-0.564573 3.330177
-0.563573 3.330140
-0.562573 3.330104
-0.561573 3.330069
-0.560573 3.330033
-0.559573 3.329999
-0.558573 3.329965
-0.557573 3.329931
-0.556573 3.329898
-0.555573 3.329865
-0.554573 3.329833
-0.553573 3.329802
-0.552573 3.329770
-0.551573 3.329740
-0.550573 3.329710
-0.549573 3.329680
-0.548573 3.329651
-0.547573 3.329622
-0.546573 3.329594
-0.545573 3.329567
-0.544573 3.329539
-0.543573 3.329513
-0.542573 3.329487
-0.541573 3.329461
-0.540573 3.329436
-0.539573 3.329411
-0.538573 3.329387
-0.537573 3.329363
-0.536573 3.329340
-0.535573 3.329318
-0.534573 3.329295
-0.533573 3.329274
-0.532573 3.329253
-0.531573 3.329232
-0.530573 3.329212
-0.529573 3.329192
-0.528573 3.329173
-0.527573 3.329155
-0.526573 3.329136
-0.525573 3.329119
-0.524573 3.329102
-0.523573 3.329085
-0.522573 3.329069
-0.521573 3.329053
-0.520573 3.329038
-0.519573 3.329023
-0.518573 3.329009
-0.517573 3.328996
-0.516573 3.328982
-0.515573 3.328970
-0.514573 3.328958
-0.513573 3.328946
-0.512573 3.328935
-0.511573 3.328924
-0.510573 3.328914
-0.509573 3.328904
-0.508573 3.328895
-0.507573 3.328887
-0.506573 3.328878
-0.505573 3.328871
-0.504573 3.328864
-0.503573 3.328857
-0.502573 3.328851
-0.501573 3.328845
-0.500573 3.328840
-0.499573 3.328835
-0.498573 3.328831
-0.497573 3.328828
-0.496573 3.328824
-0.495573 3.328822
-0.494573 3.328820
-0.493573 3.328818
-0.492573 3.328817
-0.491573 3.328816
-0.490573 3.328816
-0.489573 3.328816
-0.488573 3.328817
-0.487573 3.328819
-0.486573 3.328820
-0.485573 3.328823
-0.484573 3.328826
-0.483573 3.328829
-0.482573 3.328833
-0.481573 3.328837
-0.480573 3.328842
-0.479573 3.328847
-0.478573 3.328853
-0.477573 3.328860
-0.476573 3.328866
-0.475573 3.328874
-0.474573 3.328882
-0.473573 3.328890
-0.472573 3.328899
-0.471573 3.328908
-0.470573 3.328918
-0.469573 3.328928
-0.468573 3.328939
-0.467573 3.328951
-0.466573 3.328962
-0.465573 3.328975
-0.464573 3.328988
-0.463573 3.329001
-0.462573 3.329015
-0.461573 3.329029
-0.460573 3.329044
-0.459573 3.329059
-0.458573 3.329075
-0.457573 3.329092
-0.456573 3.329108
-0.455573 3.329126
-0.454573 3.329144
-0.453573 3.329162
-0.452573 3.329181
-0.451573 3.329200
-0.450573 3.329220
-0.449573 3.329240
-0.448573 3.329261
-0.447573 3.329283
-0.446573 3.329304
-0.445573 3.329327
-0.444573 3.329350
-0.443573 3.329373
-0.442573 3.329397
-0.441573 3.329421
-0.440573 3.329446
-0.439573 3.329471
-0.438573 3.329497
-0.437573 3.329524
-0.436573 3.329550
-0.435573 3.329578
-0.434573 3.329606
-0.433573 3.329634
-0.432573 3.329663
-0.431573 3.329692
-0.430573 3.329722
-0.429573 3.329752
-0.428573 3.329783
-0.427573 3.329814
-0.426573 3.329846
-0.425573 3.329879
-0.424573 3.329911
-0.423573 3.329945
-0.422573 3.329979
-0.421573 3.330013
-0.420573 3.330048
-0.419573 3.330083
-0.418573 3.330119
-0.417573 3.330155
-0.416573 3.330192
-0.415573 3.330229
-0.414573 3.330267
-0.413573 3.330305
-0.412573 3.330344
-0.411573 3.330384
-0.410573 3.330423
-0.409573 3.330464
-0.408573 3.330504
-0.407573 3.330546
-0.406573 3.330588
-0.405573 3.330630
-0.404573 3.330673
-0.403573 3.330716
-0.402573 3.330760
-0.401573 3.330804
-0.400573 3.330849
-0.399573 3.330894
-0.398573 3.330940
-0.397573 3.330986
-0.396573 3.331033
-0.395573 3.331080
-0.394573 3.331128
-0.393573 3.331176
-0.392573 3.331225
-0.391573 3.331274
-0.390573 3.331324
-0.389573 3.331374
-0.388573 3.331425
-0.387573 3.331476
-0.386573 3.331528
-0.385573 3.331580
-0.384573 3.331633
-0.383573 3.331686
-0.382573 3.331740
-0.381573 3.331794
-0.380573 3.331849
-0.379573 3.331904
-0.378573 3.331960
-0.377573 3.332016
-0.376573 3.332073
-0.375573 3.332130
-0.374573 3.332188
-0.373573 3.332246
-0.372573 3.332305
-0.371573 3.332364
-0.370573 3.332424
-0.369573 3.332484
-0.368573 3.332545
-0.367573 3.332606
-0.366573 3.332668
-0.365573 3.332730
-0.364573 3.332793
-0.363573 3.332856
-0.362573 3.332919
-0.361573 3.332984
-0.360573 3.333048
-0.359573 3.333113
-0.358573 3.333179
-0.357573 3.333245
-0.356573 3.333312
-0.355573 3.333379
-0.354573 3.333447
-0.353573 3.333515
-0.352573 3.333584
-0.351573 3.333653
-0.350573 3.333722
-0.349573 3.333792
-0.348573 3.333863
-0.347573 3.333934
-0.346573 3.334006
-0.345573 3.334078
-0.344573 3.334150
-0.343573 3.334224
-0.342573 3.334297
-0.341573 3.334371
-0.340573 3.334446
-0.339573 3.334521
-0.338573 3.334596
-0.337573 3.334672
-0.336573 3.334749
-0.335573 3.334826
-0.334573 3.334904
-0.333573 3.334982
-0.332573 3.335060
-0.331573 3.335139
-0.330573 3.335219
-0.329573 3.335299
-0.328573 3.335379
-0.327573 3.335460
-0.326573 3.335542
-0.325573 3.335624
-0.324573 3.335706
-0.323573 3.335789
-0.322573 3.335873
-0.321573 3.335956
-0.320573 3.336041
-0.319573 3.336126
-0.318573 3.336211
-0.317573 3.336297
-0.316573 3.336384
-0.315573 3.336471
-0.314573 3.336558
-0.313573 3.336646
-0.312573 3.336734
-0.311573 3.336823
-0.310573 3.336912
-0.309573 3.337002
-0.308573 3.337093
-0.307573 3.337184
-0.306573 3.337275
-0.305573 3.337367
-0.304573 3.337459
-0.303573 3.337552
-0.302573 3.337645
-0.301573 3.337739
-0.300573 3.337833
-0.299573 3.337928
-0.298573 3.338023
-0.297573 3.338119
-0.296573 3.338215
-0.295573 3.338312
-0.294573 3.338409
-0.293573 3.338388
-0.292573 3.338290
-0.291573 3.338194
-0.290573 3.338098
-0.289573 3.338002
-0.288573 3.337907
-0.287573 3.337812
-0.286573 3.337718
-0.285573 3.337624
-0.284573 3.337531
-0.283573 3.337438
-0.282573 3.337346
-0.281573 3.337255
-0.280573 3.337163
-0.279573 3.337073
-0.278573 3.336982
-0.277573 3.336893
-0.276573 3.336803
-0.275573 3.336715
-0.274573 3.336626
-0.273573 3.336538
-0.272573 3.336451
-0.271573 3.336364
-0.270573 3.336278
-0.269573 3.336192
-0.268573 3.336107
-0.267573 3.336022
-0.266573 3.335938
-0.265573 3.335854
-0.264573 3.335771
-0.263573 3.335688
-0.262573 3.335605
-0.261573 3.335523
-0.260573 3.335442
-0.259573 3.335361
-0.258573 3.335281
-0.257573 3.335201
-0.256573 3.335122
-0.255573 3.335043
-0.254573 3.334964
-0.253573 3.334886
-0.252573 3.334809
-0.251573 3.334732
-0.250573 3.334655
-0.249573 3.334580
-0.248573 3.334504
-0.247573 3.334429
-0.246573 3.334355
-0.245573 3.334281
-0.244573 3.334207
-0.243573 3.334134
-0.242573 3.334062
-0.241573 3.333990
-0.240573 3.333918
-0.239573 3.333847
-0.238573 3.333777
-0.237573 3.333707
-0.236573 3.333637
-0.235573 3.333568
-0.234573 3.333500
-0.233573 3.333432
-0.232573 3.333364
-0.231573 3.333297
-0.230573 3.333231
-0.229573 3.333165
-0.228573 3.333099
-0.227573 3.333034
-0.226573 3.332969
-0.225573 3.332905
-0.224573 3.332842
-0.223573 3.332779
-0.222573 3.332716
-0.221573 3.332654
-0.220573 3.332592
-0.219573 3.332531
-0.218573 3.332471
-0.217573 3.332411
-0.216573 3.332351
-0.215573 3.332292
-0.214573 3.332233
-0.213573 3.332175
-0.212573 3.332118
-0.211573 3.332060
-0.210573 3.332004
-0.209573 3.331948
-0.208573 3.331892
-0.207573 3.331837
-0.206573 3.331782
-0.205573 3.331728
-0.204573 3.331675
-0.203573 3.331621
-0.202573 3.331569
-0.201573 3.331517
-0.200573 3.331465
-0.199573 3.331414
-0.198573 3.331363
-0.197573 3.331313
-0.196573 3.331263
-0.195573 3.331214
-0.194573 3.331166
-0.193573 3.331117
-0.192573 3.331070
-0.191573 3.331023
-0.190573 3.330976
-0.189573 3.330930
-0.188573 3.330884
-0.187573 3.330839
-0.186573 3.330794
-0.185573 3.330750
-0.184573 3.330706
-0.183573 3.330663
-0.182573 3.330620
-0.181573 3.330578
-0.180573 3.330537
-0.179573 3.330495
-0.178573 3.330455
-0.177573 3.330414
-0.176573 3.330375
-0.175573 3.330336
-0.174573 3.330297
-0.173573 3.330259
-0.172573 3.330221
-0.171573 3.330184
-0.170573 3.330147
-0.169573 3.330111
-0.168573 3.330075
-0.167573 3.330040
-0.166573 3.330005
-0.165573 3.329971
-0.164573 3.329937
-0.163573 3.329904
-0.162573 3.329871
-0.161573 3.329839
-0.160573 3.329807
-0.159573 3.329776
-0.158573 3.329745
-0.157573 3.329715
-0.156573 3.329686
-0.155573 3.329656
-0.154573 3.329628
-0.153573 3.329599
-0.152573 3.329572
-0.151573 3.329544
-0.150573 3.329518
-0.149573 3.329491
-0.148573 3.329466
-0.147573 3.329440
-0.146573 3.329416
-0.145573 3.329391
-0.144573 3.329368
-0.143573 3.329345
-0.142573 3.329322
-0.141573 3.329300
-0.140573 3.329278
-0.139573 3.329257
-0.138573 3.329236
-0.137573 3.329216
-0.136573 3.329196
-0.135573 3.329177
-0.134573 3.329158
-0.133573 3.329140
-0.132573 3.329122
-0.131573 3.329105
-0.130573 3.329088
-0.129573 3.329072
-0.128573 3.329056
-0.127573 3.329041
-0.126573 3.329026
-0.125573 3.329012
-0.124573 3.328998
-0.123573 3.328985
-0.122573 3.328972
-0.121573 3.328960
-0.120573 3.328948
-0.119573 3.328937
-0.118573 3.328926
-0.117573 3.328916
-0.116573 3.328906
-0.115573 3.328897
-0.114573 3.328888
-0.113573 3.328880
-0.112573 3.328872
-0.111573 3.328865
-0.110573 3.328858
-0.109573 3.328852
-0.108573 3.328846
-0.107573 3.328841
-0.106573 3.328836
-0.105573 3.328832
-0.104573 3.328828
-0.103573 3.328825
-0.102573 3.328822
-0.101573 3.328820
-0.100573 3.328818
-0.099573 3.328817
-0.098573 3.328816
-0.097573 3.328816
-0.096573 3.328816
-0.095573 3.328817
-0.094573 3.328818
-0.093573 3.328820
-0.092573 3.328822
-0.091573 3.328825
-0.090573 3.328828
-0.089573 3.328832
-0.088573 3.328836
-0.087573 3.328841
-0.086573 3.328846
-0.085573 3.328852
-0.084573 3.328858
-0.083573 3.328865
-0.082573 3.328872
-0.081573 3.328880
-0.080573 3.328888
-0.079573 3.328897
-0.078573 3.328906
-0.077573 3.328916
-0.076573 3.328926
-0.075573 3.328937
-0.074573 3.328949
-0.073573 3.328960
-0.072573 3.328973
-0.071573 3.328985
-0.070573 3.328999
-0.069573 3.329012
-0.068573 3.329027
-0.067573 3.329041
-0.066573 3.329057
-0.065573 3.329072
-0.064573 3.329089
-0.063573 3.329105
-0.062573 3.329123
-0.061573 3.329140
-0.060573 3.329159
-0.059573 3.329177
-0.058573 3.329197
-0.057573 3.329216
-0.056573 3.329237
-0.055573 3.329257
-0.054573 3.329279
-0.053573 3.329300
-0.052573 3.329323
-0.051573 3.329345
-0.050573 3.329369
-0.049573 3.329392
-0.048573 3.329417
-0.047573 3.329441
-0.046573 3.329467
-0.045573 3.329492
-0.044573 3.329519
-0.043573 3.329545
-0.042573 3.329573
-0.041573 3.329600
-0.040573 3.329629
-0.039573 3.329657
-0.038573 3.329687
-0.037573 3.329716
-0.036573 3.329747
-0.035573 3.329777
-0.034573 3.329809
-0.033573 3.329840
-0.032573 3.329873
-0.031573 3.329905
-0.030573 3.329938
-0.029573 3.329972
-0.028573 3.330006
-0.027573 3.330041
-0.026573 3.330076
-0.025573 3.330112
-0.024573 3.330148
-0.023573 3.330185
-0.022573 3.330222
-0.021573 3.330260
-0.020573 3.330298
-0.019573 3.330337
-0.018573 3.330376
-0.017573 3.330416
-0.016573 3.330456
-0.015573 3.330497
-0.014573 3.330538
-0.013573 3.330580
-0.012573 3.330622
-0.011573 3.330665
-0.010573 3.330708
-0.009573 3.330752
-0.008573 3.330796
-0.007573 3.330841
-0.006573 3.330886
-0.005573 3.330931
-0.004573 3.330978
-0.003573 3.331024
-0.002573 3.331071
-0.001573 3.331119
-0.000573 3.331167
0.000427 3.331205
0.001427 3.331157
0.002427 3.331109
0.003427 3.331061
0.004427 3.331014
0.005427 3.330967
0.006427 3.330921
0.007427 3.330876
0.008427 3.330831
0.009427 3.330786
0.010427 3.330742
0.011427 3.330698
0.012427 3.330655
0.013427 3.330613
0.014427 3.330570
0.015427 3.330529
0.016427 3.330488
0.017427 3.330447
0.018427 3.330407
0.019427 3.330367
0.020427 3.330328
0.021427 3.330290
0.022427 3.330252
0.023427 3.330214
0.024427 3.330177
0.025427 3.330140
0.026427 3.330104
0.027427 3.330069
0.028427 3.330033
0.029427 3.329999
0.030427 3.329965
0.031427 3.329931
0.032427 3.329898
0.033427 3.329865
0.034427 3.329833
0.035427 3.329802
0.036427 3.329770
0.037427 3.329740
0.038427 3.329710
0.039427 3.329680
0.040427 3.329651
0.041427 3.329622
0.042427 3.329594
0.043427 3.329567
0.044427 3.329539
0.045427 3.329513
0.046427 3.329487
0.047427 3.329461
0.048427 3.329436
0.049427 3.329411
0.050427 3.329387
0.051427 3.329363
0.052427 3.329340
0.053427 3.329318
0.054427 3.329295
0.055427 3.329274
0.056427 3.329253
0.057427 3.329232
0.058427 3.329212
0.059427 3.329192
0.060427 3.329173
0.061427 3.329155
0.062427 3.329136
0.063427 3.329119
0.064427 3.329102
0.065427 3.329085
0.066427 3.329069
0.067427 3.329053
0.068427 3.329038
0.069427 3.329023
0.070427 3.329009
0.071427 3.328996
0.072427 3.328982
0.073427 3.328970
0.074427 3.328958
0.075427 3.328946
0.076427 3.328935
0.077427 3.328924
0.078427 3.328914
0.079427 3.328904
0.080427 3.328895
0.081427 3.328887
0.082427 3.328878
0.083427 3.328871
0.084427 3.328864
0.085427 3.328857
0.086427 3.328851
0.087427 3.328845
0.088427 3.328840
0.089427 3.328835
0.090427 3.328831
0.091427 3.328828
0.092427 3.328824
0.093427 3.328822
0.094427 3.328820
0.095427 3.328818
0.096427 3.328817
0.097427 3.328816
0.098427 3.328816
0.099427 3.328816
0.100427 3.328817
0.101427 3.328819
0.102427 3.328820
0.103427 3.328823
0.104427 3.328826
0.105427 3.328829
0.106427 3.328833
0.107427 3.328837
0.108427 3.328842
0.109427 3.328847
0.110427 3.328853
0.111427 3.328860
0.112427 3.328866
0.113427 3.328874
0.114427 3.328882
0.115427 3.328890
0.116427 3.328899
0.117427 3.328908
0.118427 3.328918
0.119427 3.328928
0.120427 3.328939
0.121427 3.328951
0.122427 3.328962
0.123427 3.328975
0.124427 3.328988
0.125427 3.329001
0.126427 3.329015
0.127427 3.329029
0.128427 3.329044
0.129427 3.329059
0.130427 3.329075
0.131427 3.329092
0.132427 3.329108
0.133427 3.329126
0.134427 3.329144
0.135427 3.329162
0.136427 3.329181
0.137427 3.329200
0.138427 3.329220
0.139427 3.329240
0.140427 3.329261
0.141427 3.329283
0.142427 3.329304
0.143427 3.329327
0.144427 3.329350
0.145427 3.329373
0.146427 3.329397
0.147427 3.329421
0.148427 3.329446
0.149427 3.329471
0.150427 3.329497
0.151427 3.329524
0.152427 3.329550
0.153427 3.329578
0.154427 3.329606
0.155427 3.329634
0.156427 3.329663
0.157427 3.329692
0.158427 3.329722
0.159427 3.329752
0.160427 3.329783
0.161427 3.329814
0.162427 3.329846
0.163427 3.329879
0.164427 3.329911
0.165427 3.329945
0.166427 3.329979
0.167427 3.330013
0.168427 3.330048
0.169427 3.330083
0.170427 3.330119
0.171427 3.330155
0.172427 3.330192
0.173427 3.330229
0.174427 3.330267
0.175427 3.330305
0.176427 3.330344
0.177427 3.330384
0.178427 3.330423
0.179427 3.330464
0.180427 3.330504
0.181427 3.330546
0.182427 3.330588
0.183427 3.330630
0.184427 3.330673
0.185427 3.330716
0.186427 3.330760
0.187427 3.330804
0.188427 3.330849
0.189427 3.330894
0.190427 3.330940
0.191427 3.330986
0.192427 3.331033
0.193427 3.331080
0.194427 3.331128
0.195427 3.331176
0.196427 3.331225
0.197427 3.331274
0.198427 3.331324
0.199427 3.331374
0.200427 3.331425
0.201427 3.331476
0.202427 3.331528
0.203427 3.331580
0.204427 3.331633
0.205427 3.331686
0.206427 3.331740
0.207427 3.331794
0.208427 3.331849
0.209427 3.331904
0.210427 3.331960
0.211427 3.332016
0.212427 3.332073
0.213427 3.332130
0.214427 3.332188
0.215427 3.332246
0.216427 3.332305
0.217427 3.332364
0.218427 3.332424
0.219427 3.332484
0.220427 3.332545
0.221427 3.332606
0.222427 3.332668
0.223427 3.332730
0.224427 3.332793
0.225427 3.332856
0.226427 3.332919
0.227427 3.332984
0.228427 3.333048
0.229427 3.333113
0.230427 3.333179
0.231427 3.333245
0.232427 3.333312
0.233427 3.333379
0.234427 3.333447
0.235427 3.333515
0.236427 3.333584
0.237427 3.333653
0.238427 3.333722
0.239427 3.333792
0.240427 3.333863
0.241427 3.333934
0.242427 3.334006
0.243427 3.334078
0.244427 3.334150
0.245427 3.334224
0.246427 3.334297
0.247427 3.334371
0.248427 3.334446
0.249427 3.334521
0.250427 3.334596
0.251427 3.334672
0.252427 3.334749
0.253427 3.334826
0.254427 3.334904
0.255427 3.334982
0.256427 3.335060
0.257427 3.335139
0.258427 3.335219
0.259427 3.335299
0.260427 3.335379
0.261427 3.335460
0.262427 3.335542
0.263427 3.335624
0.264427 3.335706
0.265427 3.335789
0.266427 3.335873
0.267427 3.335956
0.268427 3.336041
0.269427 3.336126
0.270427 3.336211
0.271427 3.336297
0.272427 3.336384
0.273427 3.336471
0.274427 3.336558
0.275427 3.336646
0.276427 3.336734
0.277427 3.336823
0.278427 3.336912
0.279427 3.337002
0.280427 3.337093
0.281427 3.337184
0.282427 3.337275
0.283427 3.337367
0.284427 3.337459
0.285427 3.337552
0.286427 3.337645
0.287427 3.337739
0.288427 3.337833
0.289427 3.337928
0.290427 3.338023
0.291427 3.338119
0.292427 3.338215
0.293427 3.338312
0.294427 3.338409
0.295427 3.338388
0.296427 3.338290
0.297427 3.338194
0.298427 3.338098
0.299427 3.338002
0.300427 3.337907
0.301427 3.337812
0.302427 3.337718
0.303427 3.337624
0.304427 3.337531
0.305427 3.337438
0.306427 3.337346
0.307427 3.337255
0.308427 3.337163
0.309427 3.337073
0.310427 3.336982
0.311427 3.336893
0.312427 3.336803
0.313427 3.336715
0.314427 3.336626
0.315427 3.336538
0.316427 3.336451
0.317427 3.336364
0.318427 3.336278
0.319427 3.336192
0.320427 3.336107
0.321427 3.336022
0.322427 3.335938
0.323427 3.335854
0.324427 3.335771
0.325427 3.335688
0.326427 3.335605
0.327427 3.335523
0.328427 3.335442
0.329427 3.335361
0.330427 3.335281
0.331427 3.335201
0.332427 3.335122
0.333427 3.335043
0.334427 3.334964
0.335427 3.334886
0.336427 3.334809
0.337427 3.334732
0.338427 3.334655
0.339427 3.334580
0.340427 3.334504
0.341427 3.334429
0.342427 3.334355
0.343427 3.334281
0.344427 3.334207
0.345427 3.334134
0.346427 3.334062
0.347427 3.333990
0.348427 3.333918
0.349427 3.333847
0.350427 3.333777
0.351427 3.333707
0.352427 3.333637
0.353427 3.333568
0.354427 3.333500
0.355427 3.333432
0.356427 3.333364
0.357427 3.333297
0.358427 3.333231
0.359427 3.333165
0.360427 3.333099
0.361427 3.333034
0.362427 3.332969
0.363427 3.332905
0.364427 3.332842
0.365427 3.332779
0.366427 3.332716
0.367427 3.332654
0.368427 3.332592
0.369427 3.332531
0.370427 3.332471
0.371427 3.332411
0.372427 3.332351
0.373427 3.332292
0.374427 3.332233
0.375427 3.332175
0.376427 3.332118
0.377427 3.332060
0.378427 3.332004
0.379427 3.331948
0.380427 3.331892
0.381427 3.331837
0.382427 3.331782
0.383427 3.331728
0.384427 3.331675
0.385427 3.331621
0.386427 3.331569
0.387427 3.331517
0.388427 3.331465
0.389427 3.331414
0.390427 3.331363
0.391427 3.331313
0.392427 3.331263
0.393427 3.331214
0.394427 3.331166
0.395427 3.331117
0.396427 3.331070
0.397427 3.331023
0.398427 3.330976
0.399427 3.330930
0.400427 3.330884
0.401427 3.330839
0.402427 3.330794
0.403427 3.330750
0.404427 3.330706
0.405427 3.330663
0.406427 3.330620
0.407427 3.330578
0.408427 3.330537
0.409427 3.330495
0.410427 3.330455
0.411427 3.330414
0.412427 3.330375
0.413427 3.330336
0.414427 3.330297
0.415427 3.330259
0.416427 3.330221
0.417427 3.330184
0.418427 3.330147
0.419427 3.330111
0.420427 3.330075
0.421427 3.330040
0.422427 3.330005
0.423427 3.329971
0.424427 3.329937
0.425427 3.329904
0.426427 3.329871
0.427427 3.329839
0.428427 3.329807
0.429427 3.329776
0.430427 3.329745
0.431427 3.329715
0.432427 3.329686
0.433427 3.329656
0.434427 3.329628
0.435427 3.329599
0.436427 3.329572
0.437427 3.329544
0.438427 3.329518
0.439427 3.329491
0.440427 3.329466
0.441427 3.329440
0.442427 3.329416
0.443427 3.329391
0.444427 3.329368
0.445427 3.329345
0.446427 3.329322
0.447427 3.329300
0.448427 3.329278
0.449427 3.329257
0.450427 3.329236
0.451427 3.329216
0.452427 3.329196
0.453427 3.329177
0.454427 3.329158
0.455427 3.329140
0.456427 3.329122
0.457427 3.329105
0.458427 3.329088
0.459427 3.329072
0.460427 3.329056
0.461427 3.329041
0.462427 3.329026
0.463427 3.329012
0.464427 3.328998
0.465427 3.328985
0.466427 3.328972
0.467427 3.328960
0.468427 3.328948
0.469427 3.328937
0.470427 3.328926
0.471427 3.328916
0.472427 3.328906
0.473427 3.328897
0.474427 3.328888
0.475427 3.328880
0.476427 3.328872
0.477427 3.328865
0.478427 3.328858
0.479427 3.328852
0.480427 3.328846
0.481427 3.328841
0.482427 3.328836
0.483427 3.328832
0.484427 3.328828
0.485427 3.328825
0.486427 3.328822
0.487427 3.328820
0.488427 3.328818
0.489427 3.328817
0.490427 3.328816
0.491427 3.328816
0.492427 3.328816
0.493427 3.328817
0.494427 3.328818
0.495427 3.328820
0.496427 3.328822
0.497427 3.328825
0.498427 3.328828
0.499427 3.328832
0.500427 3.328836
0.501427 3.328841
0.502427 3.328846
0.503427 3.328852
0.504427 3.328858
0.505427 3.328865
0.506427 3.328872
0.507427 3.328880
0.508427 3.328888
0.509427 3.328897
0.510427 3.328906
0.511427 3.328916
0.512427 3.328926
0.513427 3.328937
0.514427 3.328949
0.515427 3.328960
0.516427 3.328973
0.517427 3.328985
0.518427 3.328999
0.519427 3.329012
0.520427 3.329027
0.521427 3.329041
0.522427 3.329057
0.523427 3.329072
0.524427 3.329089
0.525427 3.329105
0.526427 3.329123
0.527427 3.329140
0.528427 3.329159
0.529427 3.329177
0.530427 3.329197
0.531427 3.329216
0.532427 3.329237
0.533427 3.329257
0.534427 3.329279
0.535427 3.329300
0.536427 3.329323
0.537427 3.329345
0.538427 3.329369
0.539427 3.329392
0.540427 3.329417
0.541427 3.329441
0.542427 3.329467
0.543427 3.329492
0.544427 3.329519
0.545427 3.329545
0.546427 3.329573
0.547427 3.329600
0.548427 3.329629
0.549427 3.329657
0.550427 3.329687
0.551427 3.329716
0.552427 3.329747
0.553427 3.329777
0.554427 3.329809
0.555427 3.329840
0.556427 3.329873
0.557427 3.329905
0.558427 3.329938
0.559427 3.329972
0.560427 3.330006
0.561427 3.330041
0.562427 3.330076
0.563427 3.330112
0.564427 3.330148
0.565427 3.330185
0.566427 3.330222
0.567427 3.330260
0.568427 3.330298
0.569427 3.330337
0.570427 3.330376
0.571427 3.330416
0.572427 3.330456
0.573427 3.330497
0.574427 3.330538
0.575427 3.330580
0.576427 3.330622
0.577427 3.330665
0.578427 3.330708
0.579427 3.330752
0.580427 3.330796
0.581427 3.330841
0.582427 3.330886
0.583427 3.330931
0.584427 3.330978
0.585427 3.331024
0.586427 3.331071
0.587427 3.331119
0.588427 3.331167
0.589427 3.331205
0.590427 3.331157
0.591427 3.331109
0.592427 3.331061
0.593427 3.331014
0.594427 3.330967
0.595427 3.330921
0.596427 3.330876
0.597427 3.330831
0.598427 3.330786
0.599427 3.330742
0.600427 3.330698
0.601427 3.330655
0.602427 3.330613
0.603427 3.330570
0.604427 3.330529
0.605427 3.330488
0.606427 3.330447
0.607427 3.330407
0.608427 3.330367
0.609427 3.330328
0.610427 3.330290
0.611427 3.330252
0.612427 3.330214
0.613427 3.330177
0.614427 3.330140
0.615427 3.330104
0.616427 3.330069
0.617427 3.330033
0.618427 3.329999
0.619427 3.329965
0.620427 3.329931
0.621427 3.329898
0.622427 3.329865
0.623427 3.329833
0.624427 3.329802
0.625427 3.329770
0.626427 3.329740
0.627427 3.329710
0.628427 3.329680
0.629427 3.329651
0.630427 3.329622
0.631427 3.329594
0.632427 3.329567
0.633427 3.329539
0.634427 3.329513
0.635427 3.329487
0.636427 3.329461
0.637427 3.329436
0.638427 3.329411
0.639427 3.329387
0.640427 3.329363
0.641427 3.329340
0.642427 3.329318
0.643427 3.329295
0.644427 3.329274
0.645427 3.329253
0.646427 3.329232
0.647427 3.329212
0.648427 3.329192
0.649427 3.329173
0.650427 3.329155
0.651427 3.329136
0.652427 3.329119
0.653427 3.329102
0.654427 3.329085
0.655427 3.329069
0.656427 3.329053
0.657427 3.329038
0.658427 3.329023
0.659427 3.329009
0.660427 3.328996
0.661427 3.328982
0.662427 3.328970
0.663427 3.328958
0.664427 3.328946
0.665427 3.328935
0.666427 3.328924
0.667427 3.328914
0.668427 3.328904
0.669427 3.328895
0.670427 3.328887
0.671427 3.328878
0.672427 3.328871
0.673427 3.328864
0.674427 3.328857
0.675427 3.328851
0.676427 3.328845
0.677427 3.328840
0.678427 3.328835
0.679427 3.328831
0.680427 3.328828
0.681427 3.328824
0.682427 3.328822
0.683427 3.328820
0.684427 3.328818
0.685427 3.328817
0.686427 3.328816
0.687427 3.328816
0.688427 3.328816
0.689427 3.328817
0.690427 3.328819
0.691427 3.328820
0.692427 3.328823
0.693427 3.328826
0.694427 3.328829
0.695427 3.328833
0.696427 3.328837
0.697427 3.328842
0.698427 3.328847
0.699427 3.328853
0.700427 3.328860
0.701427 3.328866
0.702427 3.328874
0.703427 3.328882
0.704427 3.328890
0.705427 3.328899
0.706427 3.328908
0.707427 3.328918
0.708427 3.328928
0.709427 3.328939
0.710427 3.328951
0.711427 3.328962
0.712427 3.328975
0.713427 3.328988
0.714427 3.329001
0.715427 3.329015
0.716427 3.329029
0.717427 3.329044
0.718427 3.329059
0.719427 3.329075
0.720427 3.329092
0.721427 3.329108
0.722427 3.329126
0.723427 3.329144
0.724427 3.329162
0.725427 3.329181
0.726427 3.329200
0.727427 3.329220
0.728427 3.329240
0.729427 3.329261
0.730427 3.329283
0.731427 3.329304
0.732427 3.329327
0.733427 3.329350
0.734427 3.329373
0.735427 3.329397
0.736427 3.329421
0.737427 3.329446
0.738427 3.329471
0.739427 3.329497
0.740427 3.329524
0.741427 3.329550
0.742427 3.329578
0.743427 3.329606
0.744427 3.329634
0.745427 3.329663
0.746427 3.329692
0.747427 3.329722
0.748427 3.329752
0.749427 3.329783
0.750427 3.329814
0.751427 3.329846
0.752427 3.329879
0.753427 3.329911
0.754427 3.329945
0.755427 3.329979
0.756427 3.330013
0.757427 3.330048
0.758427 3.330083
0.759427 3.330119
0.760427 3.330155
0.761427 3.330192
0.762427 3.330229
0.763427 3.330267
0.764427 3.330305
0.765427 3.330344
0.766427 3.330384
0.767427 3.330423
0.768427 3.330464
0.769427 3.330504
0.770427 3.330546
0.771427 3.330588
0.772427 3.330630
0.773427 3.330673
0.774427 3.330716
0.775427 3.330760
0.776427 3.330804
0.777427 3.330849
0.778427 3.330894
0.779427 3.330940
0.780427 3.330986
0.781427 3.331033
0.782427 3.331080
0.783427 3.331128
0.784427 3.331176
0.785427 3.331225
0.786427 3.331274
0.787427 3.331324
0.788427 3.331374
0.789427 3.331425
0.790427 3.331476
0.791427 3.331528
0.792427 3.331580
0.793427 3.331633
0.794427 3.331686
0.795427 3.331740
0.796427 3.331794
0.797427 3.331849
0.798427 3.331904
0.799427 3.331960
0.800427 3.332016
0.801427 3.332073
0.802427 3.332130
0.803427 3.332188
0.804427 3.332246
0.805427 3.332305
0.806427 3.332364
0.807427 3.332424
0.808427 3.332484
0.809427 3.332545
0.810427 3.332606
0.811427 3.332668
0.812427 3.332730
0.813427 3.332793
0.814427 3.332856
0.815427 3.332919
0.816427 3.332984
0.817427 3.333048
0.818427 3.333113
0.819427 3.333179
0.820427 3.333245
0.821427 3.333312
0.822427 3.333379
0.823427 3.333447
0.824427 3.333515
0.825427 3.333584
0.826427 3.333653
0.827427 3.333722
0.828427 3.333792
0.829427 3.333863
0.830427 3.333934
0.831427 3.334006
0.832427 3.334078
0.833427 3.334150
0.834427 3.334224
0.835427 3.334297
0.836427 3.334371
0.837427 3.334446
0.838427 3.334521
0.839427 3.334596
0.840427 3.334672
0.841427 3.334749
0.842427 3.334826
0.843427 3.334904
0.844427 3.334982
0.845427 3.335060
0.846427 3.335139
0.847427 3.335219
0.848427 3.335299
0.849427 3.335379
0.850427 3.335460
0.851427 3.335542
0.852427 3.335624
0.853427 3.335706
0.854427 3.335789
0.855427 3.335873
0.856427 3.335956
0.857427 3.336041
0.858427 3.336126
0.859427 3.336211
0.860427 3.336297
0.861427 3.336384
0.862427 3.336471
0.863427 3.336558
0.864427 3.336646
0.865427 3.336734
0.866427 3.336823
0.867427 3.336912
0.868427 3.337002
0.869427 3.337093
0.870427 3.337184
0.871427 3.337275
0.872427 3.337367
0.873427 3.337459
0.874427 3.337552
0.875427 3.337645
0.876427 3.337739
0.877427 3.337833
0.878427 3.337928
0.879427 3.338023
0.880427 3.338119
0.881427 3.338215
0.882427 3.338312
0.883427 3.338409
0.883427 -3.328816
0.882427 -3.328817
0.881427 -3.328817
0.880427 -3.328819
0.879427 -3.328821
0.878427 -3.328823
0.877427 -3.328826
0.876427 -3.328830
0.875427 -3.328834
0.874427 -3.328838
0.873427 -3.328843
0.872427 -3.328848
0.871427 -3.328854
0.870427 -3.328861
0.869427 -3.328868
0.868427 -3.328875
0.867427 -3.328883
0.866427 -3.328892
0.865427 -3.328901
0.864427 -3.328910
0.863427 -3.328920
0.862427 -3.328930
0.861427 -3.328941
0.860427 -3.328953
0.859427 -3.328965
0.858427 -3.328977
0.857427 -3.328990
0.856427 -3.329004
0.855427 -3.329018
0.854427 -3.329032
0.853427 -3.329047
0.852427 -3.329062
0.851427 -3.329078
0.850427 -3.329095
0.849427 -3.329112
0.848427 -3.329129
0.847427 -3.329147
0.846427 -3.329165
0.845427 -3.329184
0.844427 -3.329204
0.843427 -3.329224
0.842427 -3.329244
0.841427 -3.329265
0.840427 -3.329287
0.839427 -3.329309
0.838427 -3.329331
0.837427 -3.329354
0.836427 -3.329377
0.835427 -3.329401
0.834427 -3.329426
0.833427 -3.329451
0.832427 -3.329476
0.831427 -3.329502
0.830427 -3.329528
0.829427 -3.329555
0.828427 -3.329583
0.827427 -3.329611
0.826427 -3.329639
0.825427 -3.329668
0.824427 -3.329698
0.823427 -3.329727
0.822427 -3.329758
0.821427 -3.329789
0.820427 -3.329820
0.819427 -3.329852
0.818427 -3.329885
0.817427 -3.329918
0.816427 -3.329951
0.815427 -3.329985
0.814427 -3.330019
0.813427 -3.330054
0.812427 -3.330090
0.811427 -3.330126
0.810427 -3.330162
0.809427 -3.330199
0.808427 -3.330236
0.807427 -3.330274
0.806427 -3.330313
0.805427 -3.330351
0.804427 -3.330391
0.803427 -3.330431
0.802427 -3.330471
0.801427 -3.330512
0.800427 -3.330553
0.799427 -3.330595
0.798427 -3.330638
0.797427 -3.330681
0.796427 -3.330724
0.795427 -3.330768
0.794427 -3.330812
0.793427 -3.330857
0.792427 -3.330903
0.791427 -3.330948
0.790427 -3.330995
0.789427 -3.331042
0.788427 -3.331089
0.787427 -3.331137
0.786427 -3.331185
0.785427 -3.331234
0.784427 -3.331284
0.783427 -3.331333
0.782427 -3.331384
0.781427 -3.331435
0.780427 -3.331486
0.779427 -3.331538
0.778427 -3.331590
0.777427 -3.331643
0.776427 -3.331696
0.775427 -3.331750
0.774427 -3.331805
0.773427 -3.331859
0.772427 -3.331915
0.771427 -3.331971
0.770427 -3.332027
0.769427 -3.332084
0.768427 -3.332141
0.767427 -3.332199
0.766427 -3.332257
0.765427 -3.332316
0.764427 -3.332375
0.763427 -3.332435
0.762427 -3.332495
0.761427 -3.332556
0.760427 -3.332617
0.759427 -3.332679
0.758427 -3.332741
0.757427 -3.332804
0.756427 -3.332868
0.755427 -3.332931
0.754427 -3.332996
0.753427 -3.333060
0.752427 -3.333126
0.751427 -3.333191
0.750427 -3.333258
0.749427 -3.333324
0.748427 -3.333392
0.747427 -3.333459
0.746427 -3.333528
0.745427 -3.333596
0.744427 -3.333666
0.743427 -3.333735
0.742427 -3.333805
0.741427 -3.333876
0.740427 -3.333947
0.739427 -3.334019
0.738427 -3.334091
0.737427 -3.334164
0.736427 -3.334237
0.735427 -3.334311
0.734427 -3.334385
0.733427 -3.334460
0.732427 -3.334535
0.731427 -3.334610
0.730427 -3.334687
0.729427 -3.334763
0.728427 -3.334840
0.727427 -3.334918
0.726427 -3.334996
0.725427 -3.335075
0.724427 -3.335154
0.723427 -3.335233
0.722427 -3.335314
0.721427 -3.335394
0.720427 -3.335475
0.719427 -3.335557
0.718427 -3.335639
0.717427 -3.335721
0.716427 -3.335804
0.715427 -3.335888
0.714427 -3.335972
0.713427 -3.336057
0.712427 -3.336142
0.711427 -3.336227
0.710427 -3.336313
0.709427 -3.336400
0.708427 -3.336487
0.707427 -3.336574
0.706427 -3.336662
0.705427 -3.336751
0.704427 -3.336840
0.703427 -3.336929
0.702427 -3.337019
0.701427 -3.337109
0.700427 -3.337200
0.699427 -3.337292
0.698427 -3.337384
0.697427 -3.337476
0.696427 -3.337569
0.695427 -3.337662
0.694427 -3.337756
0.693427 -3.337851
0.692427 -3.337946
0.691427 -3.338041
0.690427 -3.338137
0.689427 -3.338233
0.688427 -3.338330
0.687427 -3.338427
0.686427 -3.338525
0.685427 -3.338623
0.684427 -3.338722
0.683427 -3.338821
0.682427 -3.338921
0.681427 -3.339021
0.680427 -3.339122
0.679427 -3.339223
0.678427 -3.339325
0.677427 -3.339427
0.676427 -3.339530
0.675427 -3.339633
0.674427 -3.339737
0.673427 -3.339841
0.672427 -3.339946
0.671427 -3.340051
0.670427 -3.340157
0.669427 -3.340263
0.668427 -3.340369
0.667427 -3.340476
0.666427 -3.340584
0.665427 -3.340692
0.664427 -3.340801
0.663427 -3.340910
0.662427 -3.341019
0.661427 -3.341129
0.660427 -3.341240
0.659427 -3.341351
0.658427 -3.341462
0.657427 -3.341574
0.656427 -3.341687
0.655427 -3.341800
0.654427 -3.341913
0.653427 -3.342027
0.652427 -3.342142
0.651427 -3.342257
0.650427 -3.342372
0.649427 -3.342488
0.648427 -3.342604
0.647427 -3.342721
0.646427 -3.342838
0.645427 -3.342956
0.644427 -3.343075
0.643427 -3.343193
0.642427 -3.343313
0.641427 -3.343432
0.640427 -3.343553
0.639427 -3.343673
0.638427 -3.343795
0.637427 -3.343916
0.636427 -3.344038
0.635427 -3.344161
0.634427 -3.344284
0.633427 -3.344408
0.632427 -3.344532
0.631427 -3.344657
0.630427 -3.344782
0.629427 -3.344907
0.628427 -3.345033
0.627427 -3.345160
0.626427 -3.345287
0.625427 -3.345415
0.624427 -3.345543
0.623427 -3.345671
0.622427 -3.345800
0.621427 -3.345930
0.620427 -3.346059
0.619427 -3.346190
0.618427 -3.346321
0.617427 -3.346452
0.616427 -3.346584
0.615427 -3.346716
0.614427 -3.346849
0.613427 -3.346983
0.612427 -3.347116
0.611427 -3.347251
0.610427 -3.347385
0.609427 -3.347521
0.608427 -3.347656
0.607427 -3.347792
0.606427 -3.347929
0.605427 -3.348066
0.604427 -3.348204
0.603427 -3.348342
0.602427 -3.348481
0.601427 -3.348620
0.600427 -3.348759
0.599427 -3.348899
0.598427 -3.349040
0.597427 -3.349181
0.596427 -3.349322
0.595427 -3.349464
0.594427 -3.349607
0.593427 -3.349750
0.592427 -3.349893
0.591427 -3.350037
0.590427 -3.350181
0.589427 -3.350326
0.588427 -3.350214
0.587427 -3.350069
0.586427 -3.349925
0.585427 -3.349782
0.584427 -3.349639
0.583427 -3.349496
0.582427 -3.349354
0.581427 -3.349212
0.580427 -3.349071
0.579427 -3.348931
0.578427 -3.348790
0.577427 -3.348651
0.576427 -3.348512
0.575427 -3.348373
0.574427 -3.348235
0.573427 -3.348097
0.572427 -3.347960
0.571427 -3.347823
0.570427 -3.347686
0.569427 -3.347551
0.568427 -3.347415
0.567427 -3.347280
0.566427 -3.347146
0.565427 -3.347012
0.564427 -3.346879
0.563427 -3.346746
0.562427 -3.346613
0.561427 -3.346481
0.560427 -3.346350
0.559427 -3.346219
0.558427 -3.346088
0.557427 -3.345958
0.556427 -3.345829
0.555427 -3.345700
0.554427 -3.345571
0.553427 -3.345443
0.552427 -3.345315
0.551427 -3.345188
0.550427 -3.345062
0.549427 -3.344935
0.548427 -3.344810
0.547427 -3.344684
0.546427 -3.344560
0.545427 -3.344436
0.544427 -3.344312
0.543427 -3.344188
0.542427 -3.344066
0.541427 -3.343943
0.540427 -3.343822
0.539427 -3.343700
0.538427 -3.343579
0.537427 -3.343459
0.536427 -3.343339
0.535427 -3.343220
0.534427 -3.343101
0.533427 -3.342982
0.532427 -3.342865
0.531427 -3.342747
0.530427 -3.342630
0.529427 -3.342514
0.528427 -3.342398
0.527427 -3.342282
0.526427 -3.342167
0.525427 -3.342053
0.524427 -3.341939
0.523427 -3.341825
0.522427 -3.341712
0.521427 -3.341599
0.520427 -3.341487
0.519427 -3.341376
0.518427 -3.341265
0.517427 -3.341154
0.516427 -3.341044
0.515427 -3.340934
0.514427 -3.340825
0.513427 -3.340716
0.512427 -3.340608
0.511427 -3.340500
0.510427 -3.340393
0.509427 -3.340286
0.508427 -3.340180
0.507427 -3.340074
0.506427 -3.339969
0.505427 -3.339864
0.504427 -3.339760
0.503427 -3.339656
0.502427 -3.339553
0.501427 -3.339450
0.500427 -3.339348
0.499427 -3.339246
0.498427 -3.339145
0.497427 -3.339044
0.496427 -3.338943
0.495427 -3.338844
0.494427 -3.338744
0.493427 -3.338645
0.492427 -3.338547
0.491427 -3.338449
0.490427 -3.338352
0.489427 -3.338255
0.488427 -3.338158
0.487427 -3.338062
0.486427 -3.337967
0.485427 -3.337872
0.484427 -3.337777
0.483427 -3.337683
0.482427 -3.337590
0.481427 -3.337497
0.480427 -3.337404
0.479427 -3.337312
0.478427 -3.337221
0.477427 -3.337130
0.476427 -3.337039
0.475427 -3.336949
0.474427 -3.336859
0.473427 -3.336770
0.472427 -3.336682
0.471427 -3.336594
0.470427 -3.336506
0.469427 -3.336419
0.468427 -3.336332
0.467427 -3.336246
0.466427 -3.336161
0.465427 -3.336075
0.464427 -3.335991
0.463427 -3.335907
0.462427 -3.335823
0.461427 -3.335740
0.460427 -3.335657
0.459427 -3.335575
0.458427 -3.335493
0.457427 -3.335412
0.456427 -3.335331
0.455427 -3.335251
0.454427 -3.335171
0.453427 -3.335092
0.452427 -3.335014
0.451427 -3.334935
0.450427 -3.334858
0.449427 -3.334780
0.448427 -3.334704
0.447427 -3.334627
0.446427 -3.334552
0.445427 -3.334476
0.444427 -3.334401
0.443427 -3.334327
0.442427 -3.334253
0.441427 -3.334180
0.440427 -3.334107
0.439427 -3.334035
0.438427 -3.333963
0.437427 -3.333892
0.436427 -3.333821
0.435427 -3.333751
0.434427 -3.333681
0.433427 -3.333612
0.432427 -3.333543
0.431427 -3.333474
0.430427 -3.333407
0.429427 -3.333339
0.428427 -3.333272
0.427427 -3.333206
0.426427 -3.333140
0.425427 -3.333075
0.424427 -3.333010
0.423427 -3.332946
0.422427 -3.332882
0.421427 -3.332818
0.420427 -3.332755
0.419427 -3.332693
0.418427 -3.332631
0.417427 -3.332570
0.416427 -3.332509
0.415427 -3.332448
0.414427 -3.332388
0.413427 -3.332329
0.412427 -3.332270
0.411427 -3.332212
0.410427 -3.332154
0.409427 -3.332096
0.408427 -3.332039
0.407427 -3.331983
0.406427 -3.331927
0.405427 -3.331872
0.404427 -3.331817
0.403427 -3.331762
0.402427 -3.331708
0.401427 -3.331655
0.400427 -3.331602
0.399427 -3.331549
0.398427 -3.331497
0.397427 -3.331446
0.396427 -3.331395
0.395427 -3.331345
0.394427 -3.331295
0.393427 -3.331245
0.392427 -3.331196
0.391427 -3.331148
0.390427 -3.331100
0.389427 -3.331052
0.388427 -3.331005
0.387427 -3.330959
0.386427 -3.330913
0.385427 -3.330867
0.384427 -3.330822
0.383427 -3.330778
0.382427 -3.330734
0.381427 -3.330690
0.380427 -3.330647
0.379427 -3.330605
0.378427 -3.330563
0.377427 -3.330521
0.376427 -3.330480
0.375427 -3.330440
0.374427 -3.330400
0.373427 -3.330360
0.372427 -3.330321
0.371427 -3.330283
0.370427 -3.330245
0.369427 -3.330207
0.368427 -3.330170
0.367427 -3.330134
0.366427 -3.330098
0.365427 -3.330062
0.364427 -3.330027
0.363427 -3.329992
0.362427 -3.329958
0.361427 -3.329925
0.360427 -3.329892
0.359427 -3.329859
0.358427 -3.329827
0.357427 -3.329796
0.356427 -3.329765
0.355427 -3.329734
0.354427 -3.329704
0.353427 -3.329675
0.352427 -3.329646
0.351427 -3.329617
0.350427 -3.329589
0.349427 -3.329561
0.348427 -3.329534
0.347427 -3.329508
0.346427 -3.329482
0.345427 -3.329456
0.344427 -3.329431
0.343427 -3.329407
0.342427 -3.329383
0.341427 -3.329359
0.340427 -3.329336
0.339427 -3.329313
0.338427 -3.329291
0.337427 -3.329270
0.336427 -3.329249
0.335427 -3.329228
0.334427 -3.329208
0.333427 -3.329189
0.332427 -3.329170
0.331427 -3.329151
0.330427 -3.329133
0.329427 -3.329115
0.328427 -3.329098
0.327427 -3.329082
0.326427 -3.329066
0.325427 -3.329050
0.324427 -3.329035
0.323427 -3.329021
0.322427 -3.329007
0.321427 -3.328993
0.320427 -3.328980
0.319427 -3.328967
0.318427 -3.328955
0.317427 -3.328944
0.316427 -3.328933
0.315427 -3.328922
0.314427 -3.328912
0.313427 -3.328903
0.312427 -3.328894
0.311427 -3.328885
0.310427 -3.328877
0.309427 -3.328869
0.308427 -3.328862
0.307427 -3.328856
0.306427 -3.328850
0.305427 -3.328844
0.304427 -3.328839
0.303427 -3.328835
0.302427 -3.328831
0.301427 -3.328827
0.300427 -3.328824
0.299427 -3.328821
0.298427 -3.328819
0.297427 -3.328818
0.296427 -3.328817
0.295427 -3.328816
0.294427 -3.328816
0.293427 -3.328817
0.292427 -3.328817
0.291427 -3.328819
0.290427 -3.328821
0.289427 -3.328823
0.288427 -3.328826
0.287427 -3.328830
0.286427 -3.328834
0.285427 -3.328838
0.284427 -3.328843
0.283427 -3.328848
0.282427 -3.328854
0.281427 -3.328861
0.280427 -3.328868
0.279427 -3.328875
0.278427 -3.328883
0.277427 -3.328892
0.276427 -3.328901
0.275427 -3.328910
0.274427 -3.328920
0.273427 -3.328930
0.272427 -3.328941
0.271427 -3.328953
0.270427 -3.328965
0.269427 -3.328977
0.268427 -3.328990
0.267427 -3.329004
0.266427 -3.329018
0.265427 -3.329032
0.264427 -3.329047
0.263427 -3.329062
0.262427 -3.329078
0.261427 -3.329095
0.260427 -3.329112
0.259427 -3.329129
0.258427 -3.329147
0.257427 -3.329165
0.256427 -3.329184
0.255427 -3.329204
0.254427 -3.329224
0.253427 -3.329244
0.252427 -3.329265
0.251427 -3.329287
0.250427 -3.329309
0.249427 -3.329331
0.248427 -3.329354
0.247427 -3.329377
0.246427 -3.329401
0.245427 -3.329426
0.244427 -3.329451
0.243427 -3.329476
0.242427 -3.329502
0.241427 -3.329528
0.240427 -3.329555
0.239427 -3.329583
0.238427 -3.329611
0.237427 -3.329639
0.236427 -3.329668
0.235427 -3.329698
0.234427 -3.329727
0.233427 -3.329758
0.232427 -3.329789
0.231427 -3.329820
0.230427 -3.329852
0.229427 -3.329885
0.228427 -3.329918
0.227427 -3.329951
0.226427 -3.329985
0.225427 -3.330019
0.224427 -3.330054
0.223427 -3.330090
0.222427 -3.330126
0.221427 -3.330162
0.220427 -3.330199
0.219427 -3.330236
0.218427 -3.330274
0.217427 -3.330313
0.216427 -3.330351
0.215427 -3.330391
0.214427 -3.330431
0.213427 -3.330471
0.212427 -3.330512
0.211427 -3.330553
0.210427 -3.330595
0.209427 -3.330638
0.208427 -3.330681
0.207427 -3.330724
0.206427 -3.330768
0.205427 -3.330812
0.204427 -3.330857
0.203427 -3.330903
0.202427 -3.330948
0.201427 -3.330995
0.200427 -3.331042
0.199427 -3.331089
0.198427 -3.331137
0.197427 -3.331185
0.196427 -3.331234
0.195427 -3.331284
0.194427 -3.331333
0.193427 -3.331384
0.192427 -3.331435
0.191427 -3.331486
0.190427 -3.331538
0.189427 -3.331590
0.188427 -3.331643
0.187427 -3.331696
0.186427 -3.331750
0.185427 -3.331805
0.184427 -3.331859
0.183427 -3.331915
0.182427 -3.331971
0.181427 -3.332027
0.180427 -3.332084
0.179427 -3.332141
0.178427 -3.332199
0.177427 -3.332257
0.176427 -3.332316
0.175427 -3.332375
0.174427 -3.332435
0.173427 -3.332495
0.172427 -3.332556
0.171427 -3.332617
0.170427 -3.332679
0.169427 -3.332741
0.168427 -3.332804
0.167427 -3.332868
0.166427 -3.332931
0.165427 -3.332996
0.164427 -3.333060
0.163427 -3.333126
0.162427 -3.333191
0.161427 -3.333258
0.160427 -3.333324
0.159427 -3.333392
0.158427 -3.333459
0.157427 -3.333528
0.156427 -3.333596
0.155427 -3.333666
0.154427 -3.333735
0.153427 -3.333805
0.152427 -3.333876
0.151427 -3.333947
0.150427 -3.334019
0.149427 -3.334091
0.148427 -3.334164
0.147427 -3.334237
0.146427 -3.334311
0.145427 -3.334385
0.144427 -3.334460
0.143427 -3.334535
0.142427 -3.334610
0.141427 -3.334687
0.140427 -3.334763
0.139427 -3.334840
0.138427 -3.334918
0.137427 -3.334996
0.136427 -3.335075
0.135427 -3.335154
0.134427 -3.335233
0.133427 -3.335314
0.132427 -3.335394
0.131427 -3.335475
0.130427 -3.335557
0.129427 -3.335639
0.128427 -3.335721
0.127427 -3.335804
0.126427 -3.335888
0.125427 -3.335972
0.124427 -3.336057
0.123427 -3.336142
0.122427 -3.336227
0.121427 -3.336313
0.120427 -3.336400
0.119427 -3.336487
0.118427 -3.336574
0.117427 -3.336662
0.116427 -3.336751
0.115427 -3.336840
0.114427 -3.336929
0.113427 -3.337019
0.112427 -3.337109
0.111427 -3.337200
0.110427 -3.337292
0.109427 -3.337384
0.108427 -3.337476
0.107427 -3.337569
0.106427 -3.337662
0.105427 -3.337756
0.104427 -3.337851
0.103427 -3.337946
0.102427 -3.338041
0.101427 -3.338137
0.100427 -3.338233
0.099427 -3.338330
0.098427 -3.338427
0.097427 -3.338525
0.096427 -3.338623
0.095427 -3.338722
0.094427 -3.338821
0.093427 -3.338921
0.092427 -3.339021
0.091427 -3.339122
0.090427 -3.339223
0.089427 -3.339325
0.088427 -3.339427
0.087427 -3.339530
0.086427 -3.339633
0.085427 -3.339737
0.084427 -3.339841
0.083427 -3.339946
0.082427 -3.340051
0.081427 -3.340157
0.080427 -3.340263
0.079427 -3.340369
0.078427 -3.340476
0.077427 -3.340584
0.076427 -3.340692
0.075427 -3.340801
0.074427 -3.340910
0.073427 -3.341019
0.072427 -3.341129
0.071427 -3.341240
0.070427 -3.341351
0.069427 -3.341462
0.068427 -3.341574
0.067427 -3.341687
0.066427 -3.341800
0.065427 -3.341913
0.064427 -3.342027
0.063427 -3.342142
0.062427 -3.342257
0.061427 -3.342372
0.060427 -3.342488
0.059427 -3.342604
0.058427 -3.342721
0.057427 -3.342838
0.056427 -3.342956
0.055427 -3.343075
0.054427 -3.343193
0.053427 -3.343313
0.052427 -3.343432
0.051427 -3.343553
0.050427 -3.343673
0.049427 -3.343795
0.048427 -3.343916
0.047427 -3.344038
0.046427 -3.344161
0.045427 -3.344284
0.044427 -3.344408
0.043427 -3.344532
0.042427 -3.344657
0.041427 -3.344782
0.040427 -3.344907
0.039427 -3.345033
0.038427 -3.345160
0.037427 -3.345287
0.036427 -3.345415
0.035427 -3.345543
0.034427 -3.345671
0.033427 -3.345800
0.032427 -3.345930
0.031427 -3.346059
0.030427 -3.346190
0.029427 -3.346321
0.028427 -3.346452
0.027427 -3.346584
0.026427 -3.346716
0.025427 -3.346849
0.024427 -3.346983
0.023427 -3.347116
0.022427 -3.347251
0.021427 -3.347385
0.020427 -3.347521
0.019427 -3.347656
0.018427 -3.347792
0.017427 -3.347929
0.016427 -3.348066
0.015427 -3.348204
0.014427 -3.348342
0.013427 -3.348481
0.012427 -3.348620
0.011427 -3.348759
0.010427 -3.348899
0.009427 -3.349040
0.008427 -3.349181
0.007427 -3.349322
0.006427 -3.349464
0.005427 -3.349607
0.004427 -3.349750
0.003427 -3.349893
0.002427 -3.350037
0.001427 -3.350181
0.000427 -3.350326
-0.000573 -3.350214
-0.001573 -3.350069
-0.002573 -3.349925
-0.003573 -3.349782
-0.004573 -3.349639
-0.005573 -3.349496
-0.006573 -3.349354
-0.007573 -3.349212
-0.008573 -3.349071
-0.009573 -3.348931
-0.010573 -3.348790
-0.011573 -3.348651
-0.012573 -3.348512
-0.013573 -3.348373
-0.014573 -3.348235
-0.015573 -3.348097
-0.016573 -3.347960
-0.017573 -3.347823
-0.018573 -3.347686
-0.019573 -3.347551
-0.020573 -3.347415
-0.021573 -3.347280
-0.022573 -3.347146
-0.023573 -3.347012
-0.024573 -3.346879
-0.025573 -3.346746
-0.026573 -3.346613
-0.027573 -3.346481
-0.028573 -3.346350
-0.029573 -3.346219
-0.030573 -3.346088
-0.031573 -3.345958
-0.032573 -3.345829
-0.033573 -3.345700
-0.034573 -3.345571
-0.035573 -3.345443
-0.036573 -3.345315
-0.037573 -3.345188
-0.038573 -3.345062
-0.039573 -3.344935
-0.040573 -3.344810
-0.041573 -3.344684
-0.042573 -3.344560
-0.043573 -3.344436
-0.044573 -3.344312
-0.045573 -3.344188
-0.046573 -3.344066
-0.047573 -3.343943
-0.048573 -3.343822
-0.049573 -3.343700
-0.050573 -3.343579
-0.051573 -3.343459
-0.052573 -3.343339
-0.053573 -3.343220
-0.054573 -3.343101
-0.055573 -3.342982
-0.056573 -3.342865
-0.057573 -3.342747
-0.058573 -3.342630
-0.059573 -3.342514
-0.060573 -3.342398
-0.061573 -3.342282
-0.062573 -3.342167
-0.063573 -3.342053
-0.064573 -3.341939
-0.065573 -3.341825
-0.066573 -3.341712
-0.067573 -3.341599
-0.068573 -3.341487
-0.069573 -3.341376
-0.070573 -3.341265
-0.071573 -3.341154
-0.072573 -3.341044
-0.073573 -3.340934
-0.074573 -3.340825
-0.075573 -3.340716
-0.076573 -3.340608
-0.077573 -3.340500
-0.078573 -3.340393
-0.079573 -3.340286
-0.080573 -3.340180
-0.081573 -3.340074
-0.082573 -3.339969
-0.083573 -3.339864
-0.084573 -3.339760
-0.085573 -3.339656
-0.086573 -3.339553
-0.087573 -3.339450
-0.088573 -3.339348
-0.089573 -3.339246
-0.090573 -3.339145
-0.091573 -3.339044
-0.092573 -3.338943
-0.093573 -3.338844
-0.094573 -3.338744
-0.095573 -3.338645
-0.096573 -3.338547
-0.097573 -3.338449
-0.098573 -3.338352
-0.099573 -3.338255
-0.100573 -3.338158
-0.101573 -3.338062
-0.102573 -3.337967
-0.103573 -3.337872
-0.104573 -3.337777
-0.105573 -3.337683
-0.106573 -3.337590
-0.107573 -3.337497
-0.108573 -3.337404
-0.109573 -3.337312
-0.110573 -3.337221
-0.111573 -3.337130
-0.112573 -3.337039
-0.113573 -3.336949
-0.114573 -3.336859
-0.115573 -3.336770
-0.116573 -3.336682
-0.117573 -3.336594
-0.118573 -3.336506
-0.119573 -3.336419
-0.120573 -3.336332
-0.121573 -3.336246
-0.122573 -3.336161
-0.123573 -3.336075
-0.124573 -3.335991
-0.125573 -3.335907
-0.126573 -3.335823
-0.127573 -3.335740
-0.128573 -3.335657
-0.129573 -3.335575
-0.130573 -3.335493
-0.131573 -3.335412
-0.132573 -3.335331
-0.133573 -3.335251
-0.134573 -3.335171
-0.135573 -3.335092
-0.136573 -3.335014
-0.137573 -3.334935
-0.138573 -3.334858
-0.139573 -3.334780
-0.140573 -3.334704
-0.141573 -3.334627
-0.142573 -3.334552
-0.143573 -3.334476
-0.144573 -3.334401
-0.145573 -3.334327
-0.146573 -3.334253
-0.147573 -3.334180
-0.148573 -3.334107
-0.149573 -3.334035
-0.150573 -3.333963
-0.151573 -3.333892
-0.152573 -3.333821
-0.153573 -3.333751
-0.154573 -3.333681
-0.155573 -3.333612
-0.156573 -3.333543
-0.157573 -3.333474
-0.158573 -3.333407
-0.159573 -3.333339
-0.160573 -3.333272
-0.161573 -3.333206
-0.162573 -3.333140
-0.163573 -3.333075
-0.164573 -3.333010
-0.165573 -3.332946
-0.166573 -3.332882
-0.167573 -3.332818
-0.168573 -3.332755
-0.169573 -3.332693
-0.170573 -3.332631
-0.171573 -3.332570
-0.172573 -3.332509
-0.173573 -3.332448
-0.174573 -3.332388
-0.175573 -3.332329
-0.176573 -3.332270
-0.177573 -3.332212
-0.178573 -3.332154
-0.179573 -3.332096
-0.180573 -3.332039
-0.181573 -3.331983
-0.182573 -3.331927
-0.183573 -3.331872
-0.184573 -3.331817
-0.185573 -3.331762
-0.186573 -3.331708
-0.187573 -3.331655
-0.188573 -3.331602
-0.189573 -3.331549
-0.190573 -3.331497
-0.191573 -3.331446
-0.192573 -3.331395
-0.193573 -3.331345
-0.194573 -3.331295
-0.195573 -3.331245
-0.196573 -3.331196
-0.197573 -3.331148
-0.198573 -3.331100
-0.199573 -3.331052
-0.200573 -3.331005
-0.201573 -3.330959
-0.202573 -3.330913
-0.203573 -3.330867
-0.204573 -3.330822
-0.205573 -3.330778
-0.206573 -3.330734
-0.207573 -3.330690
-0.208573 -3.330647
-0.209573 -3.330605
-0.210573 -3.330563
-0.211573 -3.330521
-0.212573 -3.330480
-0.213573 -3.330440
-0.214573 -3.330400
-0.215573 -3.330360
-0.216573 -3.330321
-0.217573 -3.330283
-0.218573 -3.330245
-0.219573 -3.330207
-0.220573 -3.330170
-0.221573 -3.330134
-0.222573 -3.330098
-0.223573 -3.330062
-0.224573 -3.330027
-0.225573 -3.329992
-0.226573 -3.329958
-0.227573 -3.329925
-0.228573 -3.329892
-0.229573 -3.329859
-0.230573 -3.329827
-0.231573 -3.329796
-0.232573 -3.329765
-0.233573 -3.329734
-0.234573 -3.329704
-0.235573 -3.329675
-0.236573 -3.329646
-0.237573 -3.329617
-0.238573 -3.329589
-0.239573 -3.329561
-0.240573 -3.329534
-0.241573 -3.329508
-0.242573 -3.329482
-0.243573 -3.329456
-0.244573 -3.329431
-0.245573 -3.329407
-0.246573 -3.329383
-0.247573 -3.329359
-0.248573 -3.329336
-0.249573 -3.329313
-0.250573 -3.329291
-0.251573 -3.329270
-0.252573 -3.329249
-0.253573 -3.329228
-0.254573 -3.329208
-0.255573 -3.329189
-0.256573 -3.329170
-0.257573 -3.329151
-0.258573 -3.329133
-0.259573 -3.329115
-0.260573 -3.329098
-0.261573 -3.329082
-0.262573 -3.329066
-0.263573 -3.329050
-0.264573 -3.329035
-0.265573 -3.329021
-0.266573 -3.329007
-0.267573 -3.328993
-0.268573 -3.328980
-0.269573 -3.328967
-0.270573 -3.328955
-0.271573 -3.328944
-0.272573 -3.328933
-0.273573 -3.328922
-0.274573 -3.328912
-0.275573 -3.328903
-0.276573 -3.328894
-0.277573 -3.328885
-0.278573 -3.328877
-0.279573 -3.328869
-0.280573 -3.328862
-0.281573 -3.328856
-0.282573 -3.328850
-0.283573 -3.328844
-0.284573 -3.328839
-0.285573 -3.328835
-0.286573 -3.328831
-0.287573 -3.328827
-0.288573 -3.328824
-0.289573 -3.328821
-0.290573 -3.328819
-0.291573 -3.328818
-0.292573 -3.328817
-0.293573 -3.328816
-0.294573 -3.328816
-0.295573 -3.328817
-0.296573 -3.328817
-0.297573 -3.328819
-0.298573 -3.328821
-0.299573 -3.328823
-0.300573 -3.328826
-0.301573 -3.328830
-0.302573 -3.328834
-0.303573 -3.328838
-0.304573 -3.328843
-0.305573 -3.328848
-0.306573 -3.328854
-0.307573 -3.328861
-0.308573 -3.328868
-0.309573 -3.328875
-0.310573 -3.328883
-0.311573 -3.328892
-0.312573 -3.328901
-0.313573 -3.328910
-0.314573 -3.328920
-0.315573 -3.328930
-0.316573 -3.328941
-0.317573 -3.328953
-0.318573 -3.328965
-0.319573 -3.328977
-0.320573 -3.328990
-0.321573 -3.329004
-0.322573 -3.329018
-0.323573 -3.329032
-0.324573 -3.329047
-0.325573 -3.329062
-0.326573 -3.329078
-0.327573 -3.329095
-0.328573 -3.329112
-0.329573 -3.329129
-0.330573 -3.329147
-0.331573 -3.329165
-0.332573 -3.329184
-0.333573 -3.329204
-0.334573 -3.329224
-0.335573 -3.329244
-0.336573 -3.329265
-0.337573 -3.329287
-0.338573 -3.329309
-0.339573 -3.329331
-0.340573 -3.329354
-0.341573 -3.329377
-0.342573 -3.329401
-0.343573 -3.329426
-0.344573 -3.329451
-0.345573 -3.329476
-0.346573 -3.329502
-0.347573 -3.329528
-0.348573 -3.329555
-0.349573 -3.329583
-0.350573 -3.329611
-0.351573 -3.329639
-0.352573 -3.329668
-0.353573 -3.329698
-0.354573 -3.329727
-0.355573 -3.329758
-0.356573 -3.329789
-0.357573 -3.329820
-0.358573 -3.329852
-0.359573 -3.329885
-0.360573 -3.329918
-0.361573 -3.329951
-0.362573 -3.329985
-0.363573 -3.330019
-0.364573 -3.330054
-0.365573 -3.330090
-0.366573 -3.330126
-0.367573 -3.330162
-0.368573 -3.330199
-0.369573 -3.330236
-0.370573 -3.330274
-0.371573 -3.330313
-0.372573 -3.330351
-0.373573 -3.330391
-0.374573 -3.330431
-0.375573 -3.330471
-0.376573 -3.330512
-0.377573 -3.330553
-0.378573 -3.330595
-0.379573 -3.330638
-0.380573 -3.330681
-0.381573 -3.330724
-0.382573 -3.330768
-0.383573 -3.330812
-0.384573 -3.330857
-0.385573 -3.330903
-0.386573 -3.330948
-0.387573 -3.330995
-0.388573 -3.331042
-0.389573 -3.331089
-0.390573 -3.331137
-0.391573 -3.331185
-0.392573 -3.331234
-0.393573 -3.331284
-0.394573 -3.331333
-0.395573 -3.331384
-0.396573 -3.331435
-0.397573 -3.331486
-0.398573 -3.331538
-0.399573 -3.331590
-0.400573 -3.331643
-0.401573 -3.331696
-0.402573 -3.331750
-0.403573 -3.331805
-0.404573 -3.331859
-0.405573 -3.331915
-0.406573 -3.331971
-0.407573 -3.332027
-0.408573 -3.332084
-0.409573 -3.332141
-0.410573 -3.332199
-0.411573 -3.332257
-0.412573 -3.332316
-0.413573 -3.332375
-0.414573 -3.332435
-0.415573 -3.332495
-0.416573 -3.332556
-0.417573 -3.332617
-0.418573 -3.332679
-0.419573 -3.332741
-0.420573 -3.332804
-0.421573 -3.332868
-0.422573 -3.332931
-0.423573 -3.332996
-0.424573 -3.333060
-0.425573 -3.333126
-0.426573 -3.333191
-0.427573 -3.333258
-0.428573 -3.333324
-0.429573 -3.333392
-0.430573 -3.333459
-0.431573 -3.333528
-0.432573 -3.333596
-0.433573 -3.333666
-0.434573 -3.333735
-0.435573 -3.333805
-0.436573 -3.333876
-0.437573 -3.333947
-0.438573 -3.334019
-0.439573 -3.334091
-0.440573 -3.334164
-0.441573 -3.334237
-0.442573 -3.334311
-0.443573 -3.334385
-0.444573 -3.334460
-0.445573 -3.334535
-0.446573 -3.334610
-0.447573 -3.334687
-0.448573 -3.334763
-0.449573 -3.334840
-0.450573 -3.334918
-0.451573 -3.334996
-0.452573 -3.335075
-0.453573 -3.335154
-0.454573 -3.335233
-0.455573 -3.335314
-0.456573 -3.335394
-0.457573 -3.335475
-0.458573 -3.335557
-0.459573 -3.335639
-0.460573 -3.335721
-0.461573 -3.335804
-0.462573 -3.335888
-0.463573 -3.335972
-0.464573 -3.336057
-0.465573 -3.336142
-0.466573 -3.336227
-0.467573 -3.336313
-0.468573 -3.336400
-0.469573 -3.336487
-0.470573 -3.336574
-0.471573 -3.336662
-0.472573 -3.336751
-0.473573 -3.336840
-0.474573 -3.336929
-0.475573 -3.337019
-0.476573 -3.337109
-0.477573 -3.337200
-0.478573 -3.337292
-0.479573 -3.337384
-0.480573 -3.337476
-0.481573 -3.337569
-0.482573 -3.337662
-0.483573 -3.337756
-0.484573 -3.337851
-0.485573 -3.337946
-0.486573 -3.338041
-0.487573 -3.338137
-0.488573 -3.338233
-0.489573 -3.338330
-0.490573 -3.338427
-0.491573 -3.338525
-0.492573 -3.338623
-0.493573 -3.338722
-0.494573 -3.338821
-0.495573 -3.338921
-0.496573 -3.339021
-0.497573 -3.339122
-0.498573 -3.339223
-0.499573 -3.339325
-0.500573 -3.339427
-0.501573 -3.339530
-0.502573 -3.339633
-0.503573 -3.339737
-0.504573 -3.339841
-0.505573 -3.339946
-0.506573 -3.340051
-0.507573 -3.340157
-0.508573 -3.340263
-0.509573 -3.340369
-0.510573 -3.340476
-0.511573 -3.340584
-0.512573 -3.340692
-0.513573 -3.340801
-0.514573 -3.340910
-0.515573 -3.341019
-0.516573 -3.341129
-0.517573 -3.341240
-0.518573 -3.341351
-0.519573 -3.341462
-0.520573 -3.341574
-0.521573 -3.341687
-0.522573 -3.341800
-0.523573 -3.341913
-0.524573 -3.342027
-0.525573 -3.342142
-0.526573 -3.342257
-0.527573 -3.342372
-0.528573 -3.342488
-0.529573 -3.342604
-0.530573 -3.342721
-0.531573 -3.342838
-0.532573 -3.342956
-0.533573 -3.343075
-0.534573 -3.343193
-0.535573 -3.343313
-0.536573 -3.343432
-0.537573 -3.343553
-0.538573 -3.343673
-0.539573 -3.343795
-0.540573 -3.343916
-0.541573 -3.344038
-0.542573 -3.344161
-0.543573 -3.344284
-0.544573 -3.344408
-0.545573 -3.344532
-0.546573 -3.344657
-0.547573 -3.344782
-0.548573 -3.344907
-0.549573 -3.345033
-0.550573 -3.345160
-0.551573 -3.345287
-0.552573 -3.345415
-0.553573 -3.345543
-0.554573 -3.345671
-0.555573 -3.345800
-0.556573 -3.345930
-0.557573 -3.346059
-0.558573 -3.346190
-0.559573 -3.346321
-0.560573 -3.346452
-0.561573 -3.346584
-0.562573 -3.346716
-0.563573 -3.346849
-0.564573 -3.346983
-0.565573 -3.347116
-0.566573 -3.347251
-0.567573 -3.347385
-0.568573 -3.347521
-0.569573 -3.347656
-0.570573 -3.347792
-0.571573 -3.347929
-0.572573 -3.348066
-0.573573 -3.348204
-0.574573 -3.348342
-0.575573 -3.348481
-0.576573 -3.348620
-0.577573 -3.348759
-0.578573 -3.348899
-0.579573 -3.349040
-0.580573 -3.349181
-0.581573 -3.349322
-0.582573 -3.349464
-0.583573 -3.349607
-0.584573 -3.349750
-0.585573 -3.349893
-0.586573 -3.350037
-0.587573 -3.350181
-0.588573 -3.350326
-0.589573 -3.350214
-0.590573 -3.350069
-0.591573 -3.349925
-0.592573 -3.349782
-0.593573 -3.349639
-0.594573 -3.349496
-0.595573 -3.349354
-0.596573 -3.349212
-0.597573 -3.349071
-0.598573 -3.348931
-0.599573 -3.348790
-0.600573 -3.348651
-0.601573 -3.348512
-0.602573 -3.348373
-0.603573 -3.348235
-0.604573 -3.348097
-0.605573 -3.347960
-0.606573 -3.347823
-0.607573 -3.347686
-0.608573 -3.347551
-0.609573 -3.347415
-0.610573 -3.347280
-0.611573 -3.347146
-0.612573 -3.347012
-0.613573 -3.346879
-0.614573 -3.346746
-0.615573 -3.346613
-0.616573 -3.346481
-0.617573 -3.346350
-0.618573 -3.346219
-0.619573 -3.346088
-0.620573 -3.345958
-0.621573 -3.345829
-0.622573 -3.345700
-0.623573 -3.345571
-0.624573 -3.345443
-0.625573 -3.345315
-0.626573 -3.345188
-0.627573 -3.345062
-0.628573 -3.344935
-0.629573 -3.344810
-0.630573 -3.344684
-0.631573 -3.344560
-0.632573 -3.344436
-0.633573 -3.344312
-0.634573 -3.344188
-0.635573 -3.344066
-0.636573 -3.343943
-0.637573 -3.343822
-0.638573 -3.343700
-0.639573 -3.343579
-0.640573 -3.343459
-0.641573 -3.343339
-0.642573 -3.343220
-0.643573 -3.343101
-0.644573 -3.342982
-0.645573 -3.342865
-0.646573 -3.342747
-0.647573 -3.342630
-0.648573 -3.342514
-0.649573 -3.342398
-0.650573 -3.342282
-0.651573 -3.342167
-0.652573 -3.342053
-0.653573 -3.341939
-0.654573 -3.341825
-0.655573 -3.341712
-0.656573 -3.341599
-0.657573 -3.341487
-0.658573 -3.341376
-0.659573 -3.341265
-0.660573 -3.341154
-0.661573 -3.341044
-0.662573 -3.340934
-0.663573 -3.340825
-0.664573 -3.340716
-0.665573 -3.340608
-0.666573 -3.340500
-0.667573 -3.340393
-0.668573 -3.340286
-0.669573 -3.340180
-0.670573 -3.340074
-0.671573 -3.339969
-0.672573 -3.339864
-0.673573 -3.339760
-0.674573 -3.339656
-0.675573 -3.339553
-0.676573 -3.339450
-0.677573 -3.339348
-0.678573 -3.339246
-0.679573 -3.339145
-0.680573 -3.339044
-0.681573 -3.338943
-0.682573 -3.338844
-0.683573 -3.338744
-0.684573 -3.338645
-0.685573 -3.338547
-0.686573 -3.338449
-0.687573 -3.338352
-0.688573 -3.338255
-0.689573 -3.338158
-0.690573 -3.338062
-0.691573 -3.337967
-0.692573 -3.337872
-0.693573 -3.337777
-0.694573 -3.337683
-0.695573 -3.337590
-0.696573 -3.337497
-0.697573 -3.337404
-0.698573 -3.337312
-0.699573 -3.337221
-0.700573 -3.337130
-0.701573 -3.337039
-0.702573 -3.336949
-0.703573 -3.336859
-0.704573 -3.336770
-0.705573 -3.336682
-0.706573 -3.336594
-0.707573 -3.336506
-0.708573 -3.336419
-0.709573 -3.336332
-0.710573 -3.336246
-0.711573 -3.336161
-0.712573 -3.336075
-0.713573 -3.335991
-0.714573 -3.335907
-0.715573 -3.335823
-0.716573 -3.335740
-0.717573 -3.335657
-0.718573 -3.335575
-0.719573 -3.335493
-0.720573 -3.335412
-0.721573 -3.335331
-0.722573 -3.335251
-0.723573 -3.335171
-0.724573 -3.335092
-0.725573 -3.335014
-0.726573 -3.334935
-0.727573 -3.334858
-0.728573 -3.334780
-0.729573 -3.334704
-0.730573 -3.334627
-0.731573 -3.334552
-0.732573 -3.334476
-0.733573 -3.334401
-0.734573 -3.334327
-0.735573 -3.334253
-0.736573 -3.334180
-0.737573 -3.334107
-0.738573 -3.334035
-0.739573 -3.333963
-0.740573 -3.333892
-0.741573 -3.333821
-0.742573 -3.333751
-0.743573 -3.333681
-0.744573 -3.333612
-0.745573 -3.333543
-0.746573 -3.333474
-0.747573 -3.333407
-0.748573 -3.333339
-0.749573 -3.333272
-0.750573 -3.333206
-0.751573 -3.333140
-0.752573 -3.333075
-0.753573 -3.333010
-0.754573 -3.332946
-0.755573 -3.332882
-0.756573 -3.332818
-0.757573 -3.332755
-0.758573 -3.332693
-0.759573 -3.332631
-0.760573 -3.332570
-0.761573 -3.332509
-0.762573 -3.332448
-0.763573 -3.332388
-0.764573 -3.332329
-0.765573 -3.332270
-0.766573 -3.332212
-0.767573 -3.332154
-0.768573 -3.332096
-0.769573 -3.332039
-0.770573 -3.331983
-0.771573 -3.331927
-0.772573 -3.331872
-0.773573 -3.331817
-0.774573 -3.331762
-0.775573 -3.331708
-0.776573 -3.331655
-0.777573 -3.331602
-0.778573 -3.331549
-0.779573 -3.331497
-0.780573 -3.331446
-0.781573 -3.331395
-0.782573 -3.331345
-0.783573 -3.331295
-0.784573 -3.331245
-0.785573 -3.331196
-0.786573 -3.331148
-0.787573 -3.331100
-0.788573 -3.331052
-0.789573 -3.331005
-0.790573 -3.330959
-0.791573 -3.330913
-0.792573 -3.330867
-0.793573 -3.330822
-0.794573 -3.330778
-0.795573 -3.330734
-0.796573 -3.330690
-0.797573 -3.330647
-0.798573 -3.330605
-0.799573 -3.330563
-0.800573 -3.330521
-0.801573 -3.330480
-0.802573 -3.330440
-0.803573 -3.330400
-0.804573 -3.330360
-0.805573 -3.330321
-0.806573 -3.330283
-0.807573 -3.330245
-0.808573 -3.330207
-0.809573 -3.330170
-0.810573 -3.330134
-0.811573 -3.330098
-0.812573 -3.330062
-0.813573 -3.330027
-0.814573 -3.329992
-0.815573 -3.329958
-0.816573 -3.329925
-0.817573 -3.329892
-0.818573 -3.329859
-0.819573 -3.329827
-0.820573 -3.329796
-0.821573 -3.329765
-0.822573 -3.329734
-0.823573 -3.329704
-0.824573 -3.329675
-0.825573 -3.329646
-0.826573 -3.329617
-0.827573 -3.329589
-0.828573 -3.329561
-0.829573 -3.329534
-0.830573 -3.329508
-0.831573 -3.329482
-0.832573 -3.329456
-0.833573 -3.329431
-0.834573 -3.329407
-0.835573 -3.329383
-0.836573 -3.329359
-0.837573 -3.329336
-0.838573 -3.329313
-0.839573 -3.329291
-0.840573 -3.329270
-0.841573 -3.329249
-0.842573 -3.329228
-0.843573 -3.329208
-0.844573 -3.329189
-0.845573 -3.329170
-0.846573 -3.329151
-0.847573 -3.329133
-0.848573 -3.329115
-0.849573 -3.329098
-0.850573 -3.329082
-0.851573 -3.329066
-0.852573 -3.329050
-0.853573 -3.329035
-0.854573 -3.329021
-0.855573 -3.329007
-0.856573 -3.328993
-0.857573 -3.328980
-0.858573 -3.328967
-0.859573 -3.328955
-0.860573 -3.328944
-0.861573 -3.328933
-0.862573 -3.328922
-0.863573 -3.328912
-0.864573 -3.328903
-0.865573 -3.328894
-0.866573 -3.328885
-0.867573 -3.328877
-0.868573 -3.328869
-0.869573 -3.328862
-0.870573 -3.328856
-0.871573 -3.328850
-0.872573 -3.328844
-0.873573 -3.328839
-0.874573 -3.328835
-0.875573 -3.328831
-0.876573 -3.328827
-0.877573 -3.328824
-0.878573 -3.328821
-0.879573 -3.328819
-0.880573 -3.328818
-0.881573 -3.328817
-0.882573 -3.328816
-0.883573 -3.328816
