-0.589049 3.632933
-0.588049 3.632912
-0.587049 3.632815
-0.586049 3.632718
-0.585049 3.632622
-0.584049 3.632526
-0.583049 3.632431
-0.582049 3.632337
-0.581049 3.632242
-0.580049 3.632149
-0.579049 3.632055
-0.578049 3.631963
-0.577049 3.631871
-0.576049 3.631779
-0.575049 3.631688
-0.574049 3.631597
-0.573049 3.631507
-0.572049 3.631417
-0.571049 3.631328
-0.570049 3.631239
-0.569049 3.631151
-0.568049 3.631063
-0.567049 3.630975
-0.566049 3.630889
-0.565049 3.630802
-0.564049 3.630717
-0.563049 3.630631
-0.562049 3.630546
-0.561049 3.630462
-0.560049 3.630378
-0.559049 3.630295
-0.558049 3.630212
-0.557049 3.630130
-0.556049 3.630048
-0.555049 3.629966
-0.554049 3.629886
-0.553049 3.629805
-0.552049 3.629725
-0.551049 3.629646
-0.550049 3.629567
-0.549049 3.629489
-0.548049 3.629411
-0.547049 3.629333
-0.546049 3.629256
-0.545049 3.629180
-0.544049 3.629104
-0.543049 3.629028
-0.542049 3.628953
-0.541049 3.628879
-0.540049 3.628805
-0.539049 3.628732
-0.538049 3.628659
-0.537049 3.628586
-0.536049 3.628514
-0.535049 3.628443
-0.534049 3.628372
-0.533049 3.628301
-0.532049 3.628231
-0.531049 3.628162
-0.530049 3.628093
-0.529049 3.628024
-0.528049 3.627956
-0.527049 3.627888
-0.526049 3.627821
-0.525049 3.627755
-0.524049 3.627689
-0.523049 3.627623
-0.522049 3.627558
-0.521049 3.627494
-0.520049 3.627430
-0.519049 3.627366
-0.518049 3.627303
-0.517049 3.627240
-0.516049 3.627178
-0.515049 3.627117
-0.514049 3.627056
-0.513049 3.626995
-0.512049 3.626935
-0.511049 3.626875
-0.510049 3.626816
-0.509049 3.626758
-0.508049 3.626700
-0.507049 3.626642
-0.506049 3.626585
-0.505049 3.626528
-0.504049 3.626472
-0.503049 3.626416
-0.502049 3.626361
-0.501049 3.626307
-0.500049 3.626253
-0.499049 3.626199
-0.498049 3.626146
-0.497049 3.626093
-0.496049 3.626041
-0.495049 3.625989
-0.494049 3.625938
-0.493049 3.625888
-0.492049 3.625837
-0.491049 3.625788
-0.490049 3.625739
-0.489049 3.625690
-0.488049 3.625642
-0.487049 3.625594
-0.486049 3.625547
-0.485049 3.625500
-0.484049 3.625454
-0.483049 3.625408
-0.482049 3.625363
-0.481049 3.625318
-0.480049 3.625274
-0.479049 3.625231
-0.478049 3.625187
-0.477049 3.625145
-0.476049 3.625103
-0.475049 3.625061
-0.474049 3.625020
-0.473049 3.624979
-0.472049 3.624939
-0.471049 3.624899
-0.470049 3.624860
-0.469049 3.624821
-0.468049 3.624783
-0.467049 3.624745
-0.466049 3.624708
-0.465049 3.624671
-0.464049 3.624635
-0.463049 3.624599
-0.462049 3.624564
-0.461049 3.624530
-0.460049 3.624495
-0.459049 3.624462
-0.458049 3.624428
-0.457049 3.624396
-0.456049 3.624363
-0.455049 3.624332
-0.454049 3.624300
-0.453049 3.624270
-0.452049 3.624240
-0.451049 3.624210
-0.450049 3.624181
-0.449049 3.624152
-0.448049 3.624124
-0.447049 3.624096
-0.446049 3.624069
-0.445049 3.624042
-0.444049 3.624016
-0.443049 3.623990
-0.442049 3.623965
-0.441049 3.623940
-0.440049 3.623916
-0.439049 3.623892
-0.438049 3.623869
-0.437049 3.623846
-0.436049 3.623824
-0.435049 3.623802
-0.434049 3.623781
-0.433049 3.623760
-0.432049 3.623740
-0.431049 3.623720
-0.430049 3.623701
-0.429049 3.623682
-0.428049 3.623664
-0.427049 3.623646
-0.426049 3.623629
-0.425049 3.623612
-0.424049 3.623596
-0.423049 3.623580
-0.422049 3.623565
-0.421049 3.623550
-0.420049 3.623536
-0.419049 3.623522
-0.418049 3.623509
-0.417049 3.623496
-0.416049 3.623484
-0.415049 3.623472
-0.414049 3.623461
-0.413049 3.623450
-0.412049 3.623440
-0.411049 3.623430
-0.410049 3.623421
-0.409049 3.623412
-0.408049 3.623404
-0.407049 3.623396
-0.406049 3.623389
-0.405049 3.623382
-0.404049 3.623376
-0.403049 3.623371
-0.402049 3.623365
-0.401049 3.623361
-0.400049 3.623356
-0.399049 3.623353
-0.398049 3.623349
-0.397049 3.623347
-0.396049 3.623344
-0.395049 3.623343
-0.394049 3.623341
-0.393049 3.623341
-0.392049 3.623340
-0.391049 3.623341
-0.390049 3.623341
-0.389049 3.623343
-0.388049 3.623344
-0.387049 3.623347
-0.386049 3.623349
-0.385049 3.623353
-0.384049 3.623356
-0.383049 3.623361
-0.382049 3.623365
-0.381049 3.623371
-0.380049 3.623376
-0.379049 3.623383
-0.378049 3.623389
-0.377049 3.623397
-0.376049 3.623405
-0.375049 3.623413
-0.374049 3.623422
-0.373049 3.623431
-0.372049 3.623441
-0.371049 3.623451
-0.370049 3.623462
-0.369049 3.623473
-0.368049 3.623485
-0.367049 3.623497
-0.366049 3.623510
-0.365049 3.623523
-0.364049 3.623537
-0.363049 3.623551
-0.362049 3.623566
-0.361049 3.623581
-0.360049 3.623597
-0.359049 3.623613
-0.358049 3.623630
-0.357049 3.623647
-0.356049 3.623665
-0.355049 3.623683
-0.354049 3.623702
-0.353049 3.623721
-0.352049 3.623741
-0.351049 3.623761
-0.350049 3.623782
-0.349049 3.623803
-0.348049 3.623825
-0.347049 3.623847
-0.346049 3.623870
-0.345049 3.623893
-0.344049 3.623917
-0.343049 3.623941
-0.342049 3.623966
-0.341049 3.623991
-0.340049 3.624017
-0.339049 3.624043
-0.338049 3.624070
-0.337049 3.624097
-0.336049 3.624125
-0.335049 3.624153
-0.334049 3.624182
-0.333049 3.624211
-0.332049 3.624241
-0.331049 3.624271
-0.330049 3.624302
-0.329049 3.624333
-0.328049 3.624365
-0.327049 3.624397
-0.326049 3.624430
-0.325049 3.624463
-0.324049 3.624497
-0.323049 3.624531
-0.322049 3.624566
-0.321049 3.624601
-0.320049 3.624636
-0.319049 3.624673
-0.318049 3.624709
-0.317049 3.624747
-0.316049 3.624784
-0.315049 3.624823
-0.314049 3.624861
-0.313049 3.624901
-0.312049 3.624940
-0.311049 3.624980
-0.310049 3.625021
-0.309049 3.625062
-0.308049 3.625104
-0.307049 3.625146
-0.306049 3.625189
-0.305049 3.625232
-0.304049 3.625276
-0.303049 3.625320
-0.302049 3.625365
-0.301049 3.625410
-0.300049 3.625456
-0.299049 3.625502
-0.298049 3.625549
-0.297049 3.625596
-0.296049 3.625643
-0.295049 3.625692
-0.294049 3.625729
-0.293049 3.625681
-0.292049 3.625633
-0.291049 3.625585
-0.290049 3.625538
-0.289049 3.625492
-0.288049 3.625446
-0.287049 3.625400
-0.286049 3.625355
-0.285049 3.625310
-0.284049 3.625266
-0.283049 3.625223
-0.282049 3.625179
-0.281049 3.625137
-0.280049 3.625095
-0.279049 3.625053
-0.278049 3.625012
-0.277049 3.624971
-0.276049 3.624931
-0.275049 3.624892
-0.274049 3.624853
-0.273049 3.624814
-0.272049 3.624776
-0.271049 3.624738
-0.270049 3.624701
-0.269049 3.624665
-0.268049 3.624628
-0.267049 3.624593
-0.266049 3.624558
-0.265049 3.624523
-0.264049 3.624489
-0.263049 3.624455
-0.262049 3.624422
-0.261049 3.624390
-0.260049 3.624358
-0.259049 3.624326
-0.258049 3.624295
-0.257049 3.624264
-0.256049 3.624234
-0.255049 3.624204
-0.254049 3.624175
-0.253049 3.624147
-0.252049 3.624118
-0.251049 3.624091
-0.250049 3.624064
-0.249049 3.624037
-0.248049 3.624011
-0.247049 3.623985
-0.246049 3.623960
-0.245049 3.623936
-0.244049 3.623911
-0.243049 3.623888
-0.242049 3.623865
-0.241049 3.623842
-0.240049 3.623820
-0.239049 3.623798
-0.238049 3.623777
-0.237049 3.623756
-0.236049 3.623736
-0.235049 3.623717
-0.234049 3.623697
-0.233049 3.623679
-0.232049 3.623661
-0.231049 3.623643
-0.230049 3.623626
-0.229049 3.623609
-0.228049 3.623593
-0.227049 3.623577
-0.226049 3.623562
-0.225049 3.623548
-0.224049 3.623534
-0.223049 3.623520
-0.222049 3.623507
-0.221049 3.623494
-0.220049 3.623482
-0.219049 3.623470
-0.218049 3.623459
-0.217049 3.623448
-0.216049 3.623438
-0.215049 3.623429
-0.214049 3.623420
-0.213049 3.623411
-0.212049 3.623403
-0.211049 3.623395
-0.210049 3.623388
-0.209049 3.623381
-0.208049 3.623375
-0.207049 3.623369
-0.206049 3.623364
-0.205049 3.623360
-0.204049 3.623356
-0.203049 3.623352
-0.202049 3.623349
-0.201049 3.623346
-0.200049 3.623344
-0.199049 3.623342
-0.198049 3.623341
-0.197049 3.623341
-0.196049 3.623340
-0.195049 3.623341
-0.194049 3.623342
-0.193049 3.623343
-0.192049 3.623345
-0.191049 3.623347
-0.190049 3.623350
-0.189049 3.623353
-0.188049 3.623357
-0.187049 3.623362
-0.186049 3.623366
-0.185049 3.623372
-0.184049 3.623378
-0.183049 3.623384
-0.182049 3.623391
-0.181049 3.623398
-0.180049 3.623406
-0.179049 3.623414
-0.178049 3.623423
-0.177049 3.623433
-0.176049 3.623442
-0.175049 3.623453
-0.174049 3.623464
-0.173049 3.623475
-0.172049 3.623487
-0.171049 3.623499
-0.170049 3.623512
-0.169049 3.623525
-0.168049 3.623539
-0.167049 3.623554
-0.166049 3.623568
-0.165049 3.623584
-0.164049 3.623600
-0.163049 3.623616
-0.162049 3.623633
-0.161049 3.623650
-0.160049 3.623668
-0.159049 3.623686
-0.158049 3.623705
-0.157049 3.623725
-0.156049 3.623744
-0.155049 3.623765
-0.154049 3.623786
-0.153049 3.623807
-0.152049 3.623829
-0.151049 3.623851
-0.150049 3.623874
-0.149049 3.623897
-0.148049 3.623921
-0.147049 3.623945
-0.146049 3.623970
-0.145049 3.623996
-0.144049 3.624022
-0.143049 3.624048
-0.142049 3.624075
-0.141049 3.624102
-0.140049 3.624130
-0.139049 3.624158
-0.138049 3.624187
-0.137049 3.624216
-0.136049 3.624246
-0.135049 3.624277
-0.134049 3.624307
-0.133049 3.624339
-0.132049 3.624371
-0.131049 3.624403
-0.130049 3.624436
-0.129049 3.624469
-0.128049 3.624503
-0.127049 3.624537
-0.126049 3.624572
-0.125049 3.624607
-0.124049 3.624643
-0.123049 3.624679
-0.122049 3.624716
-0.121049 3.624754
-0.120049 3.624791
-0.119049 3.624830
-0.118049 3.624869
-0.117049 3.624908
-0.116049 3.624948
-0.115049 3.624988
-0.114049 3.625029
-0.113049 3.625070
-0.112049 3.625112
-0.111049 3.625154
-0.110049 3.625197
-0.109049 3.625240
-0.108049 3.625284
-0.107049 3.625328
-0.106049 3.625373
-0.105049 3.625418
-0.104049 3.625464
-0.103049 3.625511
-0.102049 3.625557
-0.101049 3.625605
-0.100049 3.625652
-0.099049 3.625701
-0.098049 3.625749
-0.097049 3.625799
-0.096049 3.625848
-0.095049 3.625899
-0.094049 3.625949
-0.093049 3.626001
-0.092049 3.626053
-0.091049 3.626105
-0.090049 3.626158
-0.089049 3.626211
-0.088049 3.626265
-0.087049 3.626319
-0.086049 3.626373
-0.085049 3.626429
-0.084049 3.626484
-0.083049 3.626541
-0.082049 3.626597
-0.081049 3.626655
-0.080049 3.626712
-0.079049 3.626771
-0.078049 3.626829
-0.077049 3.626889
-0.076049 3.626948
-0.075049 3.627008
-0.074049 3.627069
-0.073049 3.627130
-0.072049 3.627192
-0.071049 3.627254
-0.070049 3.627317
-0.069049 3.627380
-0.068049 3.627444
-0.067049 3.627508
-0.066049 3.627573
-0.065049 3.627638
-0.064049 3.627703
-0.063049 3.627770
-0.062049 3.627836
-0.061049 3.627903
-0.060049 3.627971
-0.059049 3.628039
-0.058049 3.628108
-0.057049 3.628177
-0.056049 3.628247
-0.055049 3.628317
-0.054049 3.628387
-0.053049 3.628458
-0.052049 3.628530
-0.051049 3.628602
-0.050049 3.628675
-0.049049 3.628748
-0.048049 3.628821
-0.047049 3.628895
-0.046049 3.628970
-0.045049 3.629045
-0.044049 3.629121
-0.043049 3.629197
-0.042049 3.629273
-0.041049 3.629350
-0.040049 3.629428
-0.039049 3.629506
-0.038049 3.629584
-0.037049 3.629663
-0.036049 3.629743
-0.035049 3.629823
-0.034049 3.629903
-0.033049 3.629984
-0.032049 3.630066
-0.031049 3.630148
-0.030049 3.630230
-0.029049 3.630313
-0.028049 3.630397
-0.027049 3.630481
-0.026049 3.630565
-0.025049 3.630650
-0.024049 3.630736
-0.023049 3.630822
-0.022049 3.630908
-0.021049 3.630995
-0.020049 3.631082
-0.019049 3.631170
-0.018049 3.631259
-0.017049 3.631347
-0.016049 3.631437
-0.015049 3.631527
-0.014049 3.631617
-0.013049 3.631708
-0.012049 3.631799
-0.011049 3.631891
-0.010049 3.631983
-0.009049 3.632076
-0.008049 3.632169
-0.007049 3.632263
-0.006049 3.632357
-0.005049 3.632452
-0.004049 3.632548
-0.003049 3.632643
-0.002049 3.632740
-0.001049 3.632836
-0.000049 3.632933
0.000951 3.632912
0.001951 3.632815
0.002951 3.632718
0.003951 3.632622
0.004951 3.632526
0.005951 3.632431
0.006951 3.632337
0.007951 3.632242
0.008951 3.632149
0.009951 3.632055
0.010951 3.631963
0.011951 3.631871
0.012951 3.631779
0.013951 3.631688
0.014951 3.631597
0.015951 3.631507
0.016951 3.631417
0.017951 3.631328
0.018951 3.631239
0.019951 3.631151
0.020951 3.631063
0.021951 3.630975
0.022951 3.630889
0.023951 3.630802
0.024951 3.630717
0.025951 3.630631
0.026951 3.630546
0.027951 3.630462
0.028951 3.630378
0.029951 3.630295
0.030951 3.630212
0.031951 3.630130
0.032951 3.630048
0.033951 3.629966
0.034951 3.629886
0.035951 3.629805
0.036951 3.629725
0.037951 3.629646
0.038951 3.629567
0.039951 3.629489
0.040951 3.629411
0.041951 3.629333
0.042951 3.629256
0.043951 3.629180
0.044951 3.629104
0.045951 3.629028
0.046951 3.628953
0.047951 3.628879
0.048951 3.628805
0.049951 3.628732
0.050951 3.628659
0.051951 3.628586
0.052951 3.628514
0.053951 3.628443
0.054951 3.628372
0.055951 3.628301
0.056951 3.628231
0.057951 3.628162
0.058951 3.628093
0.059951 3.628024
0.060951 3.627956
0.061951 3.627888
0.062951 3.627821
0.063951 3.627755
0.064951 3.627689
0.065951 3.627623
0.066951 3.627558
0.067951 3.627494
0.068951 3.627430
0.069951 3.627366
0.070951 3.627303
0.071951 3.627240
0.072951 3.627178
0.073951 3.627117
0.074951 3.627056
0.075951 3.626995
0.076951 3.626935
0.077951 3.626875
0.078951 3.626816
0.079951 3.626758
0.080951 3.626700
0.081951 3.626642
0.082951 3.626585
0.083951 3.626528
0.084951 3.626472
0.085951 3.626416
0.086951 3.626361
0.087951 3.626307
0.088951 3.626253
0.089951 3.626199
0.090951 3.626146
0.091951 3.626093
0.092951 3.626041
0.093951 3.625989
0.094951 3.625938
0.095951 3.625888
0.096951 3.625837
0.097951 3.625788
0.098951 3.625739
0.099951 3.625690
0.100951 3.625642
0.101951 3.625594
0.102951 3.625547
0.103951 3.625500
0.104951 3.625454
0.105951 3.625408
0.106951 3.625363
0.107951 3.625318
0.108951 3.625274
0.109951 3.625231
0.110951 3.625187
0.111951 3.625145
0.112951 3.625103
0.113951 3.625061
0.114951 3.625020
0.115951 3.624979
0.116951 3.624939
0.117951 3.624899
0.118951 3.624860
0.119951 3.624821
0.120951 3.624783
0.121951 3.624745
0.122951 3.624708
0.123951 3.624671
0.124951 3.624635
0.125951 3.624599
0.126951 3.624564
0.127951 3.624530
0.128951 3.624495
0.129951 3.624462
0.130951 3.624428
0.131951 3.624396
0.132951 3.624363
0.133951 3.624332
0.134951 3.624300
0.135951 3.624270
0.136951 3.624240
0.137951 3.624210
0.138951 3.624181
0.139951 3.624152
0.140951 3.624124
0.141951 3.624096
0.142951 3.624069
0.143951 3.624042
0.144951 3.624016
0.145951 3.623990
0.146951 3.623965
0.147951 3.623940
0.148951 3.623916
0.149951 3.623892
0.150951 3.623869
0.151951 3.623846
0.152951 3.623824
0.153951 3.623802
0.154951 3.623781
0.155951 3.623760
0.156951 3.623740
0.157951 3.623720
0.158951 3.623701
0.159951 3.623682
0.160951 3.623664
0.161951 3.623646
0.162951 3.623629
0.163951 3.623612
0.164951 3.623596
0.165951 3.623580
0.166951 3.623565
0.167951 3.623550
0.168951 3.623536
0.169951 3.623522
0.170951 3.623509
0.171951 3.623496
0.172951 3.623484
0.173951 3.623472
0.174951 3.623461
0.175951 3.623450
0.176951 3.623440
0.177951 3.623430
0.178951 3.623421
0.179951 3.623412
0.180951 3.623404
0.181951 3.623396
0.182951 3.623389
0.183951 3.623382
0.184951 3.623376
0.185951 3.623371
0.186951 3.623365
0.187951 3.623361
0.188951 3.623356
0.189951 3.623353
0.190951 3.623349
0.191951 3.623347
0.192951 3.623344
0.193951 3.623343
0.194951 3.623341
0.195951 3.623341
0.196951 3.623340
0.197951 3.623341
0.198951 3.623341
0.199951 3.623343
0.200951 3.623344
0.201951 3.623347
0.202951 3.623349
0.203951 3.623353
0.204951 3.623356
0.205951 3.623361
0.206951 3.623365
0.207951 3.623371
0.208951 3.623376
0.209951 3.623383
0.210951 3.623389
0.211951 3.623397
0.212951 3.623405
0.213951 3.623413
0.214951 3.623422
0.215951 3.623431
0.216951 3.623441
0.217951 3.623451
0.218951 3.623462
0.219951 3.623473
0.220951 3.623485
0.221951 3.623497
0.222951 3.623510
0.223951 3.623523
0.224951 3.623537
0.225951 3.623551
0.226951 3.623566
0.227951 3.623581
0.228951 3.623597
0.229951 3.623613
0.230951 3.623630
0.231951 3.623647
0.232951 3.623665
0.233951 3.623683
0.234951 3.623702
0.235951 3.623721
0.236951 3.623741
0.237951 3.623761
0.238951 3.623782
0.239951 3.623803
0.240951 3.623825
0.241951 3.623847
0.242951 3.623870
0.243951 3.623893
0.244951 3.623917
0.245951 3.623941
0.246951 3.623966
0.247951 3.623991
0.248951 3.624017
0.249951 3.624043
0.250951 3.624070
0.251951 3.624097
0.252951 3.624125
0.253951 3.624153
0.254951 3.624182
0.255951 3.624211
0.256951 3.624241
0.257951 3.624271
0.258951 3.624302
0.259951 3.624333
0.260951 3.624365
0.261951 3.624397
0.262951 3.624430
0.263951 3.624463
0.264951 3.624497
0.265951 3.624531
0.266951 3.624566
0.267951 3.624601
0.268951 3.624636
0.269951 3.624673
0.270951 3.624709
0.271951 3.624747
0.272951 3.624784
0.273951 3.624823
0.274951 3.624861
0.275951 3.624901
0.276951 3.624940
0.277951 3.624980
0.278951 3.625021
0.279951 3.625062
0.280951 3.625104
0.281951 3.625146
0.282951 3.625189
0.283951 3.625232
0.284951 3.625276
0.285951 3.625320
0.286951 3.625365
0.287951 3.625410
0.288951 3.625456
0.289951 3.625502
0.290951 3.625549
0.291951 3.625596
0.292951 3.625643
0.293951 3.625692
0.294951 3.625729
0.295951 3.625681
0.296951 3.625633
0.297951 3.625585
0.298951 3.625538
0.299951 3.625492
0.300951 3.625446
0.301951 3.625400
0.302951 3.625355
0.303951 3.625310
0.304951 3.625266
0.305951 3.625223
0.306951 3.625179
0.307951 3.625137
0.308951 3.625095
0.309951 3.625053
0.310951 3.625012
0.311951 3.624971
0.312951 3.624931
0.313951 3.624892
0.314951 3.624853
0.315951 3.624814
0.316951 3.624776
0.317951 3.624738
0.318951 3.624701
0.319951 3.624665
0.320951 3.624628
0.321951 3.624593
0.322951 3.624558
0.323951 3.624523
0.324951 3.624489
0.325951 3.624455
0.326951 3.624422
0.327951 3.624390
0.328951 3.624358
0.329951 3.624326
0.330951 3.624295
0.331951 3.624264
0.332951 3.624234
0.333951 3.624204
0.334951 3.624175
0.335951 3.624147
0.336951 3.624118
0.337951 3.624091
0.338951 3.624064
0.339951 3.624037
0.340951 3.624011
0.341951 3.623985
0.342951 3.623960
0.343951 3.623936
0.344951 3.623911
0.345951 3.623888
0.346951 3.623865
0.347951 3.623842
0.348951 3.623820
0.349951 3.623798
0.350951 3.623777
0.351951 3.623756
0.352951 3.623736
0.353951 3.623717
0.354951 3.623697
0.355951 3.623679
0.356951 3.623661
0.357951 3.623643
0.358951 3.623626
0.359951 3.623609
0.360951 3.623593
0.361951 3.623577
0.362951 3.623562
0.363951 3.623548
0.364951 3.623534
0.365951 3.623520
0.366951 3.623507
0.367951 3.623494
0.368951 3.623482
0.369951 3.623470
0.370951 3.623459
0.371951 3.623448
0.372951 3.623438
0.373951 3.623429
0.374951 3.623420
0.375951 3.623411
0.376951 3.623403
0.377951 3.623395
0.378951 3.623388
0.379951 3.623381
0.380951 3.623375
0.381951 3.623369
0.382951 3.623364
0.383951 3.623360
0.384951 3.623356
0.385951 3.623352
0.386951 3.623349
0.387951 3.623346
0.388951 3.623344
0.389951 3.623342
0.390951 3.623341
0.391951 3.623341
0.392951 3.623340
0.393951 3.623341
0.394951 3.623342
0.395951 3.623343
0.396951 3.623345
0.397951 3.623347
0.398951 3.623350
0.399951 3.623353
0.400951 3.623357
0.401951 3.623362
0.402951 3.623366
0.403951 3.623372
0.404951 3.623378
0.405951 3.623384
0.406951 3.623391
0.407951 3.623398
0.408951 3.623406
0.409951 3.623414
0.410951 3.623423
0.411951 3.623433
0.412951 3.623442
0.413951 3.623453
0.414951 3.623464
0.415951 3.623475
0.416951 3.623487
0.417951 3.623499
0.418951 3.623512
0.419951 3.623525
0.420951 3.623539
0.421951 3.623554
0.422951 3.623568
0.423951 3.623584
0.424951 3.623600
0.425951 3.623616
0.426951 3.623633
0.427951 3.623650
0.428951 3.623668
0.429951 3.623686
0.430951 3.623705
0.431951 3.623725
0.432951 3.623744
0.433951 3.623765
0.434951 3.623786
0.435951 3.623807
0.436951 3.623829
0.437951 3.623851
0.438951 3.623874
0.439951 3.623897
0.440951 3.623921
0.441951 3.623945
0.442951 3.623970
0.443951 3.623996
0.444951 3.624022
0.445951 3.624048
0.446951 3.624075
0.447951 3.624102
0.448951 3.624130
0.449951 3.624158
0.450951 3.624187
0.451951 3.624216
0.452951 3.624246
0.453951 3.624277
0.454951 3.624307
0.455951 3.624339
0.456951 3.624371
0.457951 3.624403
0.458951 3.624436
0.459951 3.624469
0.460951 3.624503
0.461951 3.624537
0.462951 3.624572
0.463951 3.624607
0.464951 3.624643
0.465951 3.624679
0.466951 3.624716
0.467951 3.624754
0.468951 3.624791
0.469951 3.624830
0.470951 3.624869
0.471951 3.624908
0.472951 3.624948
0.473951 3.624988
0.474951 3.625029
0.475951 3.625070
0.476951 3.625112
0.477951 3.625154
0.478951 3.625197
0.479951 3.625240
0.480951 3.625284
0.481951 3.625328
0.482951 3.625373
0.483951 3.625418
0.484951 3.625464
0.485951 3.625511
0.486951 3.625557
0.487951 3.625605
0.488951 3.625652
0.489951 3.625701
0.490951 3.625749
0.491951 3.625799
0.492951 3.625848
0.493951 3.625899
0.494951 3.625949
0.495951 3.626001
0.496951 3.626053
0.497951 3.626105
0.498951 3.626158
0.499951 3.626211
0.500951 3.626265
0.501951 3.626319
0.502951 3.626373
0.503951 3.626429
0.504951 3.626484
0.505951 3.626541
0.506951 3.626597
0.507951 3.626655
0.508951 3.626712
0.509951 3.626771
0.510951 3.626829
0.511951 3.626889
0.512951 3.626948
0.513951 3.627008
0.514951 3.627069
0.515951 3.627130
0.516951 3.627192
0.517951 3.627254
0.518951 3.627317
0.519951 3.627380
0.520951 3.627444
0.521951 3.627508
0.522951 3.627573
0.523951 3.627638
0.524951 3.627703
0.525951 3.627770
0.526951 3.627836
0.527951 3.627903
0.528951 3.627971
0.529951 3.628039
0.530951 3.628108
0.531951 3.628177
0.532951 3.628247
0.533951 3.628317
0.534951 3.628387
0.535951 3.628458
0.536951 3.628530
0.537951 3.628602
0.538951 3.628675
0.539951 3.628748
0.540951 3.628821
0.541951 3.628895
0.542951 3.628970
0.543951 3.629045
0.544951 3.629121
0.545951 3.629197
0.546951 3.629273
0.547951 3.629350
0.548951 3.629428
0.549951 3.629506
0.550951 3.629584
0.551951 3.629663
0.552951 3.629743
0.553951 3.629823
0.554951 3.629903
0.555951 3.629984
0.556951 3.630066
0.557951 3.630148
0.558951 3.630230
0.559951 3.630313
0.560951 3.630397
0.561951 3.630481
0.562951 3.630565
0.563951 3.630650
0.564951 3.630736
0.565951 3.630822
0.566951 3.630908
0.567951 3.630995
0.568951 3.631082
0.569951 3.631170
0.570951 3.631259
0.571951 3.631347
0.572951 3.631437
0.573951 3.631527
0.574951 3.631617
0.575951 3.631708
0.576951 3.631799
0.577951 3.631891
0.578951 3.631983
0.579951 3.632076
0.580951 3.632169
0.581951 3.632263
0.582951 3.632357
0.583951 3.632452
0.584951 3.632548
0.585951 3.632643
0.586951 3.632740
0.587951 3.632836
0.588951 3.632933
0.588951 -3.623340
0.587951 -3.623341
0.586951 -3.623342
0.585951 -3.623343
0.584951 -3.623345
0.583951 -3.623348
0.582951 -3.623351
0.581951 -3.623354
0.580951 -3.623358
0.579951 -3.623362
0.578951 -3.623367
0.577951 -3.623373
0.576951 -3.623379
0.575951 -3.623385
0.574951 -3.623392
0.573951 -3.623400
0.572951 -3.623408
0.571951 -3.623416
0.570951 -3.623425
0.569951 -3.623434
0.568951 -3.623444
0.567951 -3.623455
0.566951 -3.623466
0.565951 -3.623477
0.564951 -3.623489
0.563951 -3.623501
0.562951 -3.623514
0.561951 -3.623528
0.560951 -3.623542
0.559951 -3.623556
0.558951 -3.623571
0.557951 -3.623587
0.556951 -3.623603
0.555951 -3.623619
0.554951 -3.623636
0.553951 -3.623653
0.552951 -3.623671
0.551951 -3.623690
0.550951 -3.623709
0.549951 -3.623728
0.548951 -3.623748
0.547951 -3.623769
0.546951 -3.623789
0.545951 -3.623811
0.544951 -3.623833
0.543951 -3.623855
0.542951 -3.623878
0.541951 -3.623902
0.540951 -3.623926
0.539951 -3.623950
0.538951 -3.623975
0.537951 -3.624000
0.536951 -3.624026
0.535951 -3.624053
0.534951 -3.624080
0.533951 -3.624107
0.532951 -3.624135
0.531951 -3.624164
0.530951 -3.624192
0.529951 -3.624222
0.528951 -3.624252
0.527951 -3.624282
0.526951 -3.624313
0.525951 -3.624345
0.524951 -3.624376
0.523951 -3.624409
0.522951 -3.624442
0.521951 -3.624475
0.520951 -3.624509
0.519951 -3.624544
0.518951 -3.624578
0.517951 -3.624614
0.516951 -3.624650
0.515951 -3.624686
0.514951 -3.624723
0.513951 -3.624761
0.512951 -3.624798
0.511951 -3.624837
0.510951 -3.624876
0.509951 -3.624915
0.508951 -3.624955
0.507951 -3.624995
0.506951 -3.625036
0.505951 -3.625078
0.504951 -3.625120
0.503951 -3.625162
0.502951 -3.625205
0.501951 -3.625248
0.500951 -3.625292
0.499951 -3.625337
0.498951 -3.625382
0.497951 -3.625427
0.496951 -3.625473
0.495951 -3.625519
0.494951 -3.625566
0.493951 -3.625613
0.492951 -3.625661
0.491951 -3.625710
0.490951 -3.625759
0.489951 -3.625808
0.488951 -3.625858
0.487951 -3.625908
0.486951 -3.625959
0.485951 -3.626010
0.484951 -3.626062
0.483951 -3.626114
0.482951 -3.626167
0.481951 -3.626221
0.480951 -3.626275
0.479951 -3.626329
0.478951 -3.626384
0.477951 -3.626439
0.476951 -3.626495
0.475951 -3.626551
0.474951 -3.626608
0.473951 -3.626665
0.472951 -3.626723
0.471951 -3.626781
0.470951 -3.626840
0.469951 -3.626900
0.468951 -3.626959
0.467951 -3.627020
0.466951 -3.627080
0.465951 -3.627142
0.464951 -3.627204
0.463951 -3.627266
0.462951 -3.627329
0.461951 -3.627392
0.460951 -3.627456
0.459951 -3.627520
0.458951 -3.627585
0.457951 -3.627650
0.456951 -3.627716
0.455951 -3.627782
0.454951 -3.627849
0.453951 -3.627916
0.452951 -3.627984
0.451951 -3.628052
0.450951 -3.628121
0.449951 -3.628190
0.448951 -3.628260
0.447951 -3.628330
0.446951 -3.628400
0.445951 -3.628472
0.444951 -3.628543
0.443951 -3.628616
0.442951 -3.628688
0.441951 -3.628761
0.440951 -3.628835
0.439951 -3.628909
0.438951 -3.628984
0.437951 -3.629059
0.436951 -3.629135
0.435951 -3.629211
0.434951 -3.629288
0.433951 -3.629365
0.432951 -3.629442
0.431951 -3.629520
0.430951 -3.629599
0.429951 -3.629678
0.428951 -3.629758
0.427951 -3.629838
0.426951 -3.629918
0.425951 -3.630000
0.424951 -3.630081
0.423951 -3.630163
0.422951 -3.630246
0.421951 -3.630329
0.420951 -3.630412
0.419951 -3.630496
0.418951 -3.630581
0.417951 -3.630666
0.416951 -3.630751
0.415951 -3.630837
0.414951 -3.630924
0.413951 -3.631011
0.412951 -3.631098
0.411951 -3.631186
0.410951 -3.631275
0.409951 -3.631364
0.408951 -3.631453
0.407951 -3.631543
0.406951 -3.631634
0.405951 -3.631725
0.404951 -3.631816
0.403951 -3.631908
0.402951 -3.632000
0.401951 -3.632093
0.400951 -3.632187
0.399951 -3.632281
0.398951 -3.632375
0.397951 -3.632470
0.396951 -3.632565
0.395951 -3.632661
0.394951 -3.632757
0.393951 -3.632854
0.392951 -3.632952
0.391951 -3.633049
0.390951 -3.633148
0.389951 -3.633246
0.388951 -3.633346
0.387951 -3.633446
0.386951 -3.633546
0.385951 -3.633647
0.384951 -3.633748
0.383951 -3.633849
0.382951 -3.633952
0.381951 -3.634054
0.380951 -3.634158
0.379951 -3.634261
0.378951 -3.634365
0.377951 -3.634470
0.376951 -3.634575
0.375951 -3.634681
0.374951 -3.634787
0.373951 -3.634894
0.372951 -3.635001
0.371951 -3.635108
0.370951 -3.635216
0.369951 -3.635325
0.368951 -3.635434
0.367951 -3.635544
0.366951 -3.635654
0.365951 -3.635764
0.364951 -3.635875
0.363951 -3.635987
0.362951 -3.636099
0.361951 -3.636211
0.360951 -3.636324
0.359951 -3.636438
0.358951 -3.636552
0.357951 -3.636666
0.356951 -3.636781
0.355951 -3.636896
0.354951 -3.637012
0.353951 -3.637129
0.352951 -3.637245
0.351951 -3.637363
0.350951 -3.637481
0.349951 -3.637599
0.348951 -3.637718
0.347951 -3.637837
0.346951 -3.637957
0.345951 -3.638077
0.344951 -3.638198
0.343951 -3.638319
0.342951 -3.638441
0.341951 -3.638563
0.340951 -3.638685
0.339951 -3.638809
0.338951 -3.638932
0.337951 -3.639056
0.336951 -3.639181
0.335951 -3.639306
0.334951 -3.639432
0.333951 -3.639558
0.332951 -3.639684
0.331951 -3.639811
0.330951 -3.639939
0.329951 -3.640067
0.328951 -3.640195
0.327951 -3.640324
0.326951 -3.640454
0.325951 -3.640584
0.324951 -3.640714
0.323951 -3.640845
0.322951 -3.640976
0.321951 -3.641108
0.320951 -3.641241
0.319951 -3.641374
0.318951 -3.641507
0.317951 -3.641641
0.316951 -3.641775
0.315951 -3.641910
0.314951 -3.642045
0.313951 -3.642181
0.312951 -3.642317
0.311951 -3.642453
0.310951 -3.642591
0.309951 -3.642728
0.308951 -3.642866
0.307951 -3.643005
0.306951 -3.643144
0.305951 -3.643284
0.304951 -3.643424
0.303951 -3.643564
0.302951 -3.643705
0.301951 -3.643847
0.300951 -3.643989
0.299951 -3.644131
0.298951 -3.644274
0.297951 -3.644417
0.296951 -3.644561
0.295951 -3.644706
0.294951 -3.644851
0.293951 -3.644738
0.292951 -3.644593
0.291951 -3.644449
0.290951 -3.644306
0.289951 -3.644163
0.288951 -3.644020
0.287951 -3.643878
0.286951 -3.643737
0.285951 -3.643596
0.284951 -3.643455
0.283951 -3.643315
0.282951 -3.643175
0.281951 -3.643036
0.280951 -3.642897
0.279951 -3.642759
0.278951 -3.642621
0.277951 -3.642484
0.276951 -3.642347
0.275951 -3.642211
0.274951 -3.642075
0.273951 -3.641940
0.272951 -3.641805
0.271951 -3.641670
0.270951 -3.641536
0.269951 -3.641403
0.268951 -3.641270
0.267951 -3.641138
0.266951 -3.641006
0.265951 -3.640874
0.264951 -3.640743
0.263951 -3.640613
0.262951 -3.640483
0.261951 -3.640353
0.260951 -3.640224
0.259951 -3.640095
0.258951 -3.639967
0.257951 -3.639840
0.256951 -3.639713
0.255951 -3.639586
0.254951 -3.639460
0.253951 -3.639334
0.252951 -3.639209
0.251951 -3.639084
0.250951 -3.638960
0.249951 -3.638836
0.248951 -3.638713
0.247951 -3.638590
0.246951 -3.638468
0.245951 -3.638346
0.244951 -3.638225
0.243951 -3.638104
0.242951 -3.637983
0.241951 -3.637863
0.240951 -3.637744
0.239951 -3.637625
0.238951 -3.637507
0.237951 -3.637389
0.236951 -3.637271
0.235951 -3.637154
0.234951 -3.637038
0.233951 -3.636922
0.232951 -3.636806
0.231951 -3.636691
0.230951 -3.636577
0.229951 -3.636463
0.228951 -3.636349
0.227951 -3.636236
0.226951 -3.636124
0.225951 -3.636012
0.224951 -3.635900
0.223951 -3.635789
0.222951 -3.635678
0.221951 -3.635568
0.220951 -3.635458
0.219951 -3.635349
0.218951 -3.635241
0.217951 -3.635132
0.216951 -3.635025
0.215951 -3.634917
0.214951 -3.634811
0.213951 -3.634704
0.212951 -3.634599
0.211951 -3.634493
0.210951 -3.634389
0.209951 -3.634284
0.208951 -3.634181
0.207951 -3.634077
0.206951 -3.633974
0.205951 -3.633872
0.204951 -3.633770
0.203951 -3.633669
0.202951 -3.633568
0.201951 -3.633468
0.200951 -3.633368
0.199951 -3.633268
0.198951 -3.633170
0.197951 -3.633071
0.196951 -3.632973
0.195951 -3.632876
0.194951 -3.632779
0.193951 -3.632682
0.192951 -3.632586
0.191951 -3.632491
0.190951 -3.632396
0.189951 -3.632302
0.188951 -3.632208
0.187951 -3.632114
0.186951 -3.632021
0.185951 -3.631929
0.184951 -3.631836
0.183951 -3.631745
0.182951 -3.631654
0.181951 -3.631563
0.180951 -3.631473
0.179951 -3.631384
0.178951 -3.631295
0.177951 -3.631206
0.176951 -3.631118
0.175951 -3.631030
0.174951 -3.630943
0.173951 -3.630857
0.172951 -3.630771
0.171951 -3.630685
0.170951 -3.630600
0.169951 -3.630515
0.168951 -3.630431
0.167951 -3.630347
0.166951 -3.630264
0.165951 -3.630181
0.164951 -3.630099
0.163951 -3.630018
0.162951 -3.629936
0.161951 -3.629856
0.160951 -3.629775
0.159951 -3.629696
0.158951 -3.629617
0.157951 -3.629538
0.156951 -3.629460
0.155951 -3.629382
0.154951 -3.629305
0.153951 -3.629228
0.152951 -3.629152
0.151951 -3.629076
0.150951 -3.629001
0.149951 -3.628926
0.148951 -3.628852
0.147951 -3.628778
0.146951 -3.628704
0.145951 -3.628632
0.144951 -3.628559
0.143951 -3.628488
0.142951 -3.628416
0.141951 -3.628345
0.140951 -3.628275
0.139951 -3.628205
0.138951 -3.628136
0.137951 -3.628067
0.136951 -3.627999
0.135951 -3.627931
0.134951 -3.627864
0.133951 -3.627797
0.132951 -3.627730
0.131951 -3.627664
0.130951 -3.627599
0.129951 -3.627534
0.128951 -3.627470
0.127951 -3.627406
0.126951 -3.627343
0.125951 -3.627280
0.124951 -3.627217
0.123951 -3.627155
0.122951 -3.627094
0.121951 -3.627033
0.120951 -3.626973
0.119951 -3.626913
0.118951 -3.626853
0.117951 -3.626794
0.116951 -3.626736
0.115951 -3.626678
0.114951 -3.626621
0.113951 -3.626564
0.112951 -3.626507
0.111951 -3.626451
0.110951 -3.626396
0.109951 -3.626341
0.108951 -3.626287
0.107951 -3.626233
0.106951 -3.626179
0.105951 -3.626126
0.104951 -3.626074
0.103951 -3.626022
0.102951 -3.625970
0.101951 -3.625919
0.100951 -3.625869
0.099951 -3.625819
0.098951 -3.625769
0.097951 -3.625720
0.096951 -3.625672
0.095951 -3.625624
0.094951 -3.625577
0.093951 -3.625530
0.092951 -3.625483
0.091951 -3.625437
0.090951 -3.625392
0.089951 -3.625347
0.088951 -3.625302
0.087951 -3.625258
0.086951 -3.625215
0.085951 -3.625172
0.084951 -3.625129
0.083951 -3.625087
0.082951 -3.625046
0.081951 -3.625005
0.080951 -3.624964
0.079951 -3.624924
0.078951 -3.624884
0.077951 -3.624845
0.076951 -3.624807
0.075951 -3.624769
0.074951 -3.624731
0.073951 -3.624694
0.072951 -3.624658
0.071951 -3.624622
0.070951 -3.624586
0.069951 -3.624551
0.068951 -3.624517
0.067951 -3.624483
0.066951 -3.624449
0.065951 -3.624416
0.064951 -3.624384
0.063951 -3.624352
0.062951 -3.624320
0.061951 -3.624289
0.060951 -3.624259
0.059951 -3.624228
0.058951 -3.624199
0.057951 -3.624170
0.056951 -3.624141
0.055951 -3.624113
0.054951 -3.624086
0.053951 -3.624059
0.052951 -3.624032
0.051951 -3.624006
0.050951 -3.623981
0.049951 -3.623956
0.048951 -3.623931
0.047951 -3.623907
0.046951 -3.623883
0.045951 -3.623860
0.044951 -3.623838
0.043951 -3.623816
0.042951 -3.623794
0.041951 -3.623773
0.040951 -3.623753
0.039951 -3.623733
0.038951 -3.623713
0.037951 -3.623694
0.036951 -3.623675
0.035951 -3.623657
0.034951 -3.623640
0.033951 -3.623623
0.032951 -3.623606
0.031951 -3.623590
0.030951 -3.623575
0.029951 -3.623560
0.028951 -3.623545
0.027951 -3.623531
0.026951 -3.623517
0.025951 -3.623504
0.024951 -3.623492
0.023951 -3.623480
0.022951 -3.623468
0.021951 -3.623457
0.020951 -3.623447
0.019951 -3.623437
0.018951 -3.623427
0.017951 -3.623418
0.016951 -3.623409
0.015951 -3.623401
0.014951 -3.623394
0.013951 -3.623387
0.012951 -3.623380
0.011951 -3.623374
0.010951 -3.623369
0.009951 -3.623363
0.008951 -3.623359
0.007951 -3.623355
0.006951 -3.623351
0.005951 -3.623348
0.004951 -3.623346
0.003951 -3.623344
0.002951 -3.623342
0.001951 -3.623341
0.000951 -3.623340
-0.000049 -3.623340
-0.001049 -3.623341
-0.002049 -3.623342
-0.003049 -3.623343
-0.004049 -3.623345
-0.005049 -3.623348
-0.006049 -3.623351
-0.007049 -3.623354
-0.008049 -3.623358
-0.009049 -3.623362
-0.010049 -3.623367
-0.011049 -3.623373
-0.012049 -3.623379
-0.013049 -3.623385
-0.014049 -3.623392
-0.015049 -3.623400
-0.016049 -3.623408
-0.017049 -3.623416
-0.018049 -3.623425
-0.019049 -3.623434
-0.020049 -3.623444
-0.021049 -3.623455
-0.022049 -3.623466
-0.023049 -3.623477
-0.024049 -3.623489
-0.025049 -3.623501
-0.026049 -3.623514
-0.027049 -3.623528
-0.028049 -3.623542
-0.029049 -3.623556
-0.030049 -3.623571
-0.031049 -3.623587
-0.032049 -3.623603
-0.033049 -3.623619
-0.034049 -3.623636
-0.035049 -3.623653
-0.036049 -3.623671
-0.037049 -3.623690
-0.038049 -3.623709
-0.039049 -3.623728
-0.040049 -3.623748
-0.041049 -3.623769
-0.042049 -3.623789
-0.043049 -3.623811
-0.044049 -3.623833
-0.045049 -3.623855
-0.046049 -3.623878
-0.047049 -3.623902
-0.048049 -3.623926
-0.049049 -3.623950
-0.050049 -3.623975
-0.051049 -3.624000
-0.052049 -3.624026
-0.053049 -3.624053
-0.054049 -3.624080
-0.055049 -3.624107
-0.056049 -3.624135
-0.057049 -3.624164
-0.058049 -3.624192
-0.059049 -3.624222
-0.060049 -3.624252
-0.061049 -3.624282
-0.062049 -3.624313
-0.063049 -3.624345
-0.064049 -3.624376
-0.065049 -3.624409
-0.066049 -3.624442
-0.067049 -3.624475
-0.068049 -3.624509
-0.069049 -3.624544
-0.070049 -3.624578
-0.071049 -3.624614
-0.072049 -3.624650
-0.073049 -3.624686
-0.074049 -3.624723
-0.075049 -3.624761
-0.076049 -3.624798
-0.077049 -3.624837
-0.078049 -3.624876
-0.079049 -3.624915
-0.080049 -3.624955
-0.081049 -3.624995
-0.082049 -3.625036
-0.083049 -3.625078
-0.084049 -3.625120
-0.085049 -3.625162
-0.086049 -3.625205
-0.087049 -3.625248
-0.088049 -3.625292
-0.089049 -3.625337
-0.090049 -3.625382
-0.091049 -3.625427
-0.092049 -3.625473
-0.093049 -3.625519
-0.094049 -3.625566
-0.095049 -3.625613
-0.096049 -3.625661
-0.097049 -3.625710
-0.098049 -3.625759
-0.099049 -3.625808
-0.100049 -3.625858
-0.101049 -3.625908
-0.102049 -3.625959
-0.103049 -3.626010
-0.104049 -3.626062
-0.105049 -3.626114
-0.106049 -3.626167
-0.107049 -3.626221
-0.108049 -3.626275
-0.109049 -3.626329
-0.110049 -3.626384
-0.111049 -3.626439
-0.112049 -3.626495
-0.113049 -3.626551
-0.114049 -3.626608
-0.115049 -3.626665
-0.116049 -3.626723
-0.117049 -3.626781
-0.118049 -3.626840
-0.119049 -3.626900
-0.120049 -3.626959
-0.121049 -3.627020
-0.122049 -3.627080
-0.123049 -3.627142
-0.124049 -3.627204
-0.125049 -3.627266
-0.126049 -3.627329
-0.127049 -3.627392
-0.128049 -3.627456
-0.129049 -3.627520
-0.130049 -3.627585
-0.131049 -3.627650
-0.132049 -3.627716
-0.133049 -3.627782
-0.134049 -3.627849
-0.135049 -3.627916
-0.136049 -3.627984
-0.137049 -3.628052
-0.138049 -3.628121
-0.139049 -3.628190
-0.140049 -3.628260
-0.141049 -3.628330
-0.142049 -3.628400
-0.143049 -3.628472
-0.144049 -3.628543
-0.145049 -3.628616
-0.146049 -3.628688
-0.147049 -3.628761
-0.148049 -3.628835
-0.149049 -3.628909
-0.150049 -3.628984
-0.151049 -3.629059
-0.152049 -3.629135
-0.153049 -3.629211
-0.154049 -3.629288
-0.155049 -3.629365
-0.156049 -3.629442
-0.157049 -3.629520
-0.158049 -3.629599
-0.159049 -3.629678
-0.160049 -3.629758
-0.161049 -3.629838
-0.162049 -3.629918
-0.163049 -3.630000
-0.164049 -3.630081
-0.165049 -3.630163
-0.166049 -3.630246
-0.167049 -3.630329
-0.168049 -3.630412
-0.169049 -3.630496
-0.170049 -3.630581
-0.171049 -3.630666
-0.172049 -3.630751
-0.173049 -3.630837
-0.174049 -3.630924
-0.175049 -3.631011
-0.176049 -3.631098
-0.177049 -3.631186
-0.178049 -3.631275
-0.179049 -3.631364
-0.180049 -3.631453
-0.181049 -3.631543
-0.182049 -3.631634
-0.183049 -3.631725
-0.184049 -3.631816
-0.185049 -3.631908
-0.186049 -3.632000
-0.187049 -3.632093
-0.188049 -3.632187
-0.189049 -3.632281
-0.190049 -3.632375
-0.191049 -3.632470
-0.192049 -3.632565
-0.193049 -3.632661
-0.194049 -3.632757
-0.195049 -3.632854
-0.196049 -3.632952
-0.197049 -3.633049
-0.198049 -3.633148
-0.199049 -3.633246
-0.200049 -3.633346
-0.201049 -3.633446
-0.202049 -3.633546
-0.203049 -3.633647
-0.204049 -3.633748
-0.205049 -3.633849
-0.206049 -3.633952
-0.207049 -3.634054
-0.208049 -3.634158
-0.209049 -3.634261
-0.210049 -3.634365
-0.211049 -3.634470
-0.212049 -3.634575
-0.213049 -3.634681
-0.214049 -3.634787
-0.215049 -3.634894
-0.216049 -3.635001
-0.217049 -3.635108
-0.218049 -3.635216
-0.219049 -3.635325
-0.220049 -3.635434
-0.221049 -3.635544
-0.222049 -3.635654
-0.223049 -3.635764
-0.224049 -3.635875
-0.225049 -3.635987
-0.226049 -3.636099
-0.227049 -3.636211
-0.228049 -3.636324
-0.229049 -3.636438
-0.230049 -3.636552
-0.231049 -3.636666
-0.232049 -3.636781
-0.233049 -3.636896
-0.234049 -3.637012
-0.235049 -3.637129
-0.236049 -3.637245
-0.237049 -3.637363
-0.238049 -3.637481
-0.239049 -3.637599
-0.240049 -3.637718
-0.241049 -3.637837
-0.242049 -3.637957
-0.243049 -3.638077
-0.244049 -3.638198
-0.245049 -3.638319
-0.246049 -3.638441
-0.247049 -3.638563
-0.248049 -3.638685
-0.249049 -3.638809
-0.250049 -3.638932
-0.251049 -3.639056
-0.252049 -3.639181
-0.253049 -3.639306
-0.254049 -3.639432
-0.255049 -3.639558
-0.256049 -3.639684
-0.257049 -3.639811
-0.258049 -3.639939
-0.259049 -3.640067
-0.260049 -3.640195
-0.261049 -3.640324
-0.262049 -3.640454
-0.263049 -3.640584
-0.264049 -3.640714
-0.265049 -3.640845
-0.266049 -3.640976
-0.267049 -3.641108
-0.268049 -3.641241
-0.269049 -3.641374
-0.270049 -3.641507
-0.271049 -3.641641
-0.272049 -3.641775
-0.273049 -3.641910
-0.274049 -3.642045
-0.275049 -3.642181
-0.276049 -3.642317
-0.277049 -3.642453
-0.278049 -3.642591
-0.279049 -3.642728
-0.280049 -3.642866
-0.281049 -3.643005
-0.282049 -3.643144
-0.283049 -3.643284
-0.284049 -3.643424
-0.285049 -3.643564
-0.286049 -3.643705
-0.287049 -3.643847
-0.288049 -3.643989
-0.289049 -3.644131
-0.290049 -3.644274
-0.291049 -3.644417
-0.292049 -3.644561
-0.293049 -3.644706
-0.294049 -3.644851
-0.295049 -3.644738
-0.296049 -3.644593
-0.297049 -3.644449
-0.298049 -3.644306
-0.299049 -3.644163
-0.300049 -3.644020
-0.301049 -3.643878
-0.302049 -3.643737
-0.303049 -3.643596
-0.304049 -3.643455
-0.305049 -3.643315
-0.306049 -3.643175
-0.307049 -3.643036
-0.308049 -3.642897
-0.309049 -3.642759
-0.310049 -3.642621
-0.311049 -3.642484
-0.312049 -3.642347
-0.313049 -3.642211
-0.314049 -3.642075
-0.315049 -3.641940
-0.316049 -3.641805
-0.317049 -3.641670
-0.318049 -3.641536
-0.319049 -3.641403
-0.320049 -3.641270
-0.321049 -3.641138
-0.322049 -3.641006
-0.323049 -3.640874
-0.324049 -3.640743
-0.325049 -3.640613
-0.326049 -3.640483
-0.327049 -3.640353
-0.328049 -3.640224
-0.329049 -3.640095
-0.330049 -3.639967
-0.331049 -3.639840
-0.332049 -3.639713
-0.333049 -3.639586
-0.334049 -3.639460
-0.335049 -3.639334
-0.336049 -3.639209
-0.337049 -3.639084
-0.338049 -3.638960
-0.339049 -3.638836
-0.340049 -3.638713
-0.341049 -3.638590
-0.342049 -3.638468
-0.343049 -3.638346
-0.344049 -3.638225
-0.345049 -3.638104
-0.346049 -3.637983
-0.347049 -3.637863
-0.348049 -3.637744
-0.349049 -3.637625
-0.350049 -3.637507
-0.351049 -3.637389
-0.352049 -3.637271
-0.353049 -3.637154
-0.354049 -3.637038
-0.355049 -3.636922
-0.356049 -3.636806
-0.357049 -3.636691
-0.358049 -3.636577
-0.359049 -3.636463
-0.360049 -3.636349
-0.361049 -3.636236
-0.362049 -3.636124
-0.363049 -3.636012
-0.364049 -3.635900
-0.365049 -3.635789
-0.366049 -3.635678
-0.367049 -3.635568
-0.368049 -3.635458
-0.369049 -3.635349
-0.370049 -3.635241
-0.371049 -3.635132
-0.372049 -3.635025
-0.373049 -3.634917
-0.374049 -3.634811
-0.375049 -3.634704
-0.376049 -3.634599
-0.377049 -3.634493
-0.378049 -3.634389
-0.379049 -3.634284
-0.380049 -3.634181
-0.381049 -3.634077
-0.382049 -3.633974
-0.383049 -3.633872
-0.384049 -3.633770
-0.385049 -3.633669
-0.386049 -3.633568
-0.387049 -3.633468
-0.388049 -3.633368
-0.389049 -3.633268
-0.390049 -3.633170
-0.391049 -3.633071
-0.392049 -3.632973
-0.393049 -3.632876
-0.394049 -3.632779
-0.395049 -3.632682
-0.396049 -3.632586
-0.397049 -3.632491
-0.398049 -3.632396
-0.399049 -3.632302
-0.400049 -3.632208
-0.401049 -3.632114
-0.402049 -3.632021
-0.403049 -3.631929
-0.404049 -3.631836
-0.405049 -3.631745
-0.406049 -3.631654
-0.407049 -3.631563
-0.408049 -3.631473
-0.409049 -3.631384
-0.410049 -3.631295
-0.411049 -3.631206
-0.412049 -3.631118
-0.413049 -3.631030
-0.414049 -3.630943
-0.415049 -3.630857
-0.416049 -3.630771
-0.417049 -3.630685
-0.418049 -3.630600
-0.419049 -3.630515
-0.420049 -3.630431
-0.421049 -3.630347
-0.422049 -3.630264
-0.423049 -3.630181
-0.424049 -3.630099
-0.425049 -3.630018
-0.426049 -3.629936
-0.427049 -3.629856
-0.428049 -3.629775
-0.429049 -3.629696
-0.430049 -3.629617
-0.431049 -3.629538
-0.432049 -3.629460
-0.433049 -3.629382
-0.434049 -3.629305
-0.435049 -3.629228
-0.436049 -3.629152
-0.437049 -3.629076
-0.438049 -3.629001
-0.439049 -3.628926
-0.440049 -3.628852
-0.441049 -3.628778
-0.442049 -3.628704
-0.443049 -3.628632
-0.444049 -3.628559
-0.445049 -3.628488
-0.446049 -3.628416
-0.447049 -3.628345
-0.448049 -3.628275
-0.449049 -3.628205
-0.450049 -3.628136
-0.451049 -3.628067
-0.452049 -3.627999
-0.453049 -3.627931
-0.454049 -3.627864
-0.455049 -3.627797
-0.456049 -3.627730
-0.457049 -3.627664
-0.458049 -3.627599
-0.459049 -3.627534
-0.460049 -3.627470
-0.461049 -3.627406
-0.462049 -3.627343
-0.463049 -3.627280
-0.464049 -3.627217
-0.465049 -3.627155
-0.466049 -3.627094
-0.467049 -3.627033
-0.468049 -3.626973
-0.469049 -3.626913
-0.470049 -3.626853
-0.471049 -3.626794
-0.472049 -3.626736
-0.473049 -3.626678
-0.474049 -3.626621
-0.475049 -3.626564
-0.476049 -3.626507
-0.477049 -3.626451
-0.478049 -3.626396
-0.479049 -3.626341
-0.480049 -3.626287
-0.481049 -3.626233
-0.482049 -3.626179
-0.483049 -3.626126
-0.484049 -3.626074
-0.485049 -3.626022
-0.486049 -3.625970
-0.487049 -3.625919
-0.488049 -3.625869
-0.489049 -3.625819
-0.490049 -3.625769
-0.491049 -3.625720
-0.492049 -3.625672
-0.493049 -3.625624
-0.494049 -3.625577
-0.495049 -3.625530
-0.496049 -3.625483
-0.497049 -3.625437
-0.498049 -3.625392
-0.499049 -3.625347
-0.500049 -3.625302
-0.501049 -3.625258
-0.502049 -3.625215
-0.503049 -3.625172
-0.504049 -3.625129
-0.505049 -3.625087
-0.506049 -3.625046
-0.507049 -3.625005
-0.508049 -3.624964
-0.509049 -3.624924
-0.510049 -3.624884
-0.511049 -3.624845
-0.512049 -3.624807
-0.513049 -3.624769
-0.514049 -3.624731
-0.515049 -3.624694
-0.516049 -3.624658
-0.517049 -3.624622
-0.518049 -3.624586
-0.519049 -3.624551
-0.520049 -3.624517
-0.521049 -3.624483
-0.522049 -3.624449
-0.523049 -3.624416
-0.524049 -3.624384
-0.525049 -3.624352
-0.526049 -3.624320
-0.527049 -3.624289
-0.528049 -3.624259
-0.529049 -3.624228
-0.530049 -3.624199
-0.531049 -3.624170
-0.532049 -3.624141
-0.533049 -3.624113
-0.534049 -3.624086
-0.535049 -3.624059
-0.536049 -3.624032
-0.537049 -3.624006
-0.538049 -3.623981
-0.539049 -3.623956
-0.540049 -3.623931
-0.541049 -3.623907
-0.542049 -3.623883
-0.543049 -3.623860
-0.544049 -3.623838
-0.545049 -3.623816
-0.546049 -3.623794
-0.547049 -3.623773
-0.548049 -3.623753
-0.549049 -3.623733
-0.550049 -3.623713
-0.551049 -3.623694
-0.552049 -3.623675
-0.553049 -3.623657
-0.554049 -3.623640
-0.555049 -3.623623
-0.556049 -3.623606
-0.557049 -3.623590
-0.558049 -3.623575
-0.559049 -3.623560
-0.560049 -3.623545
-0.561049 -3.623531
-0.562049 -3.623517
-0.563049 -3.623504
-0.564049 -3.623492
-0.565049 -3.623480
-0.566049 -3.623468
-0.567049 -3.623457
-0.568049 -3.623447
-0.569049 -3.623437
-0.570049 -3.623427
-0.571049 -3.623418
-0.572049 -3.623409
-0.573049 -3.623401
-0.574049 -3.623394
-0.575049 -3.623387
-0.576049 -3.623380
-0.577049 -3.623374
-0.578049 -3.623369
-0.579049 -3.623363
-0.580049 -3.623359
-0.581049 -3.623355
-0.582049 -3.623351
-0.583049 -3.623348
-0.584049 -3.623346
-0.585049 -3.623344
-0.586049 -3.623342
-0.587049 -3.623341
-0.588049 -3.623340
-0.589049 -3.623340
