-0.294524 3.927458
-0.293524 3.927436
-0.292524 3.927339
-0.291524 3.927242
-0.290524 3.927146
-0.289524 3.927051
-0.288524 3.926955
-0.287524 3.926861
-0.286524 3.926767
-0.285524 3.926673
-0.284524 3.926580
-0.283524 3.926487
-0.282524 3.926395
-0.281524 3.926303
-0.280524 3.926212
-0.279524 3.926121
-0.278524 3.926031
-0.277524 3.925941
-0.276524 3.925852
-0.275524 3.925763
-0.274524 3.925675
-0.273524 3.925587
-0.272524 3.925500
-0.271524 3.925413
-0.270524 3.925327
-0.269524 3.925241
-0.268524 3.925156
-0.267524 3.925071
-0.266524 3.924986
-0.265524 3.924903
-0.264524 3.924819
-0.263524 3.924736
-0.262524 3.924654
-0.261524 3.924572
-0.260524 3.924491
-0.259524 3.924410
-0.258524 3.924329
-0.257524 3.924250
-0.256524 3.924170
-0.255524 3.924091
-0.254524 3.924013
-0.253524 3.923935
-0.252524 3.923857
-0.251524 3.923781
-0.250524 3.923704
-0.249524 3.923628
-0.248524 3.923553
-0.247524 3.923478
-0.246524 3.923403
-0.245524 3.923329
-0.244524 3.923256
-0.243524 3.923183
-0.242524 3.923110
-0.241524 3.923038
-0.240524 3.922967
-0.239524 3.922896
-0.238524 3.922825
-0.237524 3.922755
-0.236524 3.922686
-0.235524 3.922617
-0.234524 3.922548
-0.233524 3.922480
-0.232524 3.922413
-0.231524 3.922346
-0.230524 3.922279
-0.229524 3.922213
-0.228524 3.922148
-0.227524 3.922083
-0.226524 3.922018
-0.225524 3.921954
-0.224524 3.921890
-0.223524 3.921827
-0.222524 3.921765
-0.221524 3.921703
-0.220524 3.921641
-0.219524 3.921580
-0.218524 3.921519
-0.217524 3.921459
-0.216524 3.921400
-0.215524 3.921341
-0.214524 3.921282
-0.213524 3.921224
-0.212524 3.921166
-0.211524 3.921109
-0.210524 3.921052
-0.209524 3.920996
-0.208524 3.920941
-0.207524 3.920886
-0.206524 3.920831
-0.205524 3.920777
-0.204524 3.920723
-0.203524 3.920670
-0.202524 3.920617
-0.201524 3.920565
-0.200524 3.920514
-0.199524 3.920462
-0.198524 3.920412
-0.197524 3.920362
-0.196524 3.920312
-0.195524 3.920263
-0.194524 3.920214
-0.193524 3.920166
-0.192524 3.920118
-0.191524 3.920071
-0.190524 3.920025
-0.189524 3.919978
-0.188524 3.919933
-0.187524 3.919887
-0.186524 3.919843
-0.185524 3.919799
-0.184524 3.919755
-0.183524 3.919712
-0.182524 3.919669
-0.181524 3.919627
-0.180524 3.919585
-0.179524 3.919544
-0.178524 3.919503
-0.177524 3.919463
-0.176524 3.919423
-0.175524 3.919384
-0.174524 3.919345
-0.173524 3.919307
-0.172524 3.919270
-0.171524 3.919232
-0.170524 3.919196
-0.169524 3.919159
-0.168524 3.919124
-0.167524 3.919089
-0.166524 3.919054
-0.165524 3.919020
-0.164524 3.918986
-0.163524 3.918953
-0.162524 3.918920
-0.161524 3.918888
-0.160524 3.918856
-0.159524 3.918825
-0.158524 3.918794
-0.157524 3.918764
-0.156524 3.918734
-0.155524 3.918705
-0.154524 3.918676
-0.153524 3.918648
-0.152524 3.918620
-0.151524 3.918593
-0.150524 3.918566
-0.149524 3.918540
-0.148524 3.918514
-0.147524 3.918489
-0.146524 3.918464
-0.145524 3.918440
-0.144524 3.918416
-0.143524 3.918393
-0.142524 3.918370
-0.141524 3.918348
-0.140524 3.918326
-0.139524 3.918305
-0.138524 3.918284
-0.137524 3.918264
-0.136524 3.918245
-0.135524 3.918225
-0.134524 3.918207
-0.133524 3.918188
-0.132524 3.918171
-0.131524 3.918153
-0.130524 3.918137
-0.129524 3.918120
-0.128524 3.918105
-0.127524 3.918089
-0.126524 3.918075
-0.125524 3.918060
-0.124524 3.918047
-0.123524 3.918033
-0.122524 3.918021
-0.121524 3.918008
-0.120524 3.917997
-0.119524 3.917985
-0.118524 3.917975
-0.117524 3.917964
-0.116524 3.917955
-0.115524 3.917946
-0.114524 3.917937
-0.113524 3.917929
-0.112524 3.917921
-0.111524 3.917914
-0.110524 3.917907
-0.109524 3.917901
-0.108524 3.917895
-0.107524 3.917890
-0.106524 3.917885
-0.105524 3.917881
-0.104524 3.917877
-0.103524 3.917874
-0.102524 3.917871
-0.101524 3.917869
-0.100524 3.917867
-0.099524 3.917866
-0.098524 3.917865
-0.097524 3.917865
-0.096524 3.917865
-0.095524 3.917866
-0.094524 3.917867
-0.093524 3.917869
-0.092524 3.917871
-0.091524 3.917874
-0.090524 3.917877
-0.089524 3.917881
-0.088524 3.917885
-0.087524 3.917890
-0.086524 3.917895
-0.085524 3.917901
-0.084524 3.917907
-0.083524 3.917914
-0.082524 3.917921
-0.081524 3.917929
-0.080524 3.917937
-0.079524 3.917946
-0.078524 3.917955
-0.077524 3.917965
-0.076524 3.917975
-0.075524 3.917986
-0.074524 3.917997
-0.073524 3.918009
-0.072524 3.918021
-0.071524 3.918034
-0.070524 3.918047
-0.069524 3.918061
-0.068524 3.918075
-0.067524 3.918090
-0.066524 3.918105
-0.065524 3.918121
-0.064524 3.918137
-0.063524 3.918154
-0.062524 3.918171
-0.061524 3.918189
-0.060524 3.918207
-0.059524 3.918226
-0.058524 3.918245
-0.057524 3.918265
-0.056524 3.918285
-0.055524 3.918306
-0.054524 3.918327
-0.053524 3.918349
-0.052524 3.918371
-0.051524 3.918394
-0.050524 3.918417
-0.049524 3.918441
-0.048524 3.918465
-0.047524 3.918490
-0.046524 3.918515
-0.045524 3.918541
-0.044524 3.918567
-0.043524 3.918594
-0.042524 3.918621
-0.041524 3.918649
-0.040524 3.918677
-0.039524 3.918706
-0.038524 3.918735
-0.037524 3.918765
-0.036524 3.918795
-0.035524 3.918826
-0.034524 3.918857
-0.033524 3.918889
-0.032524 3.918921
-0.031524 3.918954
-0.030524 3.918987
-0.029524 3.919021
-0.028524 3.919055
-0.027524 3.919090
-0.026524 3.919125
-0.025524 3.919161
-0.024524 3.919197
-0.023524 3.919234
-0.022524 3.919271
-0.021524 3.919309
-0.020524 3.919347
-0.019524 3.919386
-0.018524 3.919425
-0.017524 3.919465
-0.016524 3.919505
-0.015524 3.919545
-0.014524 3.919587
-0.013524 3.919628
-0.012524 3.919671
-0.011524 3.919713
-0.010524 3.919757
-0.009524 3.919800
-0.008524 3.919844
-0.007524 3.919889
-0.006524 3.919934
-0.005524 3.919980
-0.004524 3.920026
-0.003524 3.920073
-0.002524 3.920120
-0.001524 3.920168
-0.000524 3.920216
0.000476 3.920254
0.001476 3.920205
0.002476 3.920157
0.003476 3.920110
0.004476 3.920062
0.005476 3.920016
0.006476 3.919970
0.007476 3.919924
0.008476 3.919879
0.009476 3.919835
0.010476 3.919790
0.011476 3.919747
0.012476 3.919704
0.013476 3.919661
0.014476 3.919619
0.015476 3.919577
0.016476 3.919536
0.017476 3.919496
0.018476 3.919456
0.019476 3.919416
0.020476 3.919377
0.021476 3.919338
0.022476 3.919300
0.023476 3.919263
0.024476 3.919226
0.025476 3.919189
0.026476 3.919153
0.027476 3.919117
0.028476 3.919082
0.029476 3.919047
0.030476 3.919013
0.031476 3.918980
0.032476 3.918947
0.033476 3.918914
0.034476 3.918882
0.035476 3.918850
0.036476 3.918819
0.037476 3.918788
0.038476 3.918758
0.039476 3.918729
0.040476 3.918700
0.041476 3.918671
0.042476 3.918643
0.043476 3.918615
0.044476 3.918588
0.045476 3.918561
0.046476 3.918535
0.047476 3.918510
0.048476 3.918484
0.049476 3.918460
0.050476 3.918436
0.051476 3.918412
0.052476 3.918389
0.053476 3.918366
0.054476 3.918344
0.055476 3.918322
0.056476 3.918301
0.057476 3.918281
0.058476 3.918261
0.059476 3.918241
0.060476 3.918222
0.061476 3.918203
0.062476 3.918185
0.063476 3.918167
0.064476 3.918150
0.065476 3.918134
0.066476 3.918117
0.067476 3.918102
0.068476 3.918087
0.069476 3.918072
0.070476 3.918058
0.071476 3.918044
0.072476 3.918031
0.073476 3.918018
0.074476 3.918006
0.075476 3.917995
0.076476 3.917983
0.077476 3.917973
0.078476 3.917963
0.079476 3.917953
0.080476 3.917944
0.081476 3.917935
0.082476 3.917927
0.083476 3.917919
0.084476 3.917912
0.085476 3.917906
0.086476 3.917899
0.087476 3.917894
0.088476 3.917889
0.089476 3.917884
0.090476 3.917880
0.091476 3.917876
0.092476 3.917873
0.093476 3.917870
0.094476 3.917868
0.095476 3.917867
0.096476 3.917865
0.097476 3.917865
0.098476 3.917865
0.099476 3.917865
0.100476 3.917866
0.101476 3.917867
0.102476 3.917869
0.103476 3.917871
0.104476 3.917874
0.105476 3.917878
0.106476 3.917881
0.107476 3.917886
0.108476 3.917891
0.109476 3.917896
0.110476 3.917902
0.111476 3.917908
0.112476 3.917915
0.113476 3.917922
0.114476 3.917930
0.115476 3.917939
0.116476 3.917948
0.117476 3.917957
0.118476 3.917967
0.119476 3.917977
0.120476 3.917988
0.121476 3.917999
0.122476 3.918011
0.123476 3.918023
0.124476 3.918036
0.125476 3.918050
0.126476 3.918064
0.127476 3.918078
0.128476 3.918093
0.129476 3.918108
0.130476 3.918124
0.131476 3.918140
0.132476 3.918157
0.133476 3.918174
0.134476 3.918192
0.135476 3.918211
0.136476 3.918230
0.137476 3.918249
0.138476 3.918269
0.139476 3.918289
0.140476 3.918310
0.141476 3.918331
0.142476 3.918353
0.143476 3.918375
0.144476 3.918398
0.145476 3.918422
0.146476 3.918445
0.147476 3.918470
0.148476 3.918495
0.149476 3.918520
0.150476 3.918546
0.151476 3.918572
0.152476 3.918599
0.153476 3.918626
0.154476 3.918654
0.155476 3.918683
0.156476 3.918711
0.157476 3.918741
0.158476 3.918771
0.159476 3.918801
0.160476 3.918832
0.161476 3.918863
0.162476 3.918895
0.163476 3.918927
0.164476 3.918960
0.165476 3.918993
0.166476 3.919027
0.167476 3.919061
0.168476 3.919096
0.169476 3.919132
0.170476 3.919167
0.171476 3.919204
0.172476 3.919241
0.173476 3.919278
0.174476 3.919316
0.175476 3.919354
0.176476 3.919393
0.177476 3.919432
0.178476 3.919472
0.179476 3.919512
0.180476 3.919553
0.181476 3.919594
0.182476 3.919636
0.183476 3.919678
0.184476 3.919721
0.185476 3.919765
0.186476 3.919808
0.187476 3.919853
0.188476 3.919897
0.189476 3.919943
0.190476 3.919989
0.191476 3.920035
0.192476 3.920082
0.193476 3.920129
0.194476 3.920177
0.195476 3.920225
0.196476 3.920274
0.197476 3.920323
0.198476 3.920373
0.199476 3.920423
0.200476 3.920474
0.201476 3.920525
0.202476 3.920577
0.203476 3.920629
0.204476 3.920682
0.205476 3.920735
0.206476 3.920789
0.207476 3.920843
0.208476 3.920898
0.209476 3.920953
0.210476 3.921009
0.211476 3.921065
0.212476 3.921122
0.213476 3.921179
0.214476 3.921237
0.215476 3.921295
0.216476 3.921354
0.217476 3.921413
0.218476 3.921473
0.219476 3.921533
0.220476 3.921593
0.221476 3.921655
0.222476 3.921716
0.223476 3.921779
0.224476 3.921841
0.225476 3.921904
0.226476 3.921968
0.227476 3.922032
0.228476 3.922097
0.229476 3.922162
0.230476 3.922228
0.231476 3.922294
0.232476 3.922361
0.233476 3.922428
0.234476 3.922495
0.235476 3.922564
0.236476 3.922632
0.237476 3.922701
0.238476 3.922771
0.239476 3.922841
0.240476 3.922912
0.241476 3.922983
0.242476 3.923054
0.243476 3.923126
0.244476 3.923199
0.245476 3.923272
0.246476 3.923346
0.247476 3.923420
0.248476 3.923494
0.249476 3.923569
0.250476 3.923645
0.251476 3.923721
0.252476 3.923798
0.253476 3.923875
0.254476 3.923952
0.255476 3.924030
0.256476 3.924109
0.257476 3.924188
0.258476 3.924267
0.259476 3.924347
0.260476 3.924428
0.261476 3.924509
0.262476 3.924590
0.263476 3.924672
0.264476 3.924755
0.265476 3.924838
0.266476 3.924921
0.267476 3.925005
0.268476 3.925090
0.269476 3.925174
0.270476 3.925260
0.271476 3.925346
0.272476 3.925432
0.273476 3.925519
0.274476 3.925607
0.275476 3.925694
0.276476 3.925783
0.277476 3.925872
0.278476 3.925961
0.279476 3.926051
0.280476 3.926141
0.281476 3.926232
0.282476 3.926323
0.283476 3.926415
0.284476 3.926508
0.285476 3.926600
0.286476 3.926694
0.287476 3.926788
0.288476 3.926882
0.289476 3.926977
0.290476 3.927072
0.291476 3.927168
0.292476 3.927264
0.293476 3.927361
0.294476 3.927458
0.294476 -3.917865
0.293476 -3.917865
0.292476 -3.917866
0.291476 -3.917868
0.290476 -3.917869
0.289476 -3.917872
0.288476 -3.917875
0.287476 -3.917878
0.286476 -3.917882
0.285476 -3.917887
0.284476 -3.917892
0.283476 -3.917897
0.282476 -3.917903
0.281476 -3.917909
0.280476 -3.917916
0.279476 -3.917924
0.278476 -3.917932
0.277476 -3.917940
0.276476 -3.917949
0.275476 -3.917959
0.274476 -3.917969
0.273476 -3.917979
0.272476 -3.917990
0.271476 -3.918001
0.270476 -3.918013
0.269476 -3.918026
0.268476 -3.918039
0.267476 -3.918052
0.266476 -3.918066
0.265476 -3.918081
0.264476 -3.918096
0.263476 -3.918111
0.262476 -3.918127
0.261476 -3.918143
0.260476 -3.918160
0.259476 -3.918178
0.258476 -3.918196
0.257476 -3.918214
0.256476 -3.918233
0.255476 -3.918252
0.254476 -3.918272
0.253476 -3.918293
0.252476 -3.918314
0.251476 -3.918335
0.250476 -3.918357
0.249476 -3.918380
0.248476 -3.918403
0.247476 -3.918426
0.246476 -3.918450
0.245476 -3.918474
0.244476 -3.918499
0.243476 -3.918525
0.242476 -3.918551
0.241476 -3.918577
0.240476 -3.918604
0.239476 -3.918631
0.238476 -3.918659
0.237476 -3.918688
0.236476 -3.918717
0.235476 -3.918746
0.234476 -3.918776
0.233476 -3.918807
0.232476 -3.918837
0.231476 -3.918869
0.230476 -3.918901
0.229476 -3.918933
0.228476 -3.918966
0.227476 -3.919000
0.226476 -3.919033
0.225476 -3.919068
0.224476 -3.919103
0.223476 -3.919138
0.222476 -3.919174
0.221476 -3.919211
0.220476 -3.919247
0.219476 -3.919285
0.218476 -3.919323
0.217476 -3.919361
0.216476 -3.919400
0.215476 -3.919439
0.214476 -3.919479
0.213476 -3.919520
0.212476 -3.919561
0.211476 -3.919602
0.210476 -3.919644
0.209476 -3.919686
0.208476 -3.919729
0.207476 -3.919773
0.206476 -3.919817
0.205476 -3.919861
0.204476 -3.919906
0.203476 -3.919951
0.202476 -3.919997
0.201476 -3.920043
0.200476 -3.920090
0.199476 -3.920138
0.198476 -3.920186
0.197476 -3.920234
0.196476 -3.920283
0.195476 -3.920332
0.194476 -3.920382
0.193476 -3.920432
0.192476 -3.920483
0.191476 -3.920535
0.190476 -3.920586
0.189476 -3.920639
0.188476 -3.920692
0.187476 -3.920745
0.186476 -3.920799
0.185476 -3.920853
0.184476 -3.920908
0.183476 -3.920963
0.182476 -3.921019
0.181476 -3.921075
0.180476 -3.921132
0.179476 -3.921190
0.178476 -3.921247
0.177476 -3.921306
0.176476 -3.921365
0.175476 -3.921424
0.174476 -3.921484
0.173476 -3.921544
0.172476 -3.921605
0.171476 -3.921666
0.170476 -3.921728
0.169476 -3.921790
0.168476 -3.921853
0.167476 -3.921916
0.166476 -3.921980
0.165476 -3.922044
0.164476 -3.922109
0.163476 -3.922174
0.162476 -3.922240
0.161476 -3.922306
0.160476 -3.922373
0.159476 -3.922440
0.158476 -3.922508
0.157476 -3.922576
0.156476 -3.922645
0.155476 -3.922714
0.154476 -3.922784
0.153476 -3.922854
0.152476 -3.922925
0.151476 -3.922996
0.150476 -3.923068
0.149476 -3.923140
0.148476 -3.923213
0.147476 -3.923286
0.146476 -3.923359
0.145476 -3.923434
0.144476 -3.923508
0.143476 -3.923583
0.142476 -3.923659
0.141476 -3.923735
0.140476 -3.923812
0.139476 -3.923889
0.138476 -3.923967
0.137476 -3.924045
0.136476 -3.924123
0.135476 -3.924202
0.134476 -3.924282
0.133476 -3.924362
0.132476 -3.924443
0.131476 -3.924524
0.130476 -3.924605
0.129476 -3.924687
0.128476 -3.924770
0.127476 -3.924853
0.126476 -3.924937
0.125476 -3.925021
0.124476 -3.925105
0.123476 -3.925190
0.122476 -3.925276
0.121476 -3.925362
0.120476 -3.925448
0.119476 -3.925535
0.118476 -3.925623
0.117476 -3.925711
0.116476 -3.925799
0.115476 -3.925888
0.114476 -3.925978
0.113476 -3.926068
0.112476 -3.926158
0.111476 -3.926249
0.110476 -3.926340
0.109476 -3.926432
0.108476 -3.926525
0.107476 -3.926618
0.106476 -3.926711
0.105476 -3.926805
0.104476 -3.926899
0.103476 -3.926994
0.102476 -3.927090
0.101476 -3.927185
0.100476 -3.927282
0.099476 -3.927379
0.098476 -3.927476
0.097476 -3.927574
0.096476 -3.927672
0.095476 -3.927771
0.094476 -3.927870
0.093476 -3.927970
0.092476 -3.928070
0.091476 -3.928171
0.090476 -3.928272
0.089476 -3.928374
0.088476 -3.928476
0.087476 -3.928579
0.086476 -3.928682
0.085476 -3.928786
0.084476 -3.928890
0.083476 -3.928994
0.082476 -3.929100
0.081476 -3.929205
0.080476 -3.929311
0.079476 -3.929418
0.078476 -3.929525
0.077476 -3.929633
0.076476 -3.929741
0.075476 -3.929849
0.074476 -3.929958
0.073476 -3.930068
0.072476 -3.930178
0.071476 -3.930289
0.070476 -3.930400
0.069476 -3.930511
0.068476 -3.930623
0.067476 -3.930736
0.066476 -3.930848
0.065476 -3.930962
0.064476 -3.931076
0.063476 -3.931190
0.062476 -3.931305
0.061476 -3.931421
0.060476 -3.931536
0.059476 -3.931653
0.058476 -3.931770
0.057476 -3.931887
0.056476 -3.932005
0.055476 -3.932123
0.054476 -3.932242
0.053476 -3.932361
0.052476 -3.932481
0.051476 -3.932601
0.050476 -3.932722
0.049476 -3.932843
0.048476 -3.932965
0.047476 -3.933087
0.046476 -3.933210
0.045476 -3.933333
0.044476 -3.933457
0.043476 -3.933581
0.042476 -3.933705
0.041476 -3.933830
0.040476 -3.933956
0.039476 -3.934082
0.038476 -3.934209
0.037476 -3.934336
0.036476 -3.934463
0.035476 -3.934591
0.034476 -3.934720
0.033476 -3.934849
0.032476 -3.934978
0.031476 -3.935108
0.030476 -3.935238
0.029476 -3.935369
0.028476 -3.935501
0.027476 -3.935633
0.026476 -3.935765
0.025476 -3.935898
0.024476 -3.936031
0.023476 -3.936165
0.022476 -3.936299
0.021476 -3.936434
0.020476 -3.936569
0.019476 -3.936705
0.018476 -3.936841
0.017476 -3.936978
0.016476 -3.937115
0.015476 -3.937253
0.014476 -3.937391
0.013476 -3.937529
0.012476 -3.937668
0.011476 -3.937808
0.010476 -3.937948
0.009476 -3.938089
0.008476 -3.938230
0.007476 -3.938371
0.006476 -3.938513
0.005476 -3.938655
0.004476 -3.938798
0.003476 -3.938942
0.002476 -3.939086
0.001476 -3.939230
0.000476 -3.939375
-0.000524 -3.939262
-0.001524 -3.939118
-0.002524 -3.938974
-0.003524 -3.938830
-0.004524 -3.938687
-0.005524 -3.938545
-0.006524 -3.938403
-0.007524 -3.938261
-0.008524 -3.938120
-0.009524 -3.937979
-0.010524 -3.937839
-0.011524 -3.937699
-0.012524 -3.937560
-0.013524 -3.937421
-0.014524 -3.937283
-0.015524 -3.937145
-0.016524 -3.937008
-0.017524 -3.936871
-0.018524 -3.936735
-0.019524 -3.936599
-0.020524 -3.936464
-0.021524 -3.936329
-0.022524 -3.936195
-0.023524 -3.936061
-0.024524 -3.935927
-0.025524 -3.935794
-0.026524 -3.935662
-0.027524 -3.935530
-0.028524 -3.935399
-0.029524 -3.935268
-0.030524 -3.935137
-0.031524 -3.935007
-0.032524 -3.934877
-0.033524 -3.934748
-0.034524 -3.934620
-0.035524 -3.934492
-0.036524 -3.934364
-0.037524 -3.934237
-0.038524 -3.934110
-0.039524 -3.933984
-0.040524 -3.933858
-0.041524 -3.933733
-0.042524 -3.933608
-0.043524 -3.933484
-0.044524 -3.933360
-0.045524 -3.933237
-0.046524 -3.933114
-0.047524 -3.932992
-0.048524 -3.932870
-0.049524 -3.932749
-0.050524 -3.932628
-0.051524 -3.932508
-0.052524 -3.932388
-0.053524 -3.932268
-0.054524 -3.932149
-0.055524 -3.932031
-0.056524 -3.931913
-0.057524 -3.931796
-0.058524 -3.931679
-0.059524 -3.931562
-0.060524 -3.931446
-0.061524 -3.931331
-0.062524 -3.931216
-0.063524 -3.931101
-0.064524 -3.930987
-0.065524 -3.930874
-0.066524 -3.930761
-0.067524 -3.930648
-0.068524 -3.930536
-0.069524 -3.930424
-0.070524 -3.930313
-0.071524 -3.930203
-0.072524 -3.930092
-0.073524 -3.929983
-0.074524 -3.929874
-0.075524 -3.929765
-0.076524 -3.929657
-0.077524 -3.929549
-0.078524 -3.929442
-0.079524 -3.929335
-0.080524 -3.929229
-0.081524 -3.929123
-0.082524 -3.929018
-0.083524 -3.928913
-0.084524 -3.928809
-0.085524 -3.928705
-0.086524 -3.928602
-0.087524 -3.928499
-0.088524 -3.928396
-0.089524 -3.928295
-0.090524 -3.928193
-0.091524 -3.928092
-0.092524 -3.927992
-0.093524 -3.927892
-0.094524 -3.927793
-0.095524 -3.927694
-0.096524 -3.927595
-0.097524 -3.927498
-0.098524 -3.927400
-0.099524 -3.927303
-0.100524 -3.927207
-0.101524 -3.927111
-0.102524 -3.927015
-0.103524 -3.926920
-0.104524 -3.926826
-0.105524 -3.926732
-0.106524 -3.926638
-0.107524 -3.926545
-0.108524 -3.926453
-0.109524 -3.926361
-0.110524 -3.926269
-0.111524 -3.926178
-0.112524 -3.926088
-0.113524 -3.925998
-0.114524 -3.925908
-0.115524 -3.925819
-0.116524 -3.925730
-0.117524 -3.925642
-0.118524 -3.925555
-0.119524 -3.925468
-0.120524 -3.925381
-0.121524 -3.925295
-0.122524 -3.925209
-0.123524 -3.925124
-0.124524 -3.925039
-0.125524 -3.924955
-0.126524 -3.924872
-0.127524 -3.924788
-0.128524 -3.924706
-0.129524 -3.924624
-0.130524 -3.924542
-0.131524 -3.924461
-0.132524 -3.924380
-0.133524 -3.924300
-0.134524 -3.924220
-0.135524 -3.924141
-0.136524 -3.924062
-0.137524 -3.923984
-0.138524 -3.923906
-0.139524 -3.923829
-0.140524 -3.923752
-0.141524 -3.923676
-0.142524 -3.923600
-0.143524 -3.923525
-0.144524 -3.923450
-0.145524 -3.923376
-0.146524 -3.923302
-0.147524 -3.923229
-0.148524 -3.923156
-0.149524 -3.923084
-0.150524 -3.923012
-0.151524 -3.922941
-0.152524 -3.922870
-0.153524 -3.922799
-0.154524 -3.922730
-0.155524 -3.922660
-0.156524 -3.922591
-0.157524 -3.922523
-0.158524 -3.922455
-0.159524 -3.922388
-0.160524 -3.922321
-0.161524 -3.922255
-0.162524 -3.922189
-0.163524 -3.922123
-0.164524 -3.922059
-0.165524 -3.921994
-0.166524 -3.921930
-0.167524 -3.921867
-0.168524 -3.921804
-0.169524 -3.921742
-0.170524 -3.921680
-0.171524 -3.921618
-0.172524 -3.921557
-0.173524 -3.921497
-0.174524 -3.921437
-0.175524 -3.921378
-0.176524 -3.921319
-0.177524 -3.921260
-0.178524 -3.921202
-0.179524 -3.921145
-0.180524 -3.921088
-0.181524 -3.921032
-0.182524 -3.920976
-0.183524 -3.920920
-0.184524 -3.920865
-0.185524 -3.920811
-0.186524 -3.920757
-0.187524 -3.920703
-0.188524 -3.920651
-0.189524 -3.920598
-0.190524 -3.920546
-0.191524 -3.920495
-0.192524 -3.920444
-0.193524 -3.920393
-0.194524 -3.920343
-0.195524 -3.920294
-0.196524 -3.920245
-0.197524 -3.920196
-0.198524 -3.920148
-0.199524 -3.920101
-0.200524 -3.920054
-0.201524 -3.920007
-0.202524 -3.919961
-0.203524 -3.919916
-0.204524 -3.919871
-0.205524 -3.919826
-0.206524 -3.919782
-0.207524 -3.919739
-0.208524 -3.919696
-0.209524 -3.919653
-0.210524 -3.919611
-0.211524 -3.919570
-0.212524 -3.919529
-0.213524 -3.919488
-0.214524 -3.919448
-0.215524 -3.919409
-0.216524 -3.919370
-0.217524 -3.919331
-0.218524 -3.919293
-0.219524 -3.919256
-0.220524 -3.919219
-0.221524 -3.919182
-0.222524 -3.919146
-0.223524 -3.919111
-0.224524 -3.919076
-0.225524 -3.919041
-0.226524 -3.919007
-0.227524 -3.918974
-0.228524 -3.918940
-0.229524 -3.918908
-0.230524 -3.918876
-0.231524 -3.918844
-0.232524 -3.918813
-0.233524 -3.918783
-0.234524 -3.918753
-0.235524 -3.918723
-0.236524 -3.918694
-0.237524 -3.918666
-0.238524 -3.918638
-0.239524 -3.918610
-0.240524 -3.918583
-0.241524 -3.918556
-0.242524 -3.918530
-0.243524 -3.918505
-0.244524 -3.918480
-0.245524 -3.918455
-0.246524 -3.918431
-0.247524 -3.918408
-0.248524 -3.918385
-0.249524 -3.918362
-0.250524 -3.918340
-0.251524 -3.918319
-0.252524 -3.918297
-0.253524 -3.918277
-0.254524 -3.918257
-0.255524 -3.918237
-0.256524 -3.918218
-0.257524 -3.918200
-0.258524 -3.918182
-0.259524 -3.918164
-0.260524 -3.918147
-0.261524 -3.918131
-0.262524 -3.918114
-0.263524 -3.918099
-0.264524 -3.918084
-0.265524 -3.918069
-0.266524 -3.918055
-0.267524 -3.918042
-0.268524 -3.918029
-0.269524 -3.918016
-0.270524 -3.918004
-0.271524 -3.917992
-0.272524 -3.917981
-0.273524 -3.917971
-0.274524 -3.917961
-0.275524 -3.917951
-0.276524 -3.917942
-0.277524 -3.917934
-0.278524 -3.917926
-0.279524 -3.917918
-0.280524 -3.917911
-0.281524 -3.917904
-0.282524 -3.917898
-0.283524 -3.917893
-0.284524 -3.917888
-0.285524 -3.917883
-0.286524 -3.917879
-0.287524 -3.917876
-0.288524 -3.917873
-0.289524 -3.917870
-0.290524 -3.917868
-0.291524 -3.917866
-0.292524 -3.917865
-0.293524 -3.917865
-0.294524 -3.917865
