-1.000000 0.000000
-0.999000 0.000999
-0.998000 0.001996
-0.997000 0.002991
-0.996000 0.003984
-0.995000 0.004975
-0.994000 0.005964
-0.993000 0.006951
-0.992000 0.007936
-0.991000 0.008919
-0.990000 0.009900
-0.989000 0.010879
-0.988000 0.011856
-0.987000 0.012831
-0.986000 0.013804
-0.985000 0.014775
-0.984000 0.015744
-0.983000 0.016711
-0.982000 0.017676
-0.981000 0.018639
-0.980000 0.019600
-0.979000 0.020559
-0.978000 0.021516
-0.977000 0.022471
-0.976000 0.023424
-0.975000 0.024375
-0.974000 0.025324
-0.973000 0.026271
-0.972000 0.027216
-0.971000 0.028159
-0.970000 0.029100
-0.969000 0.030039
-0.968000 0.030976
-0.967000 0.031911
-0.966000 0.032844
-0.965000 0.033775
-0.964000 0.034704
-0.963000 0.035631
-0.962000 0.036556
-0.961000 0.037479
-0.960000 0.038400
-0.959000 0.039319
-0.958000 0.040236
-0.957000 0.041151
-0.956000 0.042064
-0.955000 0.042975
-0.954000 0.043884
-0.953000 0.044791
-0.952000 0.045696
-0.951000 0.046599
-0.950000 0.047500
-0.949000 0.048399
-0.948000 0.049296
-0.947000 0.050191
-0.946000 0.051084
-0.945000 0.051975
-0.944000 0.052864
-0.943000 0.053751
-0.942000 0.054636
-0.941000 0.055519
-0.940000 0.056400
-0.939000 0.057279
-0.938000 0.058156
-0.937000 0.059031
-0.936000 0.059904
-0.935000 0.060775
-0.934000 0.061644
-0.933000 0.062511
-0.932000 0.063376
-0.931000 0.064239
-0.930000 0.065100
-0.929000 0.065959
-0.928000 0.066816
-0.927000 0.067671
-0.926000 0.068524
-0.925000 0.069375
-0.924000 0.070224
-0.923000 0.071071
-0.922000 0.071916
-0.921000 0.072759
-0.920000 0.073600
-0.919000 0.074439
-0.918000 0.075276
-0.917000 0.076111
-0.916000 0.076944
-0.915000 0.077775
-0.914000 0.078604
-0.913000 0.079431
-0.912000 0.080256
-0.911000 0.081079
-0.910000 0.081900
-0.909000 0.082719
-0.908000 0.083536
-0.907000 0.084351
-0.906000 0.085164
-0.905000 0.085975
-0.904000 0.086784
-0.903000 0.087591
-0.902000 0.088396
-0.901000 0.089199
-0.900000 0.090000
-0.899000 0.090799
-0.898000 0.091596
-0.897000 0.092391
-0.896000 0.093184
-0.895000 0.093975
-0.894000 0.094764
-0.893000 0.095551
-0.892000 0.096336
-0.891000 0.097119
-0.890000 0.097900
-0.889000 0.098679
-0.888000 0.099456
-0.887000 0.100231
-0.886000 0.101004
-0.885000 0.101775
-0.884000 0.102544
-0.883000 0.103311
-0.882000 0.104076
-0.881000 0.104839
-0.880000 0.105600
-0.879000 0.106359
-0.878000 0.107116
-0.877000 0.107871
-0.876000 0.108624
-0.875000 0.109375
-0.874000 0.110124
-0.873000 0.110871
-0.872000 0.111616
-0.871000 0.112359
-0.870000 0.113100
-0.869000 0.113839
-0.868000 0.114576
-0.867000 0.115311
-0.866000 0.116044
-0.865000 0.116775
-0.864000 0.117504
-0.863000 0.118231
-0.862000 0.118956
-0.861000 0.119679
-0.860000 0.120400
-0.859000 0.121119
-0.858000 0.121836
-0.857000 0.122551
-0.856000 0.123264
-0.855000 0.123975
-0.854000 0.124684
-0.853000 0.125391
-0.852000 0.126096
-0.851000 0.126799
-0.850000 0.127500
-0.849000 0.128199
-0.848000 0.128896
-0.847000 0.129591
-0.846000 0.130284
-0.845000 0.130975
-0.844000 0.131664
-0.843000 0.132351
-0.842000 0.133036
-0.841000 0.133719
-0.840000 0.134400
-0.839000 0.135079
-0.838000 0.135756
-0.837000 0.136431
-0.836000 0.137104
-0.835000 0.137775
-0.834000 0.138444
-0.833000 0.139111
-0.832000 0.139776
-0.831000 0.140439
-0.830000 0.141100
-0.829000 0.141759
-0.828000 0.142416
-0.827000 0.143071
-0.826000 0.143724
-0.825000 0.144375
-0.824000 0.145024
-0.823000 0.145671
-0.822000 0.146316
-0.821000 0.146959
-0.820000 0.147600
-0.819000 0.148239
-0.818000 0.148876
-0.817000 0.149511
-0.816000 0.150144
-0.815000 0.150775
-0.814000 0.151404
-0.813000 0.152031
-0.812000 0.152656
-0.811000 0.153279
-0.810000 0.153900
-0.809000 0.154519
-0.808000 0.155136
-0.807000 0.155751
-0.806000 0.156364
-0.805000 0.156975
-0.804000 0.157584
-0.803000 0.158191
-0.802000 0.158796
-0.801000 0.159399
-0.800000 0.160000
-0.799000 0.160599
-0.798000 0.161196
-0.797000 0.161791
-0.796000 0.162384
-0.795000 0.162975
-0.794000 0.163564
-0.793000 0.164151
-0.792000 0.164736
-0.791000 0.165319
-0.790000 0.165900
-0.789000 0.166479
-0.788000 0.167056
-0.787000 0.167631
-0.786000 0.168204
-0.785000 0.168775
-0.784000 0.169344
-0.783000 0.169911
-0.782000 0.170476
-0.781000 0.171039
-0.780000 0.171600
-0.779000 0.172159
-0.778000 0.172716
-0.777000 0.173271
-0.776000 0.173824
-0.775000 0.174375
-0.774000 0.174924
-0.773000 0.175471
-0.772000 0.176016
-0.771000 0.176559
-0.770000 0.177100
-0.769000 0.177639
-0.768000 0.178176
-0.767000 0.178711
-0.766000 0.179244
-0.765000 0.179775
-0.764000 0.180304
-0.763000 0.180831
-0.762000 0.181356
-0.761000 0.181879
-0.760000 0.182400
-0.759000 0.182919
-0.758000 0.183436
-0.757000 0.183951
-0.756000 0.184464
-0.755000 0.184975
-0.754000 0.185484
-0.753000 0.185991
-0.752000 0.186496
-0.751000 0.186999
-0.750000 0.187500
-0.749000 0.187999
-0.748000 0.188496
-0.747000 0.188991
-0.746000 0.189484
-0.745000 0.189975
-0.744000 0.190464
-0.743000 0.190951
-0.742000 0.191436
-0.741000 0.191919
-0.740000 0.192400
-0.739000 0.192879
-0.738000 0.193356
-0.737000 0.193831
-0.736000 0.194304
-0.735000 0.194775
-0.734000 0.195244
-0.733000 0.195711
-0.732000 0.196176
-0.731000 0.196639
-0.730000 0.197100
-0.729000 0.197559
-0.728000 0.198016
-0.727000 0.198471
-0.726000 0.198924
-0.725000 0.199375
-0.724000 0.199824
-0.723000 0.200271
-0.722000 0.200716
-0.721000 0.201159
-0.720000 0.201600
-0.719000 0.202039
-0.718000 0.202476
-0.717000 0.202911
-0.716000 0.203344
-0.715000 0.203775
-0.714000 0.204204
-0.713000 0.204631
-0.712000 0.205056
-0.711000 0.205479
-0.710000 0.205900
-0.709000 0.206319
-0.708000 0.206736
-0.707000 0.207151
-0.706000 0.207564
-0.705000 0.207975
-0.704000 0.208384
-0.703000 0.208791
-0.702000 0.209196
-0.701000 0.209599
-0.700000 0.210000
-0.699000 0.210399
-0.698000 0.210796
-0.697000 0.211191
-0.696000 0.211584
-0.695000 0.211975
-0.694000 0.212364
-0.693000 0.212751
-0.692000 0.213136
-0.691000 0.213519
-0.690000 0.213900
-0.689000 0.214279
-0.688000 0.214656
-0.687000 0.215031
-0.686000 0.215404
-0.685000 0.215775
-0.684000 0.216144
-0.683000 0.216511
-0.682000 0.216876
-0.681000 0.217239
-0.680000 0.217600
-0.679000 0.217959
-0.678000 0.218316
-0.677000 0.218671
-0.676000 0.219024
-0.675000 0.219375
-0.674000 0.219724
-0.673000 0.220071
-0.672000 0.220416
-0.671000 0.220759
-0.670000 0.221100
-0.669000 0.221439
-0.668000 0.221776
-0.667000 0.222111
-0.666000 0.222444
-0.665000 0.222775
-0.664000 0.223104
-0.663000 0.223431
-0.662000 0.223756
-0.661000 0.224079
-0.660000 0.224400
-0.659000 0.224719
-0.658000 0.225036
-0.657000 0.225351
-0.656000 0.225664
-0.655000 0.225975
-0.654000 0.226284
-0.653000 0.226591
-0.652000 0.226896
-0.651000 0.227199
-0.650000 0.227500
-0.649000 0.227799
-0.648000 0.228096
-0.647000 0.228391
-0.646000 0.228684
-0.645000 0.228975
-0.644000 0.229264
-0.643000 0.229551
-0.642000 0.229836
-0.641000 0.230119
-0.640000 0.230400
-0.639000 0.230679
-0.638000 0.230956
-0.637000 0.231231
-0.636000 0.231504
-0.635000 0.231775
-0.634000 0.232044
-0.633000 0.232311
-0.632000 0.232576
-0.631000 0.232839
-0.630000 0.233100
-0.629000 0.233359
-0.628000 0.233616
-0.627000 0.233871
-0.626000 0.234124
-0.625000 0.234375
-0.624000 0.234624
-0.623000 0.234871
-0.622000 0.235116
-0.621000 0.235359
-0.620000 0.235600
-0.619000 0.235839
-0.618000 0.236076
-0.617000 0.236311
-0.616000 0.236544
-0.615000 0.236775
-0.614000 0.237004
-0.613000 0.237231
-0.612000 0.237456
-0.611000 0.237679
-0.610000 0.237900
-0.609000 0.238119
-0.608000 0.238336
-0.607000 0.238551
-0.606000 0.238764
-0.605000 0.238975
-0.604000 0.239184
-0.603000 0.239391
-0.602000 0.239596
-0.601000 0.239799
-0.600000 0.240000
-0.599000 0.240199
-0.598000 0.240396
-0.597000 0.240591
-0.596000 0.240784
-0.595000 0.240975
-0.594000 0.241164
-0.593000 0.241351
-0.592000 0.241536
-0.591000 0.241719
-0.590000 0.241900
-0.589000 0.242079
-0.588000 0.242256
-0.587000 0.242431
-0.586000 0.242604
-0.585000 0.242775
-0.584000 0.242944
-0.583000 0.243111
-0.582000 0.243276
-0.581000 0.243439
-0.580000 0.243600
-0.579000 0.243759
-0.578000 0.243916
-0.577000 0.244071
-0.576000 0.244224
-0.575000 0.244375
-0.574000 0.244524
-0.573000 0.244671
-0.572000 0.244816
-0.571000 0.244959
-0.570000 0.245100
-0.569000 0.245239
-0.568000 0.245376
-0.567000 0.245511
-0.566000 0.245644
-0.565000 0.245775
-0.564000 0.245904
-0.563000 0.246031
-0.562000 0.246156
-0.561000 0.246279
-0.560000 0.246400
-0.559000 0.246519
-0.558000 0.246636
-0.557000 0.246751
-0.556000 0.246864
-0.555000 0.246975
-0.554000 0.247084
-0.553000 0.247191
-0.552000 0.247296
-0.551000 0.247399
-0.550000 0.247500
-0.549000 0.247599
-0.548000 0.247696
-0.547000 0.247791
-0.546000 0.247884
-0.545000 0.247975
-0.544000 0.248064
-0.543000 0.248151
-0.542000 0.248236
-0.541000 0.248319
-0.540000 0.248400
-0.539000 0.248479
-0.538000 0.248556
-0.537000 0.248631
-0.536000 0.248704
-0.535000 0.248775
-0.534000 0.248844
-0.533000 0.248911
-0.532000 0.248976
-0.531000 0.249039
-0.530000 0.249100
-0.529000 0.249159
-0.528000 0.249216
-0.527000 0.249271
-0.526000 0.249324
-0.525000 0.249375
-0.524000 0.249424
-0.523000 0.249471
-0.522000 0.249516
-0.521000 0.249559
-0.520000 0.249600
-0.519000 0.249639
-0.518000 0.249676
-0.517000 0.249711
-0.516000 0.249744
-0.515000 0.249775
-0.514000 0.249804
-0.513000 0.249831
-0.512000 0.249856
-0.511000 0.249879
-0.510000 0.249900
-0.509000 0.249919
-0.508000 0.249936
-0.507000 0.249951
-0.506000 0.249964
-0.505000 0.249975
-0.504000 0.249984
-0.503000 0.249991
-0.502000 0.249996
-0.501000 0.249999
-0.500000 0.250000
-0.499000 0.249999
-0.498000 0.249996
-0.497000 0.249991
-0.496000 0.249984
-0.495000 0.249975
-0.494000 0.249964
-0.493000 0.249951
-0.492000 0.249936
-0.491000 0.249919
-0.490000 0.249900
-0.489000 0.249879
-0.488000 0.249856
-0.487000 0.249831
-0.486000 0.249804
-0.485000 0.249775
-0.484000 0.249744
-0.483000 0.249711
-0.482000 0.249676
-0.481000 0.249639
-0.480000 0.249600
-0.479000 0.249559
-0.478000 0.249516
-0.477000 0.249471
-0.476000 0.249424
-0.475000 0.249375
-0.474000 0.249324
-0.473000 0.249271
-0.472000 0.249216
-0.471000 0.249159
-0.470000 0.249100
-0.469000 0.249039
-0.468000 0.248976
-0.467000 0.248911
-0.466000 0.248844
-0.465000 0.248775
-0.464000 0.248704
-0.463000 0.248631
-0.462000 0.248556
-0.461000 0.248479
-0.460000 0.248400
-0.459000 0.248319
-0.458000 0.248236
-0.457000 0.248151
-0.456000 0.248064
-0.455000 0.247975
-0.454000 0.247884
-0.453000 0.247791
-0.452000 0.247696
-0.451000 0.247599
-0.450000 0.247500
-0.449000 0.247399
-0.448000 0.247296
-0.447000 0.247191
-0.446000 0.247084
-0.445000 0.246975
-0.444000 0.246864
-0.443000 0.246751
-0.442000 0.246636
-0.441000 0.246519
-0.440000 0.246400
-0.439000 0.246279
-0.438000 0.246156
-0.437000 0.246031
-0.436000 0.245904
-0.435000 0.245775
-0.434000 0.245644
-0.433000 0.245511
-0.432000 0.245376
-0.431000 0.245239
-0.430000 0.245100
-0.429000 0.244959
-0.428000 0.244816
-0.427000 0.244671
-0.426000 0.244524
-0.425000 0.244375
-0.424000 0.244224
-0.423000 0.244071
-0.422000 0.243916
-0.421000 0.243759
-0.420000 0.243600
-0.419000 0.243439
-0.418000 0.243276
-0.417000 0.243111
-0.416000 0.242944
-0.415000 0.242775
-0.414000 0.242604
-0.413000 0.242431
-0.412000 0.242256
-0.411000 0.242079
-0.410000 0.241900
-0.409000 0.241719
-0.408000 0.241536
-0.407000 0.241351
-0.406000 0.241164
-0.405000 0.240975
-0.404000 0.240784
-0.403000 0.240591
-0.402000 0.240396
-0.401000 0.240199
-0.400000 0.240000
-0.399000 0.239799
-0.398000 0.239596
-0.397000 0.239391
-0.396000 0.239184
-0.395000 0.238975
-0.394000 0.238764
-0.393000 0.238551
-0.392000 0.238336
-0.391000 0.238119
-0.390000 0.237900
-0.389000 0.237679
-0.388000 0.237456
-0.387000 0.237231
-0.386000 0.237004
-0.385000 0.236775
-0.384000 0.236544
-0.383000 0.236311
-0.382000 0.236076
-0.381000 0.235839
-0.380000 0.235600
-0.379000 0.235359
-0.378000 0.235116
-0.377000 0.234871
-0.376000 0.234624
-0.375000 0.234375
-0.374000 0.234124
-0.373000 0.233871
-0.372000 0.233616
-0.371000 0.233359
-0.370000 0.233100
-0.369000 0.232839
-0.368000 0.232576
-0.367000 0.232311
-0.366000 0.232044
-0.365000 0.231775
-0.364000 0.231504
-0.363000 0.231231
-0.362000 0.230956
-0.361000 0.230679
-0.360000 0.230400
-0.359000 0.230119
-0.358000 0.229836
-0.357000 0.229551
-0.356000 0.229264
-0.355000 0.228975
-0.354000 0.228684
-0.353000 0.228391
-0.352000 0.228096
-0.351000 0.227799
-0.350000 0.227500
-0.349000 0.227199
-0.348000 0.226896
-0.347000 0.226591
-0.346000 0.226284
-0.345000 0.225975
-0.344000 0.225664
-0.343000 0.225351
-0.342000 0.225036
-0.341000 0.224719
-0.340000 0.224400
-0.339000 0.224079
-0.338000 0.223756
-0.337000 0.223431
-0.336000 0.223104
-0.335000 0.222775
-0.334000 0.222444
-0.333000 0.222111
-0.332000 0.221776
-0.331000 0.221439
-0.330000 0.221100
-0.329000 0.220759
-0.328000 0.220416
-0.327000 0.220071
-0.326000 0.219724
-0.325000 0.219375
-0.324000 0.219024
-0.323000 0.218671
-0.322000 0.218316
-0.321000 0.217959
-0.320000 0.217600
-0.319000 0.217239
-0.318000 0.216876
-0.317000 0.216511
-0.316000 0.216144
-0.315000 0.215775
-0.314000 0.215404
-0.313000 0.215031
-0.312000 0.214656
-0.311000 0.214279
-0.310000 0.213900
-0.309000 0.213519
-0.308000 0.213136
-0.307000 0.212751
-0.306000 0.212364
-0.305000 0.211975
-0.304000 0.211584
-0.303000 0.211191
-0.302000 0.210796
-0.301000 0.210399
-0.300000 0.210000
-0.299000 0.209599
-0.298000 0.209196
-0.297000 0.208791
-0.296000 0.208384
-0.295000 0.207975
-0.294000 0.207564
-0.293000 0.207151
-0.292000 0.206736
-0.291000 0.206319
-0.290000 0.205900
-0.289000 0.205479
-0.288000 0.205056
-0.287000 0.204631
-0.286000 0.204204
-0.285000 0.203775
-0.284000 0.203344
-0.283000 0.202911
-0.282000 0.202476
-0.281000 0.202039
-0.280000 0.201600
-0.279000 0.201159
-0.278000 0.200716
-0.277000 0.200271
-0.276000 0.199824
-0.275000 0.199375
-0.274000 0.198924
-0.273000 0.198471
-0.272000 0.198016
-0.271000 0.197559
-0.270000 0.197100
-0.269000 0.196639
-0.268000 0.196176
-0.267000 0.195711
-0.266000 0.195244
-0.265000 0.194775
-0.264000 0.194304
-0.263000 0.193831
-0.262000 0.193356
-0.261000 0.192879
-0.260000 0.192400
-0.259000 0.191919
-0.258000 0.191436
-0.257000 0.190951
-0.256000 0.190464
-0.255000 0.189975
-0.254000 0.189484
-0.253000 0.188991
-0.252000 0.188496
-0.251000 0.187999
-0.250000 0.187500
-0.249000 0.186999
-0.248000 0.186496
-0.247000 0.185991
-0.246000 0.185484
-0.245000 0.184975
-0.244000 0.184464
-0.243000 0.183951
-0.242000 0.183436
-0.241000 0.182919
-0.240000 0.182400
-0.239000 0.181879
-0.238000 0.181356
-0.237000 0.180831
-0.236000 0.180304
-0.235000 0.179775
-0.234000 0.179244
-0.233000 0.178711
-0.232000 0.178176
-0.231000 0.177639
-0.230000 0.177100
-0.229000 0.176559
-0.228000 0.176016
-0.227000 0.175471
-0.226000 0.174924
-0.225000 0.174375
-0.224000 0.173824
-0.223000 0.173271
-0.222000 0.172716
-0.221000 0.172159
-0.220000 0.171600
-0.219000 0.171039
-0.218000 0.170476
-0.217000 0.169911
-0.216000 0.169344
-0.215000 0.168775
-0.214000 0.168204
-0.213000 0.167631
-0.212000 0.167056
-0.211000 0.166479
-0.210000 0.165900
-0.209000 0.165319
-0.208000 0.164736
-0.207000 0.164151
-0.206000 0.163564
-0.205000 0.162975
-0.204000 0.162384
-0.203000 0.161791
-0.202000 0.161196
-0.201000 0.160599
-0.200000 0.160000
-0.199000 0.159399
-0.198000 0.158796
-0.197000 0.158191
-0.196000 0.157584
-0.195000 0.156975
-0.194000 0.156364
-0.193000 0.155751
-0.192000 0.155136
-0.191000 0.154519
-0.190000 0.153900
-0.189000 0.153279
-0.188000 0.152656
-0.187000 0.152031
-0.186000 0.151404
-0.185000 0.150775
-0.184000 0.150144
-0.183000 0.149511
-0.182000 0.148876
-0.181000 0.148239
-0.180000 0.147600
-0.179000 0.146959
-0.178000 0.146316
-0.177000 0.145671
-0.176000 0.145024
-0.175000 0.144375
-0.174000 0.143724
-0.173000 0.143071
-0.172000 0.142416
-0.171000 0.141759
-0.170000 0.141100
-0.169000 0.140439
-0.168000 0.139776
-0.167000 0.139111
-0.166000 0.138444
-0.165000 0.137775
-0.164000 0.137104
-0.163000 0.136431
-0.162000 0.135756
-0.161000 0.135079
-0.160000 0.134400
-0.159000 0.133719
-0.158000 0.133036
-0.157000 0.132351
-0.156000 0.131664
-0.155000 0.130975
-0.154000 0.130284
-0.153000 0.129591
-0.152000 0.128896
-0.151000 0.128199
-0.150000 0.127500
-0.149000 0.126799
-0.148000 0.126096
-0.147000 0.125391
-0.146000 0.124684
-0.145000 0.123975
-0.144000 0.123264
-0.143000 0.122551
-0.142000 0.121836
-0.141000 0.121119
-0.140000 0.120400
-0.139000 0.119679
-0.138000 0.118956
-0.137000 0.118231
-0.136000 0.117504
-0.135000 0.116775
-0.134000 0.116044
-0.133000 0.115311
-0.132000 0.114576
-0.131000 0.113839
-0.130000 0.113100
-0.129000 0.112359
-0.128000 0.111616
-0.127000 0.110871
-0.126000 0.110124
-0.125000 0.109375
-0.124000 0.108624
-0.123000 0.107871
-0.122000 0.107116
-0.121000 0.106359
-0.120000 0.105600
-0.119000 0.104839
-0.118000 0.104076
-0.117000 0.103311
-0.116000 0.102544
-0.115000 0.101775
-0.114000 0.101004
-0.113000 0.100231
-0.112000 0.099456
-0.111000 0.098679
-0.110000 0.097900
-0.109000 0.097119
-0.108000 0.096336
-0.107000 0.095551
-0.106000 0.094764
-0.105000 0.093975
-0.104000 0.093184
-0.103000 0.092391
-0.102000 0.091596
-0.101000 0.090799
-0.100000 0.090000
-0.099000 0.089199
-0.098000 0.088396
-0.097000 0.087591
-0.096000 0.086784
-0.095000 0.085975
-0.094000 0.085164
-0.093000 0.084351
-0.092000 0.083536
-0.091000 0.082719
-0.090000 0.081900
-0.089000 0.081079
-0.088000 0.080256
-0.087000 0.079431
-0.086000 0.078604
-0.085000 0.077775
-0.084000 0.076944
-0.083000 0.076111
-0.082000 0.075276
-0.081000 0.074439
-0.080000 0.073600
-0.079000 0.072759
-0.078000 0.071916
-0.077000 0.071071
-0.076000 0.070224
-0.075000 0.069375
-0.074000 0.068524
-0.073000 0.067671
-0.072000 0.066816
-0.071000 0.065959
-0.070000 0.065100
-0.069000 0.064239
-0.068000 0.063376
-0.067000 0.062511
-0.066000 0.061644
-0.065000 0.060775
-0.064000 0.059904
-0.063000 0.059031
-0.062000 0.058156
-0.061000 0.057279
-0.060000 0.056400
-0.059000 0.055519
-0.058000 0.054636
-0.057000 0.053751
-0.056000 0.052864
-0.055000 0.051975
-0.054000 0.051084
-0.053000 0.050191
-0.052000 0.049296
-0.051000 0.048399
-0.050000 0.047500
-0.049000 0.046599
-0.048000 0.045696
-0.047000 0.044791
-0.046000 0.043884
-0.045000 0.042975
-0.044000 0.042064
-0.043000 0.041151
-0.042000 0.040236
-0.041000 0.039319
-0.040000 0.038400
-0.039000 0.037479
-0.038000 0.036556
-0.037000 0.035631
-0.036000 0.034704
-0.035000 0.033775
-0.034000 0.032844
-0.033000 0.031911
-0.032000 0.030976
-0.031000 0.030039
-0.030000 0.029100
-0.029000 0.028159
-0.028000 0.027216
-0.027000 0.026271
-0.026000 0.025324
-0.025000 0.024375
-0.024000 0.023424
-0.023000 0.022471
-0.022000 0.021516
-0.021000 0.020559
-0.020000 0.019600
-0.019000 0.018639
-0.018000 0.017676
-0.017000 0.016711
-0.016000 0.015744
-0.015000 0.014775
-0.014000 0.013804
-0.013000 0.012831
-0.012000 0.011856
-0.011000 0.010879
-0.010000 0.009900
-0.009000 0.008919
-0.008000 0.007936
-0.007000 0.006951
-0.006000 0.005964
-0.005000 0.004975
-0.004000 0.003984
-0.003000 0.002991
-0.002000 0.001996
-0.001000 0.000999
0.000000 -0.000000
0.001000 -0.000999
0.002000 -0.001996
0.003000 -0.002991
0.004000 -0.003984
0.005000 -0.004975
0.006000 -0.005964
0.007000 -0.006951
0.008000 -0.007936
0.009000 -0.008919
0.010000 -0.009900
0.011000 -0.010879
0.012000 -0.011856
0.013000 -0.012831
0.014000 -0.013804
0.015000 -0.014775
0.016000 -0.015744
0.017000 -0.016711
0.018000 -0.017676
0.019000 -0.018639
0.020000 -0.019600
0.021000 -0.020559
0.022000 -0.021516
0.023000 -0.022471
0.024000 -0.023424
0.025000 -0.024375
0.026000 -0.025324
0.027000 -0.026271
0.028000 -0.027216
0.029000 -0.028159
0.030000 -0.029100
0.031000 -0.030039
0.032000 -0.030976
0.033000 -0.031911
0.034000 -0.032844
0.035000 -0.033775
0.036000 -0.034704
0.037000 -0.035631
0.038000 -0.036556
0.039000 -0.037479
0.040000 -0.038400
0.041000 -0.039319
0.042000 -0.040236
0.043000 -0.041151
0.044000 -0.042064
0.045000 -0.042975
0.046000 -0.043884
0.047000 -0.044791
0.048000 -0.045696
0.049000 -0.046599
0.050000 -0.047500
0.051000 -0.048399
0.052000 -0.049296
0.053000 -0.050191
0.054000 -0.051084
0.055000 -0.051975
0.056000 -0.052864
0.057000 -0.053751
0.058000 -0.054636
0.059000 -0.055519
0.060000 -0.056400
0.061000 -0.057279
0.062000 -0.058156
0.063000 -0.059031
0.064000 -0.059904
0.065000 -0.060775
0.066000 -0.061644
0.067000 -0.062511
0.068000 -0.063376
0.069000 -0.064239
0.070000 -0.065100
0.071000 -0.065959
0.072000 -0.066816
0.073000 -0.067671
0.074000 -0.068524
0.075000 -0.069375
0.076000 -0.070224
0.077000 -0.071071
0.078000 -0.071916
0.079000 -0.072759
0.080000 -0.073600
0.081000 -0.074439
0.082000 -0.075276
0.083000 -0.076111
0.084000 -0.076944
0.085000 -0.077775
0.086000 -0.078604
0.087000 -0.079431
0.088000 -0.080256
0.089000 -0.081079
0.090000 -0.081900
0.091000 -0.082719
0.092000 -0.083536
0.093000 -0.084351
0.094000 -0.085164
0.095000 -0.085975
0.096000 -0.086784
0.097000 -0.087591
0.098000 -0.088396
0.099000 -0.089199
0.100000 -0.090000
0.101000 -0.090799
0.102000 -0.091596
0.103000 -0.092391
0.104000 -0.093184
0.105000 -0.093975
0.106000 -0.094764
0.107000 -0.095551
0.108000 -0.096336
0.109000 -0.097119
0.110000 -0.097900
0.111000 -0.098679
0.112000 -0.099456
0.113000 -0.100231
0.114000 -0.101004
0.115000 -0.101775
0.116000 -0.102544
0.117000 -0.103311
0.118000 -0.104076
0.119000 -0.104839
0.120000 -0.105600
0.121000 -0.106359
0.122000 -0.107116
0.123000 -0.107871
0.124000 -0.108624
0.125000 -0.109375
0.126000 -0.110124
0.127000 -0.110871
0.128000 -0.111616
0.129000 -0.112359
0.130000 -0.113100
0.131000 -0.113839
0.132000 -0.114576
0.133000 -0.115311
0.134000 -0.116044
0.135000 -0.116775
0.136000 -0.117504
0.137000 -0.118231
0.138000 -0.118956
0.139000 -0.119679
0.140000 -0.120400
0.141000 -0.121119
0.142000 -0.121836
0.143000 -0.122551
0.144000 -0.123264
0.145000 -0.123975
0.146000 -0.124684
0.147000 -0.125391
0.148000 -0.126096
0.149000 -0.126799
0.150000 -0.127500
0.151000 -0.128199
0.152000 -0.128896
0.153000 -0.129591
0.154000 -0.130284
0.155000 -0.130975
0.156000 -0.131664
0.157000 -0.132351
0.158000 -0.133036
0.159000 -0.133719
0.160000 -0.134400
0.161000 -0.135079
0.162000 -0.135756
0.163000 -0.136431
0.164000 -0.137104
0.165000 -0.137775
0.166000 -0.138444
0.167000 -0.139111
0.168000 -0.139776
0.169000 -0.140439
0.170000 -0.141100
0.171000 -0.141759
0.172000 -0.142416
0.173000 -0.143071
0.174000 -0.143724
0.175000 -0.144375
0.176000 -0.145024
0.177000 -0.145671
0.178000 -0.146316
0.179000 -0.146959
0.180000 -0.147600
0.181000 -0.148239
0.182000 -0.148876
0.183000 -0.149511
0.184000 -0.150144
0.185000 -0.150775
0.186000 -0.151404
0.187000 -0.152031
0.188000 -0.152656
0.189000 -0.153279
0.190000 -0.153900
0.191000 -0.154519
0.192000 -0.155136
0.193000 -0.155751
0.194000 -0.156364
0.195000 -0.156975
0.196000 -0.157584
0.197000 -0.158191
0.198000 -0.158796
0.199000 -0.159399
0.200000 -0.160000
0.201000 -0.160599
0.202000 -0.161196
0.203000 -0.161791
0.204000 -0.162384
0.205000 -0.162975
0.206000 -0.163564
0.207000 -0.164151
0.208000 -0.164736
0.209000 -0.165319
0.210000 -0.165900
0.211000 -0.166479
0.212000 -0.167056
0.213000 -0.167631
0.214000 -0.168204
0.215000 -0.168775
0.216000 -0.169344
0.217000 -0.169911
0.218000 -0.170476
0.219000 -0.171039
0.220000 -0.171600
0.221000 -0.172159
0.222000 -0.172716
0.223000 -0.173271
0.224000 -0.173824
0.225000 -0.174375
0.226000 -0.174924
0.227000 -0.175471
0.228000 -0.176016
0.229000 -0.176559
0.230000 -0.177100
0.231000 -0.177639
0.232000 -0.178176
0.233000 -0.178711
0.234000 -0.179244
0.235000 -0.179775
0.236000 -0.180304
0.237000 -0.180831
0.238000 -0.181356
0.239000 -0.181879
0.240000 -0.182400
0.241000 -0.182919
0.242000 -0.183436
0.243000 -0.183951
0.244000 -0.184464
0.245000 -0.184975
0.246000 -0.185484
0.247000 -0.185991
0.248000 -0.186496
0.249000 -0.186999
0.250000 -0.187500
0.251000 -0.187999
0.252000 -0.188496
0.253000 -0.188991
0.254000 -0.189484
0.255000 -0.189975
0.256000 -0.190464
0.257000 -0.190951
0.258000 -0.191436
0.259000 -0.191919
0.260000 -0.192400
0.261000 -0.192879
0.262000 -0.193356
0.263000 -0.193831
0.264000 -0.194304
0.265000 -0.194775
0.266000 -0.195244
0.267000 -0.195711
0.268000 -0.196176
0.269000 -0.196639
0.270000 -0.197100
0.271000 -0.197559
0.272000 -0.198016
0.273000 -0.198471
0.274000 -0.198924
0.275000 -0.199375
0.276000 -0.199824
0.277000 -0.200271
0.278000 -0.200716
0.279000 -0.201159
0.280000 -0.201600
0.281000 -0.202039
0.282000 -0.202476
0.283000 -0.202911
0.284000 -0.203344
0.285000 -0.203775
0.286000 -0.204204
0.287000 -0.204631
0.288000 -0.205056
0.289000 -0.205479
0.290000 -0.205900
0.291000 -0.206319
0.292000 -0.206736
0.293000 -0.207151
0.294000 -0.207564
0.295000 -0.207975
0.296000 -0.208384
0.297000 -0.208791
0.298000 -0.209196
0.299000 -0.209599
0.300000 -0.210000
0.301000 -0.210399
0.302000 -0.210796
0.303000 -0.211191
0.304000 -0.211584
0.305000 -0.211975
0.306000 -0.212364
0.307000 -0.212751
0.308000 -0.213136
0.309000 -0.213519
0.310000 -0.213900
0.311000 -0.214279
0.312000 -0.214656
0.313000 -0.215031
0.314000 -0.215404
0.315000 -0.215775
0.316000 -0.216144
0.317000 -0.216511
0.318000 -0.216876
0.319000 -0.217239
0.320000 -0.217600
0.321000 -0.217959
0.322000 -0.218316
0.323000 -0.218671
0.324000 -0.219024
0.325000 -0.219375
0.326000 -0.219724
0.327000 -0.220071
0.328000 -0.220416
0.329000 -0.220759
0.330000 -0.221100
0.331000 -0.221439
0.332000 -0.221776
0.333000 -0.222111
0.334000 -0.222444
0.335000 -0.222775
0.336000 -0.223104
0.337000 -0.223431
0.338000 -0.223756
0.339000 -0.224079
0.340000 -0.224400
0.341000 -0.224719
0.342000 -0.225036
0.343000 -0.225351
0.344000 -0.225664
0.345000 -0.225975
0.346000 -0.226284
0.347000 -0.226591
0.348000 -0.226896
0.349000 -0.227199
0.350000 -0.227500
0.351000 -0.227799
0.352000 -0.228096
0.353000 -0.228391
0.354000 -0.228684
0.355000 -0.228975
0.356000 -0.229264
0.357000 -0.229551
0.358000 -0.229836
0.359000 -0.230119
0.360000 -0.230400
0.361000 -0.230679
0.362000 -0.230956
0.363000 -0.231231
0.364000 -0.231504
0.365000 -0.231775
0.366000 -0.232044
0.367000 -0.232311
0.368000 -0.232576
0.369000 -0.232839
0.370000 -0.233100
0.371000 -0.233359
0.372000 -0.233616
0.373000 -0.233871
0.374000 -0.234124
0.375000 -0.234375
0.376000 -0.234624
0.377000 -0.234871
0.378000 -0.235116
0.379000 -0.235359
0.380000 -0.235600
0.381000 -0.235839
0.382000 -0.236076
0.383000 -0.236311
0.384000 -0.236544
0.385000 -0.236775
0.386000 -0.237004
0.387000 -0.237231
0.388000 -0.237456
0.389000 -0.237679
0.390000 -0.237900
0.391000 -0.238119
0.392000 -0.238336
0.393000 -0.238551
0.394000 -0.238764
0.395000 -0.238975
0.396000 -0.239184
0.397000 -0.239391
0.398000 -0.239596
0.399000 -0.239799
0.400000 -0.240000
0.401000 -0.240199
0.402000 -0.240396
0.403000 -0.240591
0.404000 -0.240784
0.405000 -0.240975
0.406000 -0.241164
0.407000 -0.241351
0.408000 -0.241536
0.409000 -0.241719
0.410000 -0.241900
0.411000 -0.242079
0.412000 -0.242256
0.413000 -0.242431
0.414000 -0.242604
0.415000 -0.242775
0.416000 -0.242944
0.417000 -0.243111
0.418000 -0.243276
0.419000 -0.243439
0.420000 -0.243600
0.421000 -0.243759
0.422000 -0.243916
0.423000 -0.244071
0.424000 -0.244224
0.425000 -0.244375
0.426000 -0.244524
0.427000 -0.244671
0.428000 -0.244816
0.429000 -0.244959
0.430000 -0.245100
0.431000 -0.245239
0.432000 -0.245376
0.433000 -0.245511
0.434000 -0.245644
0.435000 -0.245775
0.436000 -0.245904
0.437000 -0.246031
0.438000 -0.246156
0.439000 -0.246279
0.440000 -0.246400
0.441000 -0.246519
0.442000 -0.246636
0.443000 -0.246751
0.444000 -0.246864
0.445000 -0.246975
0.446000 -0.247084
0.447000 -0.247191
0.448000 -0.247296
0.449000 -0.247399
0.450000 -0.247500
0.451000 -0.247599
0.452000 -0.247696
0.453000 -0.247791
0.454000 -0.247884
0.455000 -0.247975
0.456000 -0.248064
0.457000 -0.248151
0.458000 -0.248236
0.459000 -0.248319
0.460000 -0.248400
0.461000 -0.248479
0.462000 -0.248556
0.463000 -0.248631
0.464000 -0.248704
0.465000 -0.248775
0.466000 -0.248844
0.467000 -0.248911
0.468000 -0.248976
0.469000 -0.249039
0.470000 -0.249100
0.471000 -0.249159
0.472000 -0.249216
0.473000 -0.249271
0.474000 -0.249324
0.475000 -0.249375
0.476000 -0.249424
0.477000 -0.249471
0.478000 -0.249516
0.479000 -0.249559
0.480000 -0.249600
0.481000 -0.249639
0.482000 -0.249676
0.483000 -0.249711
0.484000 -0.249744
0.485000 -0.249775
0.486000 -0.249804
0.487000 -0.249831
0.488000 -0.249856
0.489000 -0.249879
0.490000 -0.249900
0.491000 -0.249919
0.492000 -0.249936
0.493000 -0.249951
0.494000 -0.249964
0.495000 -0.249975
0.496000 -0.249984
0.497000 -0.249991
0.498000 -0.249996
0.499000 -0.249999
0.500000 -0.250000
0.501000 -0.249999
0.502000 -0.249996
0.503000 -0.249991
0.504000 -0.249984
0.505000 -0.249975
0.506000 -0.249964
0.507000 -0.249951
0.508000 -0.249936
0.509000 -0.249919
0.510000 -0.249900
0.511000 -0.249879
0.512000 -0.249856
0.513000 -0.249831
0.514000 -0.249804
0.515000 -0.249775
0.516000 -0.249744
0.517000 -0.249711
0.518000 -0.249676
0.519000 -0.249639
0.520000 -0.249600
0.521000 -0.249559
0.522000 -0.249516
0.523000 -0.249471
0.524000 -0.249424
0.525000 -0.249375
0.526000 -0.249324
0.527000 -0.249271
0.528000 -0.249216
0.529000 -0.249159
0.530000 -0.249100
0.531000 -0.249039
0.532000 -0.248976
0.533000 -0.248911
0.534000 -0.248844
0.535000 -0.248775
0.536000 -0.248704
0.537000 -0.248631
0.538000 -0.248556
0.539000 -0.248479
0.540000 -0.248400
0.541000 -0.248319
0.542000 -0.248236
0.543000 -0.248151
0.544000 -0.248064
0.545000 -0.247975
0.546000 -0.247884
0.547000 -0.247791
0.548000 -0.247696
0.549000 -0.247599
0.550000 -0.247500
0.551000 -0.247399
0.552000 -0.247296
0.553000 -0.247191
0.554000 -0.247084
0.555000 -0.246975
0.556000 -0.246864
0.557000 -0.246751
0.558000 -0.246636
0.559000 -0.246519
0.560000 -0.246400
0.561000 -0.246279
0.562000 -0.246156
0.563000 -0.246031
0.564000 -0.245904
0.565000 -0.245775
0.566000 -0.245644
0.567000 -0.245511
0.568000 -0.245376
0.569000 -0.245239
0.570000 -0.245100
0.571000 -0.244959
0.572000 -0.244816
0.573000 -0.244671
0.574000 -0.244524
0.575000 -0.244375
0.576000 -0.244224
0.577000 -0.244071
0.578000 -0.243916
0.579000 -0.243759
0.580000 -0.243600
0.581000 -0.243439
0.582000 -0.243276
0.583000 -0.243111
0.584000 -0.242944
0.585000 -0.242775
0.586000 -0.242604
0.587000 -0.242431
0.588000 -0.242256
0.589000 -0.242079
0.590000 -0.241900
0.591000 -0.241719
0.592000 -0.241536
0.593000 -0.241351
0.594000 -0.241164
0.595000 -0.240975
0.596000 -0.240784
0.597000 -0.240591
0.598000 -0.240396
0.599000 -0.240199
0.600000 -0.240000
0.601000 -0.239799
0.602000 -0.239596
0.603000 -0.239391
0.604000 -0.239184
0.605000 -0.238975
0.606000 -0.238764
0.607000 -0.238551
0.608000 -0.238336
0.609000 -0.238119
0.610000 -0.237900
0.611000 -0.237679
0.612000 -0.237456
0.613000 -0.237231
0.614000 -0.237004
0.615000 -0.236775
0.616000 -0.236544
0.617000 -0.236311
0.618000 -0.236076
0.619000 -0.235839
0.620000 -0.235600
0.621000 -0.235359
0.622000 -0.235116
0.623000 -0.234871
0.624000 -0.234624
0.625000 -0.234375
0.626000 -0.234124
0.627000 -0.233871
0.628000 -0.233616
0.629000 -0.233359
0.630000 -0.233100
0.631000 -0.232839
0.632000 -0.232576
0.633000 -0.232311
0.634000 -0.232044
0.635000 -0.231775
0.636000 -0.231504
0.637000 -0.231231
0.638000 -0.230956
0.639000 -0.230679
0.640000 -0.230400
0.641000 -0.230119
0.642000 -0.229836
0.643000 -0.229551
0.644000 -0.229264
0.645000 -0.228975
0.646000 -0.228684
0.647000 -0.228391
0.648000 -0.228096
0.649000 -0.227799
0.650000 -0.227500
0.651000 -0.227199
0.652000 -0.226896
0.653000 -0.226591
0.654000 -0.226284
0.655000 -0.225975
0.656000 -0.225664
0.657000 -0.225351
0.658000 -0.225036
0.659000 -0.224719
0.660000 -0.224400
0.661000 -0.224079
0.662000 -0.223756
0.663000 -0.223431
0.664000 -0.223104
0.665000 -0.222775
0.666000 -0.222444
0.667000 -0.222111
0.668000 -0.221776
0.669000 -0.221439
0.670000 -0.221100
0.671000 -0.220759
0.672000 -0.220416
0.673000 -0.220071
0.674000 -0.219724
0.675000 -0.219375
0.676000 -0.219024
0.677000 -0.218671
0.678000 -0.218316
0.679000 -0.217959
0.680000 -0.217600
0.681000 -0.217239
0.682000 -0.216876
0.683000 -0.216511
0.684000 -0.216144
0.685000 -0.215775
0.686000 -0.215404
0.687000 -0.215031
0.688000 -0.214656
0.689000 -0.214279
0.690000 -0.213900
0.691000 -0.213519
0.692000 -0.213136
0.693000 -0.212751
0.694000 -0.212364
0.695000 -0.211975
0.696000 -0.211584
0.697000 -0.211191
0.698000 -0.210796
0.699000 -0.210399
0.700000 -0.210000
0.701000 -0.209599
0.702000 -0.209196
0.703000 -0.208791
0.704000 -0.208384
0.705000 -0.207975
0.706000 -0.207564
0.707000 -0.207151
0.708000 -0.206736
0.709000 -0.206319
0.710000 -0.205900
0.711000 -0.205479
0.712000 -0.205056
0.713000 -0.204631
0.714000 -0.204204
0.715000 -0.203775
0.716000 -0.203344
0.717000 -0.202911
0.718000 -0.202476
0.719000 -0.202039
0.720000 -0.201600
0.721000 -0.201159
0.722000 -0.200716
0.723000 -0.200271
0.724000 -0.199824
0.725000 -0.199375
0.726000 -0.198924
0.727000 -0.198471
0.728000 -0.198016
0.729000 -0.197559
0.730000 -0.197100
0.731000 -0.196639
0.732000 -0.196176
0.733000 -0.195711
0.734000 -0.195244
0.735000 -0.194775
0.736000 -0.194304
0.737000 -0.193831
0.738000 -0.193356
0.739000 -0.192879
0.740000 -0.192400
0.741000 -0.191919
0.742000 -0.191436
0.743000 -0.190951
0.744000 -0.190464
0.745000 -0.189975
0.746000 -0.189484
0.747000 -0.188991
0.748000 -0.188496
0.749000 -0.187999
0.750000 -0.187500
0.751000 -0.186999
0.752000 -0.186496
0.753000 -0.185991
0.754000 -0.185484
0.755000 -0.184975
0.756000 -0.184464
0.757000 -0.183951
0.758000 -0.183436
0.759000 -0.182919
0.760000 -0.182400
0.761000 -0.181879
0.762000 -0.181356
0.763000 -0.180831
0.764000 -0.180304
0.765000 -0.179775
0.766000 -0.179244
0.767000 -0.178711
0.768000 -0.178176
0.769000 -0.177639
0.770000 -0.177100
0.771000 -0.176559
0.772000 -0.176016
0.773000 -0.175471
0.774000 -0.174924
0.775000 -0.174375
0.776000 -0.173824
0.777000 -0.173271
0.778000 -0.172716
0.779000 -0.172159
0.780000 -0.171600
0.781000 -0.171039
0.782000 -0.170476
0.783000 -0.169911
0.784000 -0.169344
0.785000 -0.168775
0.786000 -0.168204
0.787000 -0.167631
0.788000 -0.167056
0.789000 -0.166479
0.790000 -0.165900
0.791000 -0.165319
0.792000 -0.164736
0.793000 -0.164151
0.794000 -0.163564
0.795000 -0.162975
0.796000 -0.162384
0.797000 -0.161791
0.798000 -0.161196
0.799000 -0.160599
0.800000 -0.160000
0.801000 -0.159399
0.802000 -0.158796
0.803000 -0.158191
0.804000 -0.157584
0.805000 -0.156975
0.806000 -0.156364
0.807000 -0.155751
0.808000 -0.155136
0.809000 -0.154519
0.810000 -0.153900
0.811000 -0.153279
0.812000 -0.152656
0.813000 -0.152031
0.814000 -0.151404
0.815000 -0.150775
0.816000 -0.150144
0.817000 -0.149511
0.818000 -0.148876
0.819000 -0.148239
0.820000 -0.147600
0.821000 -0.146959
0.822000 -0.146316
0.823000 -0.145671
0.824000 -0.145024
0.825000 -0.144375
0.826000 -0.143724
0.827000 -0.143071
0.828000 -0.142416
0.829000 -0.141759
0.830000 -0.141100
0.831000 -0.140439
0.832000 -0.139776
0.833000 -0.139111
0.834000 -0.138444
0.835000 -0.137775
0.836000 -0.137104
0.837000 -0.136431
0.838000 -0.135756
0.839000 -0.135079
0.840000 -0.134400
0.841000 -0.133719
0.842000 -0.133036
0.843000 -0.132351
0.844000 -0.131664
0.845000 -0.130975
0.846000 -0.130284
0.847000 -0.129591
0.848000 -0.128896
0.849000 -0.128199
0.850000 -0.127500
0.851000 -0.126799
0.852000 -0.126096
0.853000 -0.125391
0.854000 -0.124684
0.855000 -0.123975
0.856000 -0.123264
0.857000 -0.122551
0.858000 -0.121836
0.859000 -0.121119
0.860000 -0.120400
0.861000 -0.119679
0.862000 -0.118956
0.863000 -0.118231
0.864000 -0.117504
0.865000 -0.116775
0.866000 -0.116044
0.867000 -0.115311
0.868000 -0.114576
0.869000 -0.113839
0.870000 -0.113100
0.871000 -0.112359
0.872000 -0.111616
0.873000 -0.110871
0.874000 -0.110124
0.875000 -0.109375
0.876000 -0.108624
0.877000 -0.107871
0.878000 -0.107116
0.879000 -0.106359
0.880000 -0.105600
0.881000 -0.104839
0.882000 -0.104076
0.883000 -0.103311
0.884000 -0.102544
0.885000 -0.101775
0.886000 -0.101004
0.887000 -0.100231
0.888000 -0.099456
0.889000 -0.098679
0.890000 -0.097900
0.891000 -0.097119
0.892000 -0.096336
0.893000 -0.095551
0.894000 -0.094764
0.895000 -0.093975
0.896000 -0.093184
0.897000 -0.092391
0.898000 -0.091596
0.899000 -0.090799
0.900000 -0.090000
0.901000 -0.089199
0.902000 -0.088396
0.903000 -0.087591
0.904000 -0.086784
0.905000 -0.085975
0.906000 -0.085164
0.907000 -0.084351
0.908000 -0.083536
0.909000 -0.082719
0.910000 -0.081900
0.911000 -0.081079
0.912000 -0.080256
0.913000 -0.079431
0.914000 -0.078604
0.915000 -0.077775
0.916000 -0.076944
0.917000 -0.076111
0.918000 -0.075276
0.919000 -0.074439
0.920000 -0.073600
0.921000 -0.072759
0.922000 -0.071916
0.923000 -0.071071
0.924000 -0.070224
0.925000 -0.069375
0.926000 -0.068524
0.927000 -0.067671
0.928000 -0.066816
0.929000 -0.065959
0.930000 -0.065100
0.931000 -0.064239
0.932000 -0.063376
0.933000 -0.062511
0.934000 -0.061644
0.935000 -0.060775
0.936000 -0.059904
0.937000 -0.059031
0.938000 -0.058156
0.939000 -0.057279
0.940000 -0.056400
0.941000 -0.055519
0.942000 -0.054636
0.943000 -0.053751
0.944000 -0.052864
0.945000 -0.051975
0.946000 -0.051084
0.947000 -0.050191
0.948000 -0.049296
0.949000 -0.048399
0.950000 -0.047500
0.951000 -0.046599
0.952000 -0.045696
0.953000 -0.044791
0.954000 -0.043884
0.955000 -0.042975
0.956000 -0.042064
0.957000 -0.041151
0.958000 -0.040236
0.959000 -0.039319
0.960000 -0.038400
0.961000 -0.037479
0.962000 -0.036556
0.963000 -0.035631
0.964000 -0.034704
0.965000 -0.033775
0.966000 -0.032844
0.967000 -0.031911
0.968000 -0.030976
0.969000 -0.030039
0.970000 -0.029100
0.971000 -0.028159
0.972000 -0.027216
0.973000 -0.026271
0.974000 -0.025324
0.975000 -0.024375
0.976000 -0.023424
0.977000 -0.022471
0.978000 -0.021516
0.979000 -0.020559
0.980000 -0.019600
0.981000 -0.018639
0.982000 -0.017676
0.983000 -0.016711
0.984000 -0.015744
0.985000 -0.014775
0.986000 -0.013804
0.987000 -0.012831
0.988000 -0.011856
0.989000 -0.010879
0.990000 -0.009900
0.991000 -0.008919
0.992000 -0.007936
0.993000 -0.006951
0.994000 -0.005964
0.995000 -0.004975
0.996000 -0.003984
0.997000 -0.002991
0.998000 -0.001996
0.999000 -0.000999
