-0.937500 0.062500
-0.936500 0.063499
-0.935500 0.064496
-0.934500 0.065491
-0.933500 0.066484
-0.932500 0.067475
-0.931500 0.068464
-0.930500 0.069451
-0.929500 0.070436
-0.928500 0.071419
-0.927500 0.072400
-0.926500 0.073379
-0.925500 0.074356
-0.924500 0.075331
-0.923500 0.076304
-0.922500 0.077275
-0.921500 0.078244
-0.920500 0.079211
-0.919500 0.080176
-0.918500 0.081139
-0.917500 0.082100
-0.916500 0.083059
-0.915500 0.084016
-0.914500 0.084971
-0.913500 0.085924
-0.912500 0.086875
-0.911500 0.087824
-0.910500 0.088771
-0.909500 0.089716
-0.908500 0.090659
-0.907500 0.091600
-0.906500 0.092539
-0.905500 0.093476
-0.904500 0.094411
-0.903500 0.095344
-0.902500 0.096275
-0.901500 0.097204
-0.900500 0.098131
-0.899500 0.099056
-0.898500 0.099979
-0.897500 0.100900
-0.896500 0.101819
-0.895500 0.102736
-0.894500 0.103651
-0.893500 0.104564
-0.892500 0.105475
-0.891500 0.106384
-0.890500 0.107291
-0.889500 0.108196
-0.888500 0.109099
-0.887500 0.110000
-0.886500 0.110899
-0.885500 0.111796
-0.884500 0.112691
-0.883500 0.113584
-0.882500 0.114475
-0.881500 0.115364
-0.880500 0.116251
-0.879500 0.117136
-0.878500 0.118019
-0.877500 0.118900
-0.876500 0.119779
-0.875500 0.120656
-0.874500 0.121531
-0.873500 0.122404
-0.872500 0.123275
-0.871500 0.124144
-0.870500 0.125011
-0.869500 0.125876
-0.868500 0.126739
-0.867500 0.127600
-0.866500 0.128459
-0.865500 0.129316
-0.864500 0.130171
-0.863500 0.131024
-0.862500 0.131875
-0.861500 0.132724
-0.860500 0.133571
-0.859500 0.134416
-0.858500 0.135259
-0.857500 0.136100
-0.856500 0.136939
-0.855500 0.137776
-0.854500 0.138611
-0.853500 0.139444
-0.852500 0.140275
-0.851500 0.141104
-0.850500 0.141931
-0.849500 0.142756
-0.848500 0.143579
-0.847500 0.144400
-0.846500 0.145219
-0.845500 0.146036
-0.844500 0.146851
-0.843500 0.147664
-0.842500 0.148475
-0.841500 0.149284
-0.840500 0.150091
-0.839500 0.150896
-0.838500 0.151699
-0.837500 0.152500
-0.836500 0.153299
-0.835500 0.154096
-0.834500 0.154891
-0.833500 0.155684
-0.832500 0.156475
-0.831500 0.157264
-0.830500 0.158051
-0.829500 0.158836
-0.828500 0.159619
-0.827500 0.160400
-0.826500 0.161179
-0.825500 0.161956
-0.824500 0.162731
-0.823500 0.163504
-0.822500 0.164275
-0.821500 0.165044
-0.820500 0.165811
-0.819500 0.166576
-0.818500 0.167339
-0.817500 0.168100
-0.816500 0.168859
-0.815500 0.169616
-0.814500 0.170371
-0.813500 0.171124
-0.812500 0.171875
-0.811500 0.172624
-0.810500 0.173371
-0.809500 0.174116
-0.808500 0.174859
-0.807500 0.175600
-0.806500 0.176339
-0.805500 0.177076
-0.804500 0.177811
-0.803500 0.178544
-0.802500 0.179275
-0.801500 0.180004
-0.800500 0.180731
-0.799500 0.181456
-0.798500 0.182179
-0.797500 0.182900
-0.796500 0.183619
-0.795500 0.184336
-0.794500 0.185051
-0.793500 0.185764
-0.792500 0.186475
-0.791500 0.187184
-0.790500 0.187891
-0.789500 0.188596
-0.788500 0.189299
-0.787500 0.190000
-0.786500 0.190699
-0.785500 0.191396
-0.784500 0.192091
-0.783500 0.192784
-0.782500 0.193475
-0.781500 0.194164
-0.780500 0.194851
-0.779500 0.195536
-0.778500 0.196219
-0.777500 0.196900
-0.776500 0.197579
-0.775500 0.198256
-0.774500 0.198931
-0.773500 0.199604
-0.772500 0.200275
-0.771500 0.200944
-0.770500 0.201611
-0.769500 0.202276
-0.768500 0.202939
-0.767500 0.203600
-0.766500 0.204259
-0.765500 0.204916
-0.764500 0.205571
-0.763500 0.206224
-0.762500 0.206875
-0.761500 0.207524
-0.760500 0.208171
-0.759500 0.208816
-0.758500 0.209459
-0.757500 0.210100
-0.756500 0.210739
-0.755500 0.211376
-0.754500 0.212011
-0.753500 0.212644
-0.752500 0.213275
-0.751500 0.213904
-0.750500 0.214531
-0.749500 0.215156
-0.748500 0.215779
-0.747500 0.216400
-0.746500 0.217019
-0.745500 0.217636
-0.744500 0.218251
-0.743500 0.218864
-0.742500 0.219475
-0.741500 0.220084
-0.740500 0.220691
-0.739500 0.221296
-0.738500 0.221899
-0.737500 0.222500
-0.736500 0.223099
-0.735500 0.223696
-0.734500 0.224291
-0.733500 0.224884
-0.732500 0.225475
-0.731500 0.226064
-0.730500 0.226651
-0.729500 0.227236
-0.728500 0.227819
-0.727500 0.228400
-0.726500 0.228979
-0.725500 0.229556
-0.724500 0.230131
-0.723500 0.230704
-0.722500 0.231275
-0.721500 0.231844
-0.720500 0.232411
-0.719500 0.232976
-0.718500 0.233539
-0.717500 0.234100
-0.716500 0.234659
-0.715500 0.235216
-0.714500 0.235771
-0.713500 0.236324
-0.712500 0.236875
-0.711500 0.237424
-0.710500 0.237971
-0.709500 0.238516
-0.708500 0.239059
-0.707500 0.239600
-0.706500 0.240139
-0.705500 0.240676
-0.704500 0.241211
-0.703500 0.241744
-0.702500 0.242275
-0.701500 0.242804
-0.700500 0.243331
-0.699500 0.243856
-0.698500 0.244379
-0.697500 0.244900
-0.696500 0.245419
-0.695500 0.245936
-0.694500 0.246451
-0.693500 0.246964
-0.692500 0.247475
-0.691500 0.247984
-0.690500 0.248491
-0.689500 0.248996
-0.688500 0.249499
-0.687500 0.250000
-0.686500 0.250499
-0.685500 0.250996
-0.684500 0.251491
-0.683500 0.251984
-0.682500 0.252475
-0.681500 0.252964
-0.680500 0.253451
-0.679500 0.253936
-0.678500 0.254419
-0.677500 0.254900
-0.676500 0.255379
-0.675500 0.255856
-0.674500 0.256331
-0.673500 0.256804
-0.672500 0.257275
-0.671500 0.257744
-0.670500 0.258211
-0.669500 0.258676
-0.668500 0.259139
-0.667500 0.259600
-0.666500 0.260059
-0.665500 0.260516
-0.664500 0.260971
-0.663500 0.261424
-0.662500 0.261875
-0.661500 0.262324
-0.660500 0.262771
-0.659500 0.263216
-0.658500 0.263659
-0.657500 0.264100
-0.656500 0.264539
-0.655500 0.264976
-0.654500 0.265411
-0.653500 0.265844
-0.652500 0.266275
-0.651500 0.266704
-0.650500 0.267131
-0.649500 0.267556
-0.648500 0.267979
-0.647500 0.268400
-0.646500 0.268819
-0.645500 0.269236
-0.644500 0.269651
-0.643500 0.270064
-0.642500 0.270475
-0.641500 0.270884
-0.640500 0.271291
-0.639500 0.271696
-0.638500 0.272099
-0.637500 0.272500
-0.636500 0.272899
-0.635500 0.273296
-0.634500 0.273691
-0.633500 0.274084
-0.632500 0.274475
-0.631500 0.274864
-0.630500 0.275251
-0.629500 0.275636
-0.628500 0.276019
-0.627500 0.276400
-0.626500 0.276779
-0.625500 0.277156
-0.624500 0.277531
-0.623500 0.277904
-0.622500 0.278275
-0.621500 0.278644
-0.620500 0.279011
-0.619500 0.279376
-0.618500 0.279739
-0.617500 0.280100
-0.616500 0.280459
-0.615500 0.280816
-0.614500 0.281171
-0.613500 0.281524
-0.612500 0.281875
-0.611500 0.282224
-0.610500 0.282571
-0.609500 0.282916
-0.608500 0.283259
-0.607500 0.283600
-0.606500 0.283939
-0.605500 0.284276
-0.604500 0.284611
-0.603500 0.284944
-0.602500 0.285275
-0.601500 0.285604
-0.600500 0.285931
-0.599500 0.286256
-0.598500 0.286579
-0.597500 0.286900
-0.596500 0.287219
-0.595500 0.287536
-0.594500 0.287851
-0.593500 0.288164
-0.592500 0.288475
-0.591500 0.288784
-0.590500 0.289091
-0.589500 0.289396
-0.588500 0.289699
-0.587500 0.290000
-0.586500 0.290299
-0.585500 0.290596
-0.584500 0.290891
-0.583500 0.291184
-0.582500 0.291475
-0.581500 0.291764
-0.580500 0.292051
-0.579500 0.292336
-0.578500 0.292619
-0.577500 0.292900
-0.576500 0.293179
-0.575500 0.293456
-0.574500 0.293731
-0.573500 0.294004
-0.572500 0.294275
-0.571500 0.294544
-0.570500 0.294811
-0.569500 0.295076
-0.568500 0.295339
-0.567500 0.295600
-0.566500 0.295859
-0.565500 0.296116
-0.564500 0.296371
-0.563500 0.296624
-0.562500 0.296875
-0.561500 0.297124
-0.560500 0.297371
-0.559500 0.297616
-0.558500 0.297859
-0.557500 0.298100
-0.556500 0.298339
-0.555500 0.298576
-0.554500 0.298811
-0.553500 0.299044
-0.552500 0.299275
-0.551500 0.299504
-0.550500 0.299731
-0.549500 0.299956
-0.548500 0.300179
-0.547500 0.300400
-0.546500 0.300619
-0.545500 0.300836
-0.544500 0.301051
-0.543500 0.301264
-0.542500 0.301475
-0.541500 0.301684
-0.540500 0.301891
-0.539500 0.302096
-0.538500 0.302299
-0.537500 0.302500
-0.536500 0.302699
-0.535500 0.302896
-0.534500 0.303091
-0.533500 0.303284
-0.532500 0.303475
-0.531500 0.303664
-0.530500 0.303851
-0.529500 0.304036
-0.528500 0.304219
-0.527500 0.304400
-0.526500 0.304579
-0.525500 0.304756
-0.524500 0.304931
-0.523500 0.305104
-0.522500 0.305275
-0.521500 0.305444
-0.520500 0.305611
-0.519500 0.305776
-0.518500 0.305939
-0.517500 0.306100
-0.516500 0.306259
-0.515500 0.306416
-0.514500 0.306571
-0.513500 0.306724
-0.512500 0.306875
-0.511500 0.307024
-0.510500 0.307171
-0.509500 0.307316
-0.508500 0.307459
-0.507500 0.307600
-0.506500 0.307739
-0.505500 0.307876
-0.504500 0.308011
-0.503500 0.308144
-0.502500 0.308275
-0.501500 0.308404
-0.500500 0.308531
-0.499500 0.308531
-0.498500 0.308404
-0.497500 0.308275
-0.496500 0.308144
-0.495500 0.308011
-0.494500 0.307876
-0.493500 0.307739
-0.492500 0.307600
-0.491500 0.307459
-0.490500 0.307316
-0.489500 0.307171
-0.488500 0.307024
-0.487500 0.306875
-0.486500 0.306724
-0.485500 0.306571
-0.484500 0.306416
-0.483500 0.306259
-0.482500 0.306100
-0.481500 0.305939
-0.480500 0.305776
-0.479500 0.305611
-0.478500 0.305444
-0.477500 0.305275
-0.476500 0.305104
-0.475500 0.304931
-0.474500 0.304756
-0.473500 0.304579
-0.472500 0.304400
-0.471500 0.304219
-0.470500 0.304036
-0.469500 0.303851
-0.468500 0.303664
-0.467500 0.303475
-0.466500 0.303284
-0.465500 0.303091
-0.464500 0.302896
-0.463500 0.302699
-0.462500 0.302500
-0.461500 0.302299
-0.460500 0.302096
-0.459500 0.301891
-0.458500 0.301684
-0.457500 0.301475
-0.456500 0.301264
-0.455500 0.301051
-0.454500 0.300836
-0.453500 0.300619
-0.452500 0.300400
-0.451500 0.300179
-0.450500 0.299956
-0.449500 0.299731
-0.448500 0.299504
-0.447500 0.299275
-0.446500 0.299044
-0.445500 0.298811
-0.444500 0.298576
-0.443500 0.298339
-0.442500 0.298100
-0.441500 0.297859
-0.440500 0.297616
-0.439500 0.297371
-0.438500 0.297124
-0.437500 0.296875
-0.436500 0.296624
-0.435500 0.296371
-0.434500 0.296116
-0.433500 0.295859
-0.432500 0.295600
-0.431500 0.295339
-0.430500 0.295076
-0.429500 0.294811
-0.428500 0.294544
-0.427500 0.294275
-0.426500 0.294004
-0.425500 0.293731
-0.424500 0.293456
-0.423500 0.293179
-0.422500 0.292900
-0.421500 0.292619
-0.420500 0.292336
-0.419500 0.292051
-0.418500 0.291764
-0.417500 0.291475
-0.416500 0.291184
-0.415500 0.290891
-0.414500 0.290596
-0.413500 0.290299
-0.412500 0.290000
-0.411500 0.289699
-0.410500 0.289396
-0.409500 0.289091
-0.408500 0.288784
-0.407500 0.288475
-0.406500 0.288164
-0.405500 0.287851
-0.404500 0.287536
-0.403500 0.287219
-0.402500 0.286900
-0.401500 0.286579
-0.400500 0.286256
-0.399500 0.285931
-0.398500 0.285604
-0.397500 0.285275
-0.396500 0.284944
-0.395500 0.284611
-0.394500 0.284276
-0.393500 0.283939
-0.392500 0.283600
-0.391500 0.283259
-0.390500 0.282916
-0.389500 0.282571
-0.388500 0.282224
-0.387500 0.281875
-0.386500 0.281524
-0.385500 0.281171
-0.384500 0.280816
-0.383500 0.280459
-0.382500 0.280100
-0.381500 0.279739
-0.380500 0.279376
-0.379500 0.279011
-0.378500 0.278644
-0.377500 0.278275
-0.376500 0.277904
-0.375500 0.277531
-0.374500 0.277156
-0.373500 0.276779
-0.372500 0.276400
-0.371500 0.276019
-0.370500 0.275636
-0.369500 0.275251
-0.368500 0.274864
-0.367500 0.274475
-0.366500 0.274084
-0.365500 0.273691
-0.364500 0.273296
-0.363500 0.272899
-0.362500 0.272500
-0.361500 0.272099
-0.360500 0.271696
-0.359500 0.271291
-0.358500 0.270884
-0.357500 0.270475
-0.356500 0.270064
-0.355500 0.269651
-0.354500 0.269236
-0.353500 0.268819
-0.352500 0.268400
-0.351500 0.267979
-0.350500 0.267556
-0.349500 0.267131
-0.348500 0.266704
-0.347500 0.266275
-0.346500 0.265844
-0.345500 0.265411
-0.344500 0.264976
-0.343500 0.264539
-0.342500 0.264100
-0.341500 0.263659
-0.340500 0.263216
-0.339500 0.262771
-0.338500 0.262324
-0.337500 0.261875
-0.336500 0.261424
-0.335500 0.260971
-0.334500 0.260516
-0.333500 0.260059
-0.332500 0.259600
-0.331500 0.259139
-0.330500 0.258676
-0.329500 0.258211
-0.328500 0.257744
-0.327500 0.257275
-0.326500 0.256804
-0.325500 0.256331
-0.324500 0.255856
-0.323500 0.255379
-0.322500 0.254900
-0.321500 0.254419
-0.320500 0.253936
-0.319500 0.253451
-0.318500 0.252964
-0.317500 0.252475
-0.316500 0.251984
-0.315500 0.251491
-0.314500 0.250996
-0.313500 0.250499
-0.312500 0.250000
-0.311500 0.249499
-0.310500 0.248996
-0.309500 0.248491
-0.308500 0.247984
-0.307500 0.247475
-0.306500 0.246964
-0.305500 0.246451
-0.304500 0.245936
-0.303500 0.245419
-0.302500 0.244900
-0.301500 0.244379
-0.300500 0.243856
-0.299500 0.243331
-0.298500 0.242804
-0.297500 0.242275
-0.296500 0.241744
-0.295500 0.241211
-0.294500 0.240676
-0.293500 0.240139
-0.292500 0.239600
-0.291500 0.239059
-0.290500 0.238516
-0.289500 0.237971
-0.288500 0.237424
-0.287500 0.236875
-0.286500 0.236324
-0.285500 0.235771
-0.284500 0.235216
-0.283500 0.234659
-0.282500 0.234100
-0.281500 0.233539
-0.280500 0.232976
-0.279500 0.232411
-0.278500 0.231844
-0.277500 0.231275
-0.276500 0.230704
-0.275500 0.230131
-0.274500 0.229556
-0.273500 0.228979
-0.272500 0.228400
-0.271500 0.227819
-0.270500 0.227236
-0.269500 0.226651
-0.268500 0.226064
-0.267500 0.225475
-0.266500 0.224884
-0.265500 0.224291
-0.264500 0.223696
-0.263500 0.223099
-0.262500 0.222500
-0.261500 0.221899
-0.260500 0.221296
-0.259500 0.220691
-0.258500 0.220084
-0.257500 0.219475
-0.256500 0.218864
-0.255500 0.218251
-0.254500 0.217636
-0.253500 0.217019
-0.252500 0.216400
-0.251500 0.215779
-0.250500 0.215156
-0.249500 0.214531
-0.248500 0.213904
-0.247500 0.213275
-0.246500 0.212644
-0.245500 0.212011
-0.244500 0.211376
-0.243500 0.210739
-0.242500 0.210100
-0.241500 0.209459
-0.240500 0.208816
-0.239500 0.208171
-0.238500 0.207524
-0.237500 0.206875
-0.236500 0.206224
-0.235500 0.205571
-0.234500 0.204916
-0.233500 0.204259
-0.232500 0.203600
-0.231500 0.202939
-0.230500 0.202276
-0.229500 0.201611
-0.228500 0.200944
-0.227500 0.200275
-0.226500 0.199604
-0.225500 0.198931
-0.224500 0.198256
-0.223500 0.197579
-0.222500 0.196900
-0.221500 0.196219
-0.220500 0.195536
-0.219500 0.194851
-0.218500 0.194164
-0.217500 0.193475
-0.216500 0.192784
-0.215500 0.192091
-0.214500 0.191396
-0.213500 0.190699
-0.212500 0.190000
-0.211500 0.189299
-0.210500 0.188596
-0.209500 0.187891
-0.208500 0.187184
-0.207500 0.186475
-0.206500 0.185764
-0.205500 0.185051
-0.204500 0.184336
-0.203500 0.183619
-0.202500 0.182900
-0.201500 0.182179
-0.200500 0.181456
-0.199500 0.180731
-0.198500 0.180004
-0.197500 0.179275
-0.196500 0.178544
-0.195500 0.177811
-0.194500 0.177076
-0.193500 0.176339
-0.192500 0.175600
-0.191500 0.174859
-0.190500 0.174116
-0.189500 0.173371
-0.188500 0.172624
-0.187500 0.171875
-0.186500 0.171124
-0.185500 0.170371
-0.184500 0.169616
-0.183500 0.168859
-0.182500 0.168100
-0.181500 0.167339
-0.180500 0.166576
-0.179500 0.165811
-0.178500 0.165044
-0.177500 0.164275
-0.176500 0.163504
-0.175500 0.162731
-0.174500 0.161956
-0.173500 0.161179
-0.172500 0.160400
-0.171500 0.159619
-0.170500 0.158836
-0.169500 0.158051
-0.168500 0.157264
-0.167500 0.156475
-0.166500 0.155684
-0.165500 0.154891
-0.164500 0.154096
-0.163500 0.153299
-0.162500 0.152500
-0.161500 0.151699
-0.160500 0.150896
-0.159500 0.150091
-0.158500 0.149284
-0.157500 0.148475
-0.156500 0.147664
-0.155500 0.146851
-0.154500 0.146036
-0.153500 0.145219
-0.152500 0.144400
-0.151500 0.143579
-0.150500 0.142756
-0.149500 0.141931
-0.148500 0.141104
-0.147500 0.140275
-0.146500 0.139444
-0.145500 0.138611
-0.144500 0.137776
-0.143500 0.136939
-0.142500 0.136100
-0.141500 0.135259
-0.140500 0.134416
-0.139500 0.133571
-0.138500 0.132724
-0.137500 0.131875
-0.136500 0.131024
-0.135500 0.130171
-0.134500 0.129316
-0.133500 0.128459
-0.132500 0.127600
-0.131500 0.126739
-0.130500 0.125876
-0.129500 0.125011
-0.128500 0.124144
-0.127500 0.123275
-0.126500 0.122404
-0.125500 0.121531
-0.124500 0.120656
-0.123500 0.119779
-0.122500 0.118900
-0.121500 0.118019
-0.120500 0.117136
-0.119500 0.116251
-0.118500 0.115364
-0.117500 0.114475
-0.116500 0.113584
-0.115500 0.112691
-0.114500 0.111796
-0.113500 0.110899
-0.112500 0.110000
-0.111500 0.109099
-0.110500 0.108196
-0.109500 0.107291
-0.108500 0.106384
-0.107500 0.105475
-0.106500 0.104564
-0.105500 0.103651
-0.104500 0.102736
-0.103500 0.101819
-0.102500 0.100900
-0.101500 0.099979
-0.100500 0.099056
-0.099500 0.098131
-0.098500 0.097204
-0.097500 0.096275
-0.096500 0.095344
-0.095500 0.094411
-0.094500 0.093476
-0.093500 0.092539
-0.092500 0.091600
-0.091500 0.090659
-0.090500 0.089716
-0.089500 0.088771
-0.088500 0.087824
-0.087500 0.086875
-0.086500 0.085924
-0.085500 0.084971
-0.084500 0.084016
-0.083500 0.083059
-0.082500 0.082100
-0.081500 0.081139
-0.080500 0.080176
-0.079500 0.079211
-0.078500 0.078244
-0.077500 0.077275
-0.076500 0.076304
-0.075500 0.075331
-0.074500 0.074356
-0.073500 0.073379
-0.072500 0.072400
-0.071500 0.071419
-0.070500 0.070436
-0.069500 0.069451
-0.068500 0.068464
-0.067500 0.067475
-0.066500 0.066484
-0.065500 0.065491
-0.064500 0.064496
-0.063500 0.063499
-0.062500 0.062500
-0.061500 0.061501
-0.060500 0.060504
-0.059500 0.059509
-0.058500 0.058516
-0.057500 0.057525
-0.056500 0.056536
-0.055500 0.055549
-0.054500 0.054564
-0.053500 0.053581
-0.052500 0.052600
-0.051500 0.051621
-0.050500 0.050644
-0.049500 0.049669
-0.048500 0.048696
-0.047500 0.047725
-0.046500 0.046756
-0.045500 0.045789
-0.044500 0.044824
-0.043500 0.043861
-0.042500 0.042900
-0.041500 0.041941
-0.040500 0.040984
-0.039500 0.040029
-0.038500 0.039076
-0.037500 0.038125
-0.036500 0.037176
-0.035500 0.036229
-0.034500 0.035284
-0.033500 0.034341
-0.032500 0.033400
-0.031500 0.032461
-0.030500 0.031524
-0.029500 0.030589
-0.028500 0.029656
-0.027500 0.028725
-0.026500 0.027796
-0.025500 0.026869
-0.024500 0.025944
-0.023500 0.025021
-0.022500 0.024100
-0.021500 0.023181
-0.020500 0.022264
-0.019500 0.021349
-0.018500 0.020436
-0.017500 0.019525
-0.016500 0.018616
-0.015500 0.017709
-0.014500 0.016804
-0.013500 0.015901
-0.012500 0.015000
-0.011500 0.014101
-0.010500 0.013204
-0.009500 0.012309
-0.008500 0.011416
-0.007500 0.010525
-0.006500 0.009636
-0.005500 0.008749
-0.004500 0.007864
-0.003500 0.006981
-0.002500 0.006100
-0.001500 0.005221
-0.000500 0.004344
0.000500 0.003469
0.001500 0.002596
0.002500 0.001725
0.003500 0.000856
0.004500 -0.000011
0.005500 -0.000876
0.006500 -0.001739
0.007500 -0.002600
0.008500 -0.003459
0.009500 -0.004316
0.010500 -0.005171
0.011500 -0.006024
0.012500 -0.006875
0.013500 -0.007724
0.014500 -0.008571
0.015500 -0.009416
0.016500 -0.010259
0.017500 -0.011100
0.018500 -0.011939
0.019500 -0.012776
0.020500 -0.013611
0.021500 -0.014444
0.022500 -0.015275
0.023500 -0.016104
0.024500 -0.016931
0.025500 -0.017756
0.026500 -0.018579
0.027500 -0.019400
0.028500 -0.020219
0.029500 -0.021036
0.030500 -0.021851
0.031500 -0.022664
0.032500 -0.023475
0.033500 -0.024284
0.034500 -0.025091
0.035500 -0.025896
0.036500 -0.026699
0.037500 -0.027500
0.038500 -0.028299
0.039500 -0.029096
0.040500 -0.029891
0.041500 -0.030684
0.042500 -0.031475
0.043500 -0.032264
0.044500 -0.033051
0.045500 -0.033836
0.046500 -0.034619
0.047500 -0.035400
0.048500 -0.036179
0.049500 -0.036956
0.050500 -0.037731
0.051500 -0.038504
0.052500 -0.039275
0.053500 -0.040044
0.054500 -0.040811
0.055500 -0.041576
0.056500 -0.042339
0.057500 -0.043100
0.058500 -0.043859
0.059500 -0.044616
0.060500 -0.045371
0.061500 -0.046124
0.062500 -0.046875
0.063500 -0.047624
0.064500 -0.048371
0.065500 -0.049116
0.066500 -0.049859
0.067500 -0.050600
0.068500 -0.051339
0.069500 -0.052076
0.070500 -0.052811
0.071500 -0.053544
0.072500 -0.054275
0.073500 -0.055004
0.074500 -0.055731
0.075500 -0.056456
0.076500 -0.057179
0.077500 -0.057900
0.078500 -0.058619
0.079500 -0.059336
0.080500 -0.060051
0.081500 -0.060764
0.082500 -0.061475
0.083500 -0.062184
0.084500 -0.062891
0.085500 -0.063596
0.086500 -0.064299
0.087500 -0.065000
0.088500 -0.065699
0.089500 -0.066396
0.090500 -0.067091
0.091500 -0.067784
0.092500 -0.068475
0.093500 -0.069164
0.094500 -0.069851
0.095500 -0.070536
0.096500 -0.071219
0.097500 -0.071900
0.098500 -0.072579
0.099500 -0.073256
0.100500 -0.073931
0.101500 -0.074604
0.102500 -0.075275
0.103500 -0.075944
0.104500 -0.076611
0.105500 -0.077276
0.106500 -0.077939
0.107500 -0.078600
0.108500 -0.079259
0.109500 -0.079916
0.110500 -0.080571
0.111500 -0.081224
0.112500 -0.081875
0.113500 -0.082524
0.114500 -0.083171
0.115500 -0.083816
0.116500 -0.084459
0.117500 -0.085100
0.118500 -0.085739
0.119500 -0.086376
0.120500 -0.087011
0.121500 -0.087644
0.122500 -0.088275
0.123500 -0.088904
0.124500 -0.089531
0.125500 -0.090156
0.126500 -0.090779
0.127500 -0.091400
0.128500 -0.092019
0.129500 -0.092636
0.130500 -0.093251
0.131500 -0.093864
0.132500 -0.094475
0.133500 -0.095084
0.134500 -0.095691
0.135500 -0.096296
0.136500 -0.096899
0.137500 -0.097500
0.138500 -0.098099
0.139500 -0.098696
0.140500 -0.099291
0.141500 -0.099884
0.142500 -0.100475
0.143500 -0.101064
0.144500 -0.101651
0.145500 -0.102236
0.146500 -0.102819
0.147500 -0.103400
0.148500 -0.103979
0.149500 -0.104556
0.150500 -0.105131
0.151500 -0.105704
0.152500 -0.106275
0.153500 -0.106844
0.154500 -0.107411
0.155500 -0.107976
0.156500 -0.108539
0.157500 -0.109100
0.158500 -0.109659
0.159500 -0.110216
0.160500 -0.110771
0.161500 -0.111324
0.162500 -0.111875
0.163500 -0.112424
0.164500 -0.112971
0.165500 -0.113516
0.166500 -0.114059
0.167500 -0.114600
0.168500 -0.115139
0.169500 -0.115676
0.170500 -0.116211
0.171500 -0.116744
0.172500 -0.117275
0.173500 -0.117804
0.174500 -0.118331
0.175500 -0.118856
0.176500 -0.119379
0.177500 -0.119900
0.178500 -0.120419
0.179500 -0.120936
0.180500 -0.121451
0.181500 -0.121964
0.182500 -0.122475
0.183500 -0.122984
0.184500 -0.123491
0.185500 -0.123996
0.186500 -0.124499
0.187500 -0.125000
0.188500 -0.125499
0.189500 -0.125996
0.190500 -0.126491
0.191500 -0.126984
0.192500 -0.127475
0.193500 -0.127964
0.194500 -0.128451
0.195500 -0.128936
0.196500 -0.129419
0.197500 -0.129900
0.198500 -0.130379
0.199500 -0.130856
0.200500 -0.131331
0.201500 -0.131804
0.202500 -0.132275
0.203500 -0.132744
0.204500 -0.133211
0.205500 -0.133676
0.206500 -0.134139
0.207500 -0.134600
0.208500 -0.135059
0.209500 -0.135516
0.210500 -0.135971
0.211500 -0.136424
0.212500 -0.136875
0.213500 -0.137324
0.214500 -0.137771
0.215500 -0.138216
0.216500 -0.138659
0.217500 -0.139100
0.218500 -0.139539
0.219500 -0.139976
0.220500 -0.140411
0.221500 -0.140844
0.222500 -0.141275
0.223500 -0.141704
0.224500 -0.142131
0.225500 -0.142556
0.226500 -0.142979
0.227500 -0.143400
0.228500 -0.143819
0.229500 -0.144236
0.230500 -0.144651
0.231500 -0.145064
0.232500 -0.145475
0.233500 -0.145884
0.234500 -0.146291
0.235500 -0.146696
0.236500 -0.147099
0.237500 -0.147500
0.238500 -0.147899
0.239500 -0.148296
0.240500 -0.148691
0.241500 -0.149084
0.242500 -0.149475
0.243500 -0.149864
0.244500 -0.150251
0.245500 -0.150636
0.246500 -0.151019
0.247500 -0.151400
0.248500 -0.151779
0.249500 -0.152156
0.250500 -0.152531
0.251500 -0.152904
0.252500 -0.153275
0.253500 -0.153644
0.254500 -0.154011
0.255500 -0.154376
0.256500 -0.154739
0.257500 -0.155100
0.258500 -0.155459
0.259500 -0.155816
0.260500 -0.156171
0.261500 -0.156524
0.262500 -0.156875
0.263500 -0.157224
0.264500 -0.157571
0.265500 -0.157916
0.266500 -0.158259
0.267500 -0.158600
0.268500 -0.158939
0.269500 -0.159276
0.270500 -0.159611
0.271500 -0.159944
0.272500 -0.160275
0.273500 -0.160604
0.274500 -0.160931
0.275500 -0.161256
0.276500 -0.161579
0.277500 -0.161900
0.278500 -0.162219
0.279500 -0.162536
0.280500 -0.162851
0.281500 -0.163164
0.282500 -0.163475
0.283500 -0.163784
0.284500 -0.164091
0.285500 -0.164396
0.286500 -0.164699
0.287500 -0.165000
0.288500 -0.165299
0.289500 -0.165596
0.290500 -0.165891
0.291500 -0.166184
0.292500 -0.166475
0.293500 -0.166764
0.294500 -0.167051
0.295500 -0.167336
0.296500 -0.167619
0.297500 -0.167900
0.298500 -0.168179
0.299500 -0.168456
0.300500 -0.168731
0.301500 -0.169004
0.302500 -0.169275
0.303500 -0.169544
0.304500 -0.169811
0.305500 -0.170076
0.306500 -0.170339
0.307500 -0.170600
0.308500 -0.170859
0.309500 -0.171116
0.310500 -0.171371
0.311500 -0.171624
0.312500 -0.171875
0.313500 -0.172124
0.314500 -0.172371
0.315500 -0.172616
0.316500 -0.172859
0.317500 -0.173100
0.318500 -0.173339
0.319500 -0.173576
0.320500 -0.173811
0.321500 -0.174044
0.322500 -0.174275
0.323500 -0.174504
0.324500 -0.174731
0.325500 -0.174956
0.326500 -0.175179
0.327500 -0.175400
0.328500 -0.175619
0.329500 -0.175836
0.330500 -0.176051
0.331500 -0.176264
0.332500 -0.176475
0.333500 -0.176684
0.334500 -0.176891
0.335500 -0.177096
0.336500 -0.177299
0.337500 -0.177500
0.338500 -0.177699
0.339500 -0.177896
0.340500 -0.178091
0.341500 -0.178284
0.342500 -0.178475
0.343500 -0.178664
0.344500 -0.178851
0.345500 -0.179036
0.346500 -0.179219
0.347500 -0.179400
0.348500 -0.179579
0.349500 -0.179756
0.350500 -0.179931
0.351500 -0.180104
0.352500 -0.180275
0.353500 -0.180444
0.354500 -0.180611
0.355500 -0.180776
0.356500 -0.180939
0.357500 -0.181100
0.358500 -0.181259
0.359500 -0.181416
0.360500 -0.181571
0.361500 -0.181724
0.362500 -0.181875
0.363500 -0.182024
0.364500 -0.182171
0.365500 -0.182316
0.366500 -0.182459
0.367500 -0.182600
0.368500 -0.182739
0.369500 -0.182876
0.370500 -0.183011
0.371500 -0.183144
0.372500 -0.183275
0.373500 -0.183404
0.374500 -0.183531
0.375500 -0.183656
0.376500 -0.183779
0.377500 -0.183900
0.378500 -0.184019
0.379500 -0.184136
0.380500 -0.184251
0.381500 -0.184364
0.382500 -0.184475
0.383500 -0.184584
0.384500 -0.184691
0.385500 -0.184796
0.386500 -0.184899
0.387500 -0.185000
0.388500 -0.185099
0.389500 -0.185196
0.390500 -0.185291
0.391500 -0.185384
0.392500 -0.185475
0.393500 -0.185564
0.394500 -0.185651
0.395500 -0.185736
0.396500 -0.185819
0.397500 -0.185900
0.398500 -0.185979
0.399500 -0.186056
0.400500 -0.186131
0.401500 -0.186204
0.402500 -0.186275
0.403500 -0.186344
0.404500 -0.186411
0.405500 -0.186476
0.406500 -0.186539
0.407500 -0.186600
0.408500 -0.186659
0.409500 -0.186716
0.410500 -0.186771
0.411500 -0.186824
0.412500 -0.186875
0.413500 -0.186924
0.414500 -0.186971
0.415500 -0.187016
0.416500 -0.187059
0.417500 -0.187100
0.418500 -0.187139
0.419500 -0.187176
0.420500 -0.187211
0.421500 -0.187244
0.422500 -0.187275
0.423500 -0.187304
0.424500 -0.187331
0.425500 -0.187356
0.426500 -0.187379
0.427500 -0.187400
0.428500 -0.187419
0.429500 -0.187436
0.430500 -0.187451
0.431500 -0.187464
0.432500 -0.187475
0.433500 -0.187484
0.434500 -0.187491
0.435500 -0.187496
0.436500 -0.187499
0.437500 -0.187500
0.438500 -0.187499
0.439500 -0.187496
0.440500 -0.187491
0.441500 -0.187484
0.442500 -0.187475
0.443500 -0.187464
0.444500 -0.187451
0.445500 -0.187436
0.446500 -0.187419
0.447500 -0.187400
0.448500 -0.187379
0.449500 -0.187356
0.450500 -0.187331
0.451500 -0.187304
0.452500 -0.187275
0.453500 -0.187244
0.454500 -0.187211
0.455500 -0.187176
0.456500 -0.187139
0.457500 -0.187100
0.458500 -0.187059
0.459500 -0.187016
0.460500 -0.186971
0.461500 -0.186924
0.462500 -0.186875
0.463500 -0.186824
0.464500 -0.186771
0.465500 -0.186716
0.466500 -0.186659
0.467500 -0.186600
0.468500 -0.186539
0.469500 -0.186476
0.470500 -0.186411
0.471500 -0.186344
0.472500 -0.186275
0.473500 -0.186204
0.474500 -0.186131
0.475500 -0.186056
0.476500 -0.185979
0.477500 -0.185900
0.478500 -0.185819
0.479500 -0.185736
0.480500 -0.185651
0.481500 -0.185564
0.482500 -0.185475
0.483500 -0.185384
0.484500 -0.185291
0.485500 -0.185196
0.486500 -0.185099
0.487500 -0.185000
0.488500 -0.184899
0.489500 -0.184796
0.490500 -0.184691
0.491500 -0.184584
0.492500 -0.184475
0.493500 -0.184364
0.494500 -0.184251
0.495500 -0.184136
0.496500 -0.184019
0.497500 -0.183900
0.498500 -0.183779
0.499500 -0.183656
0.500500 -0.183656
0.501500 -0.183779
0.502500 -0.183900
0.503500 -0.184019
0.504500 -0.184136
0.505500 -0.184251
0.506500 -0.184364
0.507500 -0.184475
0.508500 -0.184584
0.509500 -0.184691
0.510500 -0.184796
0.511500 -0.184899
0.512500 -0.185000
0.513500 -0.185099
0.514500 -0.185196
0.515500 -0.185291
0.516500 -0.185384
0.517500 -0.185475
0.518500 -0.185564
0.519500 -0.185651
0.520500 -0.185736
0.521500 -0.185819
0.522500 -0.185900
0.523500 -0.185979
0.524500 -0.186056
0.525500 -0.186131
0.526500 -0.186204
0.527500 -0.186275
0.528500 -0.186344
0.529500 -0.186411
0.530500 -0.186476
0.531500 -0.186539
0.532500 -0.186600
0.533500 -0.186659
0.534500 -0.186716
0.535500 -0.186771
0.536500 -0.186824
0.537500 -0.186875
0.538500 -0.186924
0.539500 -0.186971
0.540500 -0.187016
0.541500 -0.187059
0.542500 -0.187100
0.543500 -0.187139
0.544500 -0.187176
0.545500 -0.187211
0.546500 -0.187244
0.547500 -0.187275
0.548500 -0.187304
0.549500 -0.187331
0.550500 -0.187356
0.551500 -0.187379
0.552500 -0.187400
0.553500 -0.187419
0.554500 -0.187436
0.555500 -0.187451
0.556500 -0.187464
0.557500 -0.187475
0.558500 -0.187484
0.559500 -0.187491
0.560500 -0.187496
0.561500 -0.187499
0.562500 -0.187500
0.563500 -0.187499
0.564500 -0.187496
0.565500 -0.187491
0.566500 -0.187484
0.567500 -0.187475
0.568500 -0.187464
0.569500 -0.187451
0.570500 -0.187436
0.571500 -0.187419
0.572500 -0.187400
0.573500 -0.187379
0.574500 -0.187356
0.575500 -0.187331
0.576500 -0.187304
0.577500 -0.187275
0.578500 -0.187244
0.579500 -0.187211
0.580500 -0.187176
0.581500 -0.187139
0.582500 -0.187100
0.583500 -0.187059
0.584500 -0.187016
0.585500 -0.186971
0.586500 -0.186924
0.587500 -0.186875
0.588500 -0.186824
0.589500 -0.186771
0.590500 -0.186716
0.591500 -0.186659
0.592500 -0.186600
0.593500 -0.186539
0.594500 -0.186476
0.595500 -0.186411
0.596500 -0.186344
0.597500 -0.186275
0.598500 -0.186204
0.599500 -0.186131
0.600500 -0.186056
0.601500 -0.185979
0.602500 -0.185900
0.603500 -0.185819
0.604500 -0.185736
0.605500 -0.185651
0.606500 -0.185564
0.607500 -0.185475
0.608500 -0.185384
0.609500 -0.185291
0.610500 -0.185196
0.611500 -0.185099
0.612500 -0.185000
0.613500 -0.184899
0.614500 -0.184796
0.615500 -0.184691
0.616500 -0.184584
0.617500 -0.184475
0.618500 -0.184364
0.619500 -0.184251
0.620500 -0.184136
0.621500 -0.184019
0.622500 -0.183900
0.623500 -0.183779
0.624500 -0.183656
0.625500 -0.183531
0.626500 -0.183404
0.627500 -0.183275
0.628500 -0.183144
0.629500 -0.183011
0.630500 -0.182876
0.631500 -0.182739
0.632500 -0.182600
0.633500 -0.182459
0.634500 -0.182316
0.635500 -0.182171
0.636500 -0.182024
0.637500 -0.181875
0.638500 -0.181724
0.639500 -0.181571
0.640500 -0.181416
0.641500 -0.181259
0.642500 -0.181100
0.643500 -0.180939
0.644500 -0.180776
0.645500 -0.180611
0.646500 -0.180444
0.647500 -0.180275
0.648500 -0.180104
0.649500 -0.179931
0.650500 -0.179756
0.651500 -0.179579
0.652500 -0.179400
0.653500 -0.179219
0.654500 -0.179036
0.655500 -0.178851
0.656500 -0.178664
0.657500 -0.178475
0.658500 -0.178284
0.659500 -0.178091
0.660500 -0.177896
0.661500 -0.177699
0.662500 -0.177500
0.663500 -0.177299
0.664500 -0.177096
0.665500 -0.176891
0.666500 -0.176684
0.667500 -0.176475
0.668500 -0.176264
0.669500 -0.176051
0.670500 -0.175836
0.671500 -0.175619
0.672500 -0.175400
0.673500 -0.175179
0.674500 -0.174956
0.675500 -0.174731
0.676500 -0.174504
0.677500 -0.174275
0.678500 -0.174044
0.679500 -0.173811
0.680500 -0.173576
0.681500 -0.173339
0.682500 -0.173100
0.683500 -0.172859
0.684500 -0.172616
0.685500 -0.172371
0.686500 -0.172124
0.687500 -0.171875
0.688500 -0.171624
0.689500 -0.171371
0.690500 -0.171116
0.691500 -0.170859
0.692500 -0.170600
0.693500 -0.170339
0.694500 -0.170076
0.695500 -0.169811
0.696500 -0.169544
0.697500 -0.169275
0.698500 -0.169004
0.699500 -0.168731
0.700500 -0.168456
0.701500 -0.168179
0.702500 -0.167900
0.703500 -0.167619
0.704500 -0.167336
0.705500 -0.167051
0.706500 -0.166764
0.707500 -0.166475
0.708500 -0.166184
0.709500 -0.165891
0.710500 -0.165596
0.711500 -0.165299
0.712500 -0.165000
0.713500 -0.164699
0.714500 -0.164396
0.715500 -0.164091
0.716500 -0.163784
0.717500 -0.163475
0.718500 -0.163164
0.719500 -0.162851
0.720500 -0.162536
0.721500 -0.162219
0.722500 -0.161900
0.723500 -0.161579
0.724500 -0.161256
0.725500 -0.160931
0.726500 -0.160604
0.727500 -0.160275
0.728500 -0.159944
0.729500 -0.159611
0.730500 -0.159276
0.731500 -0.158939
0.732500 -0.158600
0.733500 -0.158259
0.734500 -0.157916
0.735500 -0.157571
0.736500 -0.157224
0.737500 -0.156875
0.738500 -0.156524
0.739500 -0.156171
0.740500 -0.155816
0.741500 -0.155459
0.742500 -0.155100
0.743500 -0.154739
0.744500 -0.154376
0.745500 -0.154011
0.746500 -0.153644
0.747500 -0.153275
0.748500 -0.152904
0.749500 -0.152531
0.750500 -0.152156
0.751500 -0.151779
0.752500 -0.151400
0.753500 -0.151019
0.754500 -0.150636
0.755500 -0.150251
0.756500 -0.149864
0.757500 -0.149475
0.758500 -0.149084
0.759500 -0.148691
0.760500 -0.148296
0.761500 -0.147899
0.762500 -0.147500
0.763500 -0.147099
0.764500 -0.146696
0.765500 -0.146291
0.766500 -0.145884
0.767500 -0.145475
0.768500 -0.145064
0.769500 -0.144651
0.770500 -0.144236
0.771500 -0.143819
0.772500 -0.143400
0.773500 -0.142979
0.774500 -0.142556
0.775500 -0.142131
0.776500 -0.141704
0.777500 -0.141275
0.778500 -0.140844
0.779500 -0.140411
0.780500 -0.139976
0.781500 -0.139539
0.782500 -0.139100
0.783500 -0.138659
0.784500 -0.138216
0.785500 -0.137771
0.786500 -0.137324
0.787500 -0.136875
0.788500 -0.136424
0.789500 -0.135971
0.790500 -0.135516
0.791500 -0.135059
0.792500 -0.134600
0.793500 -0.134139
0.794500 -0.133676
0.795500 -0.133211
0.796500 -0.132744
0.797500 -0.132275
0.798500 -0.131804
0.799500 -0.131331
0.800500 -0.130856
0.801500 -0.130379
0.802500 -0.129900
0.803500 -0.129419
0.804500 -0.128936
0.805500 -0.128451
0.806500 -0.127964
0.807500 -0.127475
0.808500 -0.126984
0.809500 -0.126491
0.810500 -0.125996
0.811500 -0.125499
0.812500 -0.125000
0.813500 -0.124499
0.814500 -0.123996
0.815500 -0.123491
0.816500 -0.122984
0.817500 -0.122475
0.818500 -0.121964
0.819500 -0.121451
0.820500 -0.120936
0.821500 -0.120419
0.822500 -0.119900
0.823500 -0.119379
0.824500 -0.118856
0.825500 -0.118331
0.826500 -0.117804
0.827500 -0.117275
0.828500 -0.116744
0.829500 -0.116211
0.830500 -0.115676
0.831500 -0.115139
0.832500 -0.114600
0.833500 -0.114059
0.834500 -0.113516
0.835500 -0.112971
0.836500 -0.112424
0.837500 -0.111875
0.838500 -0.111324
0.839500 -0.110771
0.840500 -0.110216
0.841500 -0.109659
0.842500 -0.109100
0.843500 -0.108539
0.844500 -0.107976
0.845500 -0.107411
0.846500 -0.106844
0.847500 -0.106275
0.848500 -0.105704
0.849500 -0.105131
0.850500 -0.104556
0.851500 -0.103979
0.852500 -0.103400
0.853500 -0.102819
0.854500 -0.102236
0.855500 -0.101651
0.856500 -0.101064
0.857500 -0.100475
0.858500 -0.099884
0.859500 -0.099291
0.860500 -0.098696
0.861500 -0.098099
0.862500 -0.097500
0.863500 -0.096899
0.864500 -0.096296
0.865500 -0.095691
0.866500 -0.095084
0.867500 -0.094475
0.868500 -0.093864
0.869500 -0.093251
0.870500 -0.092636
0.871500 -0.092019
0.872500 -0.091400
0.873500 -0.090779
0.874500 -0.090156
0.875500 -0.089531
0.876500 -0.088904
0.877500 -0.088275
0.878500 -0.087644
0.879500 -0.087011
0.880500 -0.086376
0.881500 -0.085739
0.882500 -0.085100
0.883500 -0.084459
0.884500 -0.083816
0.885500 -0.083171
0.886500 -0.082524
0.887500 -0.081875
0.888500 -0.081224
0.889500 -0.080571
0.890500 -0.079916
0.891500 -0.079259
0.892500 -0.078600
0.893500 -0.077939
0.894500 -0.077276
0.895500 -0.076611
0.896500 -0.075944
0.897500 -0.075275
0.898500 -0.074604
0.899500 -0.073931
0.900500 -0.073256
0.901500 -0.072579
0.902500 -0.071900
0.903500 -0.071219
0.904500 -0.070536
0.905500 -0.069851
0.906500 -0.069164
0.907500 -0.068475
0.908500 -0.067784
0.909500 -0.067091
0.910500 -0.066396
0.911500 -0.065699
0.912500 -0.065000
0.913500 -0.064299
0.914500 -0.063596
0.915500 -0.062891
0.916500 -0.062184
0.917500 -0.061475
0.918500 -0.060764
0.919500 -0.060051
0.920500 -0.059336
0.921500 -0.058619
0.922500 -0.057900
0.923500 -0.057179
0.924500 -0.056456
0.925500 -0.055731
0.926500 -0.055004
0.927500 -0.054275
0.928500 -0.053544
0.929500 -0.052811
0.930500 -0.052076
0.931500 -0.051339
0.932500 -0.050600
0.933500 -0.049859
0.934500 -0.049116
0.935500 -0.048371
0.936500 -0.047624
0.936500 -0.063499
0.935500 -0.064496
0.934500 -0.065491
0.933500 -0.066484
0.932500 -0.067475
0.931500 -0.068464
0.930500 -0.069451
0.929500 -0.070436
0.928500 -0.071419
0.927500 -0.072400
0.926500 -0.073379
0.925500 -0.074356
0.924500 -0.075331
0.923500 -0.076304
0.922500 -0.077275
0.921500 -0.078244
0.920500 -0.079211
0.919500 -0.080176
0.918500 -0.081139
0.917500 -0.082100
0.916500 -0.083059
0.915500 -0.084016
0.914500 -0.084971
0.913500 -0.085924
0.912500 -0.086875
0.911500 -0.087824
0.910500 -0.088771
0.909500 -0.089716
0.908500 -0.090659
0.907500 -0.091600
0.906500 -0.092539
0.905500 -0.093476
0.904500 -0.094411
0.903500 -0.095344
0.902500 -0.096275
0.901500 -0.097204
0.900500 -0.098131
0.899500 -0.099056
0.898500 -0.099979
0.897500 -0.100900
0.896500 -0.101819
0.895500 -0.102736
0.894500 -0.103651
0.893500 -0.104564
0.892500 -0.105475
0.891500 -0.106384
0.890500 -0.107291
0.889500 -0.108196
0.888500 -0.109099
0.887500 -0.110000
0.886500 -0.110899
0.885500 -0.111796
0.884500 -0.112691
0.883500 -0.113584
0.882500 -0.114475
0.881500 -0.115364
0.880500 -0.116251
0.879500 -0.117136
0.878500 -0.118019
0.877500 -0.118900
0.876500 -0.119779
0.875500 -0.120656
0.874500 -0.121531
0.873500 -0.122404
0.872500 -0.123275
0.871500 -0.124144
0.870500 -0.125011
0.869500 -0.125876
0.868500 -0.126739
0.867500 -0.127600
0.866500 -0.128459
0.865500 -0.129316
0.864500 -0.130171
0.863500 -0.131024
0.862500 -0.131875
0.861500 -0.132724
0.860500 -0.133571
0.859500 -0.134416
0.858500 -0.135259
0.857500 -0.136100
0.856500 -0.136939
0.855500 -0.137776
0.854500 -0.138611
0.853500 -0.139444
0.852500 -0.140275
0.851500 -0.141104
0.850500 -0.141931
0.849500 -0.142756
0.848500 -0.143579
0.847500 -0.144400
0.846500 -0.145219
0.845500 -0.146036
0.844500 -0.146851
0.843500 -0.147664
0.842500 -0.148475
0.841500 -0.149284
0.840500 -0.150091
0.839500 -0.150896
0.838500 -0.151699
0.837500 -0.152500
0.836500 -0.153299
0.835500 -0.154096
0.834500 -0.154891
0.833500 -0.155684
0.832500 -0.156475
0.831500 -0.157264
0.830500 -0.158051
0.829500 -0.158836
0.828500 -0.159619
0.827500 -0.160400
0.826500 -0.161179
0.825500 -0.161956
0.824500 -0.162731
0.823500 -0.163504
0.822500 -0.164275
0.821500 -0.165044
0.820500 -0.165811
0.819500 -0.166576
0.818500 -0.167339
0.817500 -0.168100
0.816500 -0.168859
0.815500 -0.169616
0.814500 -0.170371
0.813500 -0.171124
0.812500 -0.171875
0.811500 -0.172624
0.810500 -0.173371
0.809500 -0.174116
0.808500 -0.174859
0.807500 -0.175600
0.806500 -0.176339
0.805500 -0.177076
0.804500 -0.177811
0.803500 -0.178544
0.802500 -0.179275
0.801500 -0.180004
0.800500 -0.180731
0.799500 -0.181456
0.798500 -0.182179
0.797500 -0.182900
0.796500 -0.183619
0.795500 -0.184336
0.794500 -0.185051
0.793500 -0.185764
0.792500 -0.186475
0.791500 -0.187184
0.790500 -0.187891
0.789500 -0.188596
0.788500 -0.189299
0.787500 -0.190000
0.786500 -0.190699
0.785500 -0.191396
0.784500 -0.192091
0.783500 -0.192784
0.782500 -0.193475
0.781500 -0.194164
0.780500 -0.194851
0.779500 -0.195536
0.778500 -0.196219
0.777500 -0.196900
0.776500 -0.197579
0.775500 -0.198256
0.774500 -0.198931
0.773500 -0.199604
0.772500 -0.200275
0.771500 -0.200944
0.770500 -0.201611
0.769500 -0.202276
0.768500 -0.202939
0.767500 -0.203600
0.766500 -0.204259
0.765500 -0.204916
0.764500 -0.205571
0.763500 -0.206224
0.762500 -0.206875
0.761500 -0.207524
0.760500 -0.208171
0.759500 -0.208816
0.758500 -0.209459
0.757500 -0.210100
0.756500 -0.210739
0.755500 -0.211376
0.754500 -0.212011
0.753500 -0.212644
0.752500 -0.213275
0.751500 -0.213904
0.750500 -0.214531
0.749500 -0.215156
0.748500 -0.215779
0.747500 -0.216400
0.746500 -0.217019
0.745500 -0.217636
0.744500 -0.218251
0.743500 -0.218864
0.742500 -0.219475
0.741500 -0.220084
0.740500 -0.220691
0.739500 -0.221296
0.738500 -0.221899
0.737500 -0.222500
0.736500 -0.223099
0.735500 -0.223696
0.734500 -0.224291
0.733500 -0.224884
0.732500 -0.225475
0.731500 -0.226064
0.730500 -0.226651
0.729500 -0.227236
0.728500 -0.227819
0.727500 -0.228400
0.726500 -0.228979
0.725500 -0.229556
0.724500 -0.230131
0.723500 -0.230704
0.722500 -0.231275
0.721500 -0.231844
0.720500 -0.232411
0.719500 -0.232976
0.718500 -0.233539
0.717500 -0.234100
0.716500 -0.234659
0.715500 -0.235216
0.714500 -0.235771
0.713500 -0.236324
0.712500 -0.236875
0.711500 -0.237424
0.710500 -0.237971
0.709500 -0.238516
0.708500 -0.239059
0.707500 -0.239600
0.706500 -0.240139
0.705500 -0.240676
0.704500 -0.241211
0.703500 -0.241744
0.702500 -0.242275
0.701500 -0.242804
0.700500 -0.243331
0.699500 -0.243856
0.698500 -0.244379
0.697500 -0.244900
0.696500 -0.245419
0.695500 -0.245936
0.694500 -0.246451
0.693500 -0.246964
0.692500 -0.247475
0.691500 -0.247984
0.690500 -0.248491
0.689500 -0.248996
0.688500 -0.249499
0.687500 -0.250000
0.686500 -0.250499
0.685500 -0.250996
0.684500 -0.251491
0.683500 -0.251984
0.682500 -0.252475
0.681500 -0.252964
0.680500 -0.253451
0.679500 -0.253936
0.678500 -0.254419
0.677500 -0.254900
0.676500 -0.255379
0.675500 -0.255856
0.674500 -0.256331
0.673500 -0.256804
0.672500 -0.257275
0.671500 -0.257744
0.670500 -0.258211
0.669500 -0.258676
0.668500 -0.259139
0.667500 -0.259600
0.666500 -0.260059
0.665500 -0.260516
0.664500 -0.260971
0.663500 -0.261424
0.662500 -0.261875
0.661500 -0.262324
0.660500 -0.262771
0.659500 -0.263216
0.658500 -0.263659
0.657500 -0.264100
0.656500 -0.264539
0.655500 -0.264976
0.654500 -0.265411
0.653500 -0.265844
0.652500 -0.266275
0.651500 -0.266704
0.650500 -0.267131
0.649500 -0.267556
0.648500 -0.267979
0.647500 -0.268400
0.646500 -0.268819
0.645500 -0.269236
0.644500 -0.269651
0.643500 -0.270064
0.642500 -0.270475
0.641500 -0.270884
0.640500 -0.271291
0.639500 -0.271696
0.638500 -0.272099
0.637500 -0.272500
0.636500 -0.272899
0.635500 -0.273296
0.634500 -0.273691
0.633500 -0.274084
0.632500 -0.274475
0.631500 -0.274864
0.630500 -0.275251
0.629500 -0.275636
0.628500 -0.276019
0.627500 -0.276400
0.626500 -0.276779
0.625500 -0.277156
0.624500 -0.277531
0.623500 -0.277904
0.622500 -0.278275
0.621500 -0.278644
0.620500 -0.279011
0.619500 -0.279376
0.618500 -0.279739
0.617500 -0.280100
0.616500 -0.280459
0.615500 -0.280816
0.614500 -0.281171
0.613500 -0.281524
0.612500 -0.281875
0.611500 -0.282224
0.610500 -0.282571
0.609500 -0.282916
0.608500 -0.283259
0.607500 -0.283600
0.606500 -0.283939
0.605500 -0.284276
0.604500 -0.284611
0.603500 -0.284944
0.602500 -0.285275
0.601500 -0.285604
0.600500 -0.285931
0.599500 -0.286256
0.598500 -0.286579
0.597500 -0.286900
0.596500 -0.287219
0.595500 -0.287536
0.594500 -0.287851
0.593500 -0.288164
0.592500 -0.288475
0.591500 -0.288784
0.590500 -0.289091
0.589500 -0.289396
0.588500 -0.289699
0.587500 -0.290000
0.586500 -0.290299
0.585500 -0.290596
0.584500 -0.290891
0.583500 -0.291184
0.582500 -0.291475
0.581500 -0.291764
0.580500 -0.292051
0.579500 -0.292336
0.578500 -0.292619
0.577500 -0.292900
0.576500 -0.293179
0.575500 -0.293456
0.574500 -0.293731
0.573500 -0.294004
0.572500 -0.294275
0.571500 -0.294544
0.570500 -0.294811
0.569500 -0.295076
0.568500 -0.295339
0.567500 -0.295600
0.566500 -0.295859
0.565500 -0.296116
0.564500 -0.296371
0.563500 -0.296624
0.562500 -0.296875
0.561500 -0.297124
0.560500 -0.297371
0.559500 -0.297616
0.558500 -0.297859
0.557500 -0.298100
0.556500 -0.298339
0.555500 -0.298576
0.554500 -0.298811
0.553500 -0.299044
0.552500 -0.299275
0.551500 -0.299504
0.550500 -0.299731
0.549500 -0.299956
0.548500 -0.300179
0.547500 -0.300400
0.546500 -0.300619
0.545500 -0.300836
0.544500 -0.301051
0.543500 -0.301264
0.542500 -0.301475
0.541500 -0.301684
0.540500 -0.301891
0.539500 -0.302096
0.538500 -0.302299
0.537500 -0.302500
0.536500 -0.302699
0.535500 -0.302896
0.534500 -0.303091
0.533500 -0.303284
0.532500 -0.303475
0.531500 -0.303664
0.530500 -0.303851
0.529500 -0.304036
0.528500 -0.304219
0.527500 -0.304400
0.526500 -0.304579
0.525500 -0.304756
0.524500 -0.304931
0.523500 -0.305104
0.522500 -0.305275
0.521500 -0.305444
0.520500 -0.305611
0.519500 -0.305776
0.518500 -0.305939
0.517500 -0.306100
0.516500 -0.306259
0.515500 -0.306416
0.514500 -0.306571
0.513500 -0.306724
0.512500 -0.306875
0.511500 -0.307024
0.510500 -0.307171
0.509500 -0.307316
0.508500 -0.307459
0.507500 -0.307600
0.506500 -0.307739
0.505500 -0.307876
0.504500 -0.308011
0.503500 -0.308144
0.502500 -0.308275
0.501500 -0.308404
0.500500 -0.308531
0.499500 -0.308531
0.498500 -0.308404
0.497500 -0.308275
0.496500 -0.308144
0.495500 -0.308011
0.494500 -0.307876
0.493500 -0.307739
0.492500 -0.307600
0.491500 -0.307459
0.490500 -0.307316
0.489500 -0.307171
0.488500 -0.307024
0.487500 -0.306875
0.486500 -0.306724
0.485500 -0.306571
0.484500 -0.306416
0.483500 -0.306259
0.482500 -0.306100
0.481500 -0.305939
0.480500 -0.305776
0.479500 -0.305611
0.478500 -0.305444
0.477500 -0.305275
0.476500 -0.305104
0.475500 -0.304931
0.474500 -0.304756
0.473500 -0.304579
0.472500 -0.304400
0.471500 -0.304219
0.470500 -0.304036
0.469500 -0.303851
0.468500 -0.303664
0.467500 -0.303475
0.466500 -0.303284
0.465500 -0.303091
0.464500 -0.302896
0.463500 -0.302699
0.462500 -0.302500
0.461500 -0.302299
0.460500 -0.302096
0.459500 -0.301891
0.458500 -0.301684
0.457500 -0.301475
0.456500 -0.301264
0.455500 -0.301051
0.454500 -0.300836
0.453500 -0.300619
0.452500 -0.300400
0.451500 -0.300179
0.450500 -0.299956
0.449500 -0.299731
0.448500 -0.299504
0.447500 -0.299275
0.446500 -0.299044
0.445500 -0.298811
0.444500 -0.298576
0.443500 -0.298339
0.442500 -0.298100
0.441500 -0.297859
0.440500 -0.297616
0.439500 -0.297371
0.438500 -0.297124
0.437500 -0.296875
0.436500 -0.296624
0.435500 -0.296371
0.434500 -0.296116
0.433500 -0.295859
0.432500 -0.295600
0.431500 -0.295339
0.430500 -0.295076
0.429500 -0.294811
0.428500 -0.294544
0.427500 -0.294275
0.426500 -0.294004
0.425500 -0.293731
0.424500 -0.293456
0.423500 -0.293179
0.422500 -0.292900
0.421500 -0.292619
0.420500 -0.292336
0.419500 -0.292051
0.418500 -0.291764
0.417500 -0.291475
0.416500 -0.291184
0.415500 -0.290891
0.414500 -0.290596
0.413500 -0.290299
0.412500 -0.290000
0.411500 -0.289699
0.410500 -0.289396
0.409500 -0.289091
0.408500 -0.288784
0.407500 -0.288475
0.406500 -0.288164
0.405500 -0.287851
0.404500 -0.287536
0.403500 -0.287219
0.402500 -0.286900
0.401500 -0.286579
0.400500 -0.286256
0.399500 -0.285931
0.398500 -0.285604
0.397500 -0.285275
0.396500 -0.284944
0.395500 -0.284611
0.394500 -0.284276
0.393500 -0.283939
0.392500 -0.283600
0.391500 -0.283259
0.390500 -0.282916
0.389500 -0.282571
0.388500 -0.282224
0.387500 -0.281875
0.386500 -0.281524
0.385500 -0.281171
0.384500 -0.280816
0.383500 -0.280459
0.382500 -0.280100
0.381500 -0.279739
0.380500 -0.279376
0.379500 -0.279011
0.378500 -0.278644
0.377500 -0.278275
0.376500 -0.277904
0.375500 -0.277531
0.374500 -0.277156
0.373500 -0.276779
0.372500 -0.276400
0.371500 -0.276019
0.370500 -0.275636
0.369500 -0.275251
0.368500 -0.274864
0.367500 -0.274475
0.366500 -0.274084
0.365500 -0.273691
0.364500 -0.273296
0.363500 -0.272899
0.362500 -0.272500
0.361500 -0.272099
0.360500 -0.271696
0.359500 -0.271291
0.358500 -0.270884
0.357500 -0.270475
0.356500 -0.270064
0.355500 -0.269651
0.354500 -0.269236
0.353500 -0.268819
0.352500 -0.268400
0.351500 -0.267979
0.350500 -0.267556
0.349500 -0.267131
0.348500 -0.266704
0.347500 -0.266275
0.346500 -0.265844
0.345500 -0.265411
0.344500 -0.264976
0.343500 -0.264539
0.342500 -0.264100
0.341500 -0.263659
0.340500 -0.263216
0.339500 -0.262771
0.338500 -0.262324
0.337500 -0.261875
0.336500 -0.261424
0.335500 -0.260971
0.334500 -0.260516
0.333500 -0.260059
0.332500 -0.259600
0.331500 -0.259139
0.330500 -0.258676
0.329500 -0.258211
0.328500 -0.257744
0.327500 -0.257275
0.326500 -0.256804
0.325500 -0.256331
0.324500 -0.255856
0.323500 -0.255379
0.322500 -0.254900
0.321500 -0.254419
0.320500 -0.253936
0.319500 -0.253451
0.318500 -0.252964
0.317500 -0.252475
0.316500 -0.251984
0.315500 -0.251491
0.314500 -0.250996
0.313500 -0.250499
0.312500 -0.250000
0.311500 -0.249499
0.310500 -0.248996
0.309500 -0.248491
0.308500 -0.247984
0.307500 -0.247475
0.306500 -0.246964
0.305500 -0.246451
0.304500 -0.245936
0.303500 -0.245419
0.302500 -0.244900
0.301500 -0.244379
0.300500 -0.243856
0.299500 -0.243331
0.298500 -0.242804
0.297500 -0.242275
0.296500 -0.241744
0.295500 -0.241211
0.294500 -0.240676
0.293500 -0.240139
0.292500 -0.239600
0.291500 -0.239059
0.290500 -0.238516
0.289500 -0.237971
0.288500 -0.237424
0.287500 -0.236875
0.286500 -0.236324
0.285500 -0.235771
0.284500 -0.235216
0.283500 -0.234659
0.282500 -0.234100
0.281500 -0.233539
0.280500 -0.232976
0.279500 -0.232411
0.278500 -0.231844
0.277500 -0.231275
0.276500 -0.230704
0.275500 -0.230131
0.274500 -0.229556
0.273500 -0.228979
0.272500 -0.228400
0.271500 -0.227819
0.270500 -0.227236
0.269500 -0.226651
0.268500 -0.226064
0.267500 -0.225475
0.266500 -0.224884
0.265500 -0.224291
0.264500 -0.223696
0.263500 -0.223099
0.262500 -0.222500
0.261500 -0.221899
0.260500 -0.221296
0.259500 -0.220691
0.258500 -0.220084
0.257500 -0.219475
0.256500 -0.218864
0.255500 -0.218251
0.254500 -0.217636
0.253500 -0.217019
0.252500 -0.216400
0.251500 -0.215779
0.250500 -0.215156
0.249500 -0.214531
0.248500 -0.213904
0.247500 -0.213275
0.246500 -0.212644
0.245500 -0.212011
0.244500 -0.211376
0.243500 -0.210739
0.242500 -0.210100
0.241500 -0.209459
0.240500 -0.208816
0.239500 -0.208171
0.238500 -0.207524
0.237500 -0.206875
0.236500 -0.206224
0.235500 -0.205571
0.234500 -0.204916
0.233500 -0.204259
0.232500 -0.203600
0.231500 -0.202939
0.230500 -0.202276
0.229500 -0.201611
0.228500 -0.200944
0.227500 -0.200275
0.226500 -0.199604
0.225500 -0.198931
0.224500 -0.198256
0.223500 -0.197579
0.222500 -0.196900
0.221500 -0.196219
0.220500 -0.195536
0.219500 -0.194851
0.218500 -0.194164
0.217500 -0.193475
0.216500 -0.192784
0.215500 -0.192091
0.214500 -0.191396
0.213500 -0.190699
0.212500 -0.190000
0.211500 -0.189299
0.210500 -0.188596
0.209500 -0.187891
0.208500 -0.187184
0.207500 -0.186475
0.206500 -0.185764
0.205500 -0.185051
0.204500 -0.184336
0.203500 -0.183619
0.202500 -0.182900
0.201500 -0.182179
0.200500 -0.181456
0.199500 -0.180731
0.198500 -0.180004
0.197500 -0.179275
0.196500 -0.178544
0.195500 -0.177811
0.194500 -0.177076
0.193500 -0.176339
0.192500 -0.175600
0.191500 -0.174859
0.190500 -0.174116
0.189500 -0.173371
0.188500 -0.172624
0.187500 -0.171875
0.186500 -0.171124
0.185500 -0.170371
0.184500 -0.169616
0.183500 -0.168859
0.182500 -0.168100
0.181500 -0.167339
0.180500 -0.166576
0.179500 -0.165811
0.178500 -0.165044
0.177500 -0.164275
0.176500 -0.163504
0.175500 -0.162731
0.174500 -0.161956
0.173500 -0.161179
0.172500 -0.160400
0.171500 -0.159619
0.170500 -0.158836
0.169500 -0.158051
0.168500 -0.157264
0.167500 -0.156475
0.166500 -0.155684
0.165500 -0.154891
0.164500 -0.154096
0.163500 -0.153299
0.162500 -0.152500
0.161500 -0.151699
0.160500 -0.150896
0.159500 -0.150091
0.158500 -0.149284
0.157500 -0.148475
0.156500 -0.147664
0.155500 -0.146851
0.154500 -0.146036
0.153500 -0.145219
0.152500 -0.144400
0.151500 -0.143579
0.150500 -0.142756
0.149500 -0.141931
0.148500 -0.141104
0.147500 -0.140275
0.146500 -0.139444
0.145500 -0.138611
0.144500 -0.137776
0.143500 -0.136939
0.142500 -0.136100
0.141500 -0.135259
0.140500 -0.134416
0.139500 -0.133571
0.138500 -0.132724
0.137500 -0.131875
0.136500 -0.131024
0.135500 -0.130171
0.134500 -0.129316
0.133500 -0.128459
0.132500 -0.127600
0.131500 -0.126739
0.130500 -0.125876
0.129500 -0.125011
0.128500 -0.124144
0.127500 -0.123275
0.126500 -0.122404
0.125500 -0.121531
0.124500 -0.120656
0.123500 -0.119779
0.122500 -0.118900
0.121500 -0.118019
0.120500 -0.117136
0.119500 -0.116251
0.118500 -0.115364
0.117500 -0.114475
0.116500 -0.113584
0.115500 -0.112691
0.114500 -0.111796
0.113500 -0.110899
0.112500 -0.110000
0.111500 -0.109099
0.110500 -0.108196
0.109500 -0.107291
0.108500 -0.106384
0.107500 -0.105475
0.106500 -0.104564
0.105500 -0.103651
0.104500 -0.102736
0.103500 -0.101819
0.102500 -0.100900
0.101500 -0.099979
0.100500 -0.099056
0.099500 -0.098131
0.098500 -0.097204
0.097500 -0.096275
0.096500 -0.095344
0.095500 -0.094411
0.094500 -0.093476
0.093500 -0.092539
0.092500 -0.091600
0.091500 -0.090659
0.090500 -0.089716
0.089500 -0.088771
0.088500 -0.087824
0.087500 -0.086875
0.086500 -0.085924
0.085500 -0.084971
0.084500 -0.084016
0.083500 -0.083059
0.082500 -0.082100
0.081500 -0.081139
0.080500 -0.080176
0.079500 -0.079211
0.078500 -0.078244
0.077500 -0.077275
0.076500 -0.076304
0.075500 -0.075331
0.074500 -0.074356
0.073500 -0.073379
0.072500 -0.072400
0.071500 -0.071419
0.070500 -0.070436
0.069500 -0.069451
0.068500 -0.068464
0.067500 -0.067475
0.066500 -0.066484
0.065500 -0.065491
0.064500 -0.064496
0.063500 -0.063499
0.062500 -0.062500
0.061500 -0.061501
0.060500 -0.060504
0.059500 -0.059509
0.058500 -0.058516
0.057500 -0.057525
0.056500 -0.056536
0.055500 -0.055549
0.054500 -0.054564
0.053500 -0.053581
0.052500 -0.052600
0.051500 -0.051621
0.050500 -0.050644
0.049500 -0.049669
0.048500 -0.048696
0.047500 -0.047725
0.046500 -0.046756
0.045500 -0.045789
0.044500 -0.044824
0.043500 -0.043861
0.042500 -0.042900
0.041500 -0.041941
0.040500 -0.040984
0.039500 -0.040029
0.038500 -0.039076
0.037500 -0.038125
0.036500 -0.037176
0.035500 -0.036229
0.034500 -0.035284
0.033500 -0.034341
0.032500 -0.033400
0.031500 -0.032461
0.030500 -0.031524
0.029500 -0.030589
0.028500 -0.029656
0.027500 -0.028725
0.026500 -0.027796
0.025500 -0.026869
0.024500 -0.025944
0.023500 -0.025021
0.022500 -0.024100
0.021500 -0.023181
0.020500 -0.022264
0.019500 -0.021349
0.018500 -0.020436
0.017500 -0.019525
0.016500 -0.018616
0.015500 -0.017709
0.014500 -0.016804
0.013500 -0.015901
0.012500 -0.015000
0.011500 -0.014101
0.010500 -0.013204
0.009500 -0.012309
0.008500 -0.011416
0.007500 -0.010525
0.006500 -0.009636
0.005500 -0.008749
0.004500 -0.007864
0.003500 -0.006981
0.002500 -0.006100
0.001500 -0.005221
0.000500 -0.004344
-0.000500 -0.003469
-0.001500 -0.002596
-0.002500 -0.001725
-0.003500 -0.000856
-0.004500 0.000011
-0.005500 0.000876
-0.006500 0.001739
-0.007500 0.002600
-0.008500 0.003459
-0.009500 0.004316
-0.010500 0.005171
-0.011500 0.006024
-0.012500 0.006875
-0.013500 0.007724
-0.014500 0.008571
-0.015500 0.009416
-0.016500 0.010259
-0.017500 0.011100
-0.018500 0.011939
-0.019500 0.012776
-0.020500 0.013611
-0.021500 0.014444
-0.022500 0.015275
-0.023500 0.016104
-0.024500 0.016931
-0.025500 0.017756
-0.026500 0.018579
-0.027500 0.019400
-0.028500 0.020219
-0.029500 0.021036
-0.030500 0.021851
-0.031500 0.022664
-0.032500 0.023475
-0.033500 0.024284
-0.034500 0.025091
-0.035500 0.025896
-0.036500 0.026699
-0.037500 0.027500
-0.038500 0.028299
-0.039500 0.029096
-0.040500 0.029891
-0.041500 0.030684
-0.042500 0.031475
-0.043500 0.032264
-0.044500 0.033051
-0.045500 0.033836
-0.046500 0.034619
-0.047500 0.035400
-0.048500 0.036179
-0.049500 0.036956
-0.050500 0.037731
-0.051500 0.038504
-0.052500 0.039275
-0.053500 0.040044
-0.054500 0.040811
-0.055500 0.041576
-0.056500 0.042339
-0.057500 0.043100
-0.058500 0.043859
-0.059500 0.044616
-0.060500 0.045371
-0.061500 0.046124
-0.062500 0.046875
-0.063500 0.047624
-0.064500 0.048371
-0.065500 0.049116
-0.066500 0.049859
-0.067500 0.050600
-0.068500 0.051339
-0.069500 0.052076
-0.070500 0.052811
-0.071500 0.053544
-0.072500 0.054275
-0.073500 0.055004
-0.074500 0.055731
-0.075500 0.056456
-0.076500 0.057179
-0.077500 0.057900
-0.078500 0.058619
-0.079500 0.059336
-0.080500 0.060051
-0.081500 0.060764
-0.082500 0.061475
-0.083500 0.062184
-0.084500 0.062891
-0.085500 0.063596
-0.086500 0.064299
-0.087500 0.065000
-0.088500 0.065699
-0.089500 0.066396
-0.090500 0.067091
-0.091500 0.067784
-0.092500 0.068475
-0.093500 0.069164
-0.094500 0.069851
-0.095500 0.070536
-0.096500 0.071219
-0.097500 0.071900
-0.098500 0.072579
-0.099500 0.073256
-0.100500 0.073931
-0.101500 0.074604
-0.102500 0.075275
-0.103500 0.075944
-0.104500 0.076611
-0.105500 0.077276
-0.106500 0.077939
-0.107500 0.078600
-0.108500 0.079259
-0.109500 0.079916
-0.110500 0.080571
-0.111500 0.081224
-0.112500 0.081875
-0.113500 0.082524
-0.114500 0.083171
-0.115500 0.083816
-0.116500 0.084459
-0.117500 0.085100
-0.118500 0.085739
-0.119500 0.086376
-0.120500 0.087011
-0.121500 0.087644
-0.122500 0.088275
-0.123500 0.088904
-0.124500 0.089531
-0.125500 0.090156
-0.126500 0.090779
-0.127500 0.091400
-0.128500 0.092019
-0.129500 0.092636
-0.130500 0.093251
-0.131500 0.093864
-0.132500 0.094475
-0.133500 0.095084
-0.134500 0.095691
-0.135500 0.096296
-0.136500 0.096899
-0.137500 0.097500
-0.138500 0.098099
-0.139500 0.098696
-0.140500 0.099291
-0.141500 0.099884
-0.142500 0.100475
-0.143500 0.101064
-0.144500 0.101651
-0.145500 0.102236
-0.146500 0.102819
-0.147500 0.103400
-0.148500 0.103979
-0.149500 0.104556
-0.150500 0.105131
-0.151500 0.105704
-0.152500 0.106275
-0.153500 0.106844
-0.154500 0.107411
-0.155500 0.107976
-0.156500 0.108539
-0.157500 0.109100
-0.158500 0.109659
-0.159500 0.110216
-0.160500 0.110771
-0.161500 0.111324
-0.162500 0.111875
-0.163500 0.112424
-0.164500 0.112971
-0.165500 0.113516
-0.166500 0.114059
-0.167500 0.114600
-0.168500 0.115139
-0.169500 0.115676
-0.170500 0.116211
-0.171500 0.116744
-0.172500 0.117275
-0.173500 0.117804
-0.174500 0.118331
-0.175500 0.118856
-0.176500 0.119379
-0.177500 0.119900
-0.178500 0.120419
-0.179500 0.120936
-0.180500 0.121451
-0.181500 0.121964
-0.182500 0.122475
-0.183500 0.122984
-0.184500 0.123491
-0.185500 0.123996
-0.186500 0.124499
-0.187500 0.125000
-0.188500 0.125499
-0.189500 0.125996
-0.190500 0.126491
-0.191500 0.126984
-0.192500 0.127475
-0.193500 0.127964
-0.194500 0.128451
-0.195500 0.128936
-0.196500 0.129419
-0.197500 0.129900
-0.198500 0.130379
-0.199500 0.130856
-0.200500 0.131331
-0.201500 0.131804
-0.202500 0.132275
-0.203500 0.132744
-0.204500 0.133211
-0.205500 0.133676
-0.206500 0.134139
-0.207500 0.134600
-0.208500 0.135059
-0.209500 0.135516
-0.210500 0.135971
-0.211500 0.136424
-0.212500 0.136875
-0.213500 0.137324
-0.214500 0.137771
-0.215500 0.138216
-0.216500 0.138659
-0.217500 0.139100
-0.218500 0.139539
-0.219500 0.139976
-0.220500 0.140411
-0.221500 0.140844
-0.222500 0.141275
-0.223500 0.141704
-0.224500 0.142131
-0.225500 0.142556
-0.226500 0.142979
-0.227500 0.143400
-0.228500 0.143819
-0.229500 0.144236
-0.230500 0.144651
-0.231500 0.145064
-0.232500 0.145475
-0.233500 0.145884
-0.234500 0.146291
-0.235500 0.146696
-0.236500 0.147099
-0.237500 0.147500
-0.238500 0.147899
-0.239500 0.148296
-0.240500 0.148691
-0.241500 0.149084
-0.242500 0.149475
-0.243500 0.149864
-0.244500 0.150251
-0.245500 0.150636
-0.246500 0.151019
-0.247500 0.151400
-0.248500 0.151779
-0.249500 0.152156
-0.250500 0.152531
-0.251500 0.152904
-0.252500 0.153275
-0.253500 0.153644
-0.254500 0.154011
-0.255500 0.154376
-0.256500 0.154739
-0.257500 0.155100
-0.258500 0.155459
-0.259500 0.155816
-0.260500 0.156171
-0.261500 0.156524
-0.262500 0.156875
-0.263500 0.157224
-0.264500 0.157571
-0.265500 0.157916
-0.266500 0.158259
-0.267500 0.158600
-0.268500 0.158939
-0.269500 0.159276
-0.270500 0.159611
-0.271500 0.159944
-0.272500 0.160275
-0.273500 0.160604
-0.274500 0.160931
-0.275500 0.161256
-0.276500 0.161579
-0.277500 0.161900
-0.278500 0.162219
-0.279500 0.162536
-0.280500 0.162851
-0.281500 0.163164
-0.282500 0.163475
-0.283500 0.163784
-0.284500 0.164091
-0.285500 0.164396
-0.286500 0.164699
-0.287500 0.165000
-0.288500 0.165299
-0.289500 0.165596
-0.290500 0.165891
-0.291500 0.166184
-0.292500 0.166475
-0.293500 0.166764
-0.294500 0.167051
-0.295500 0.167336
-0.296500 0.167619
-0.297500 0.167900
-0.298500 0.168179
-0.299500 0.168456
-0.300500 0.168731
-0.301500 0.169004
-0.302500 0.169275
-0.303500 0.169544
-0.304500 0.169811
-0.305500 0.170076
-0.306500 0.170339
-0.307500 0.170600
-0.308500 0.170859
-0.309500 0.171116
-0.310500 0.171371
-0.311500 0.171624
-0.312500 0.171875
-0.313500 0.172124
-0.314500 0.172371
-0.315500 0.172616
-0.316500 0.172859
-0.317500 0.173100
-0.318500 0.173339
-0.319500 0.173576
-0.320500 0.173811
-0.321500 0.174044
-0.322500 0.174275
-0.323500 0.174504
-0.324500 0.174731
-0.325500 0.174956
-0.326500 0.175179
-0.327500 0.175400
-0.328500 0.175619
-0.329500 0.175836
-0.330500 0.176051
-0.331500 0.176264
-0.332500 0.176475
-0.333500 0.176684
-0.334500 0.176891
-0.335500 0.177096
-0.336500 0.177299
-0.337500 0.177500
-0.338500 0.177699
-0.339500 0.177896
-0.340500 0.178091
-0.341500 0.178284
-0.342500 0.178475
-0.343500 0.178664
-0.344500 0.178851
-0.345500 0.179036
-0.346500 0.179219
-0.347500 0.179400
-0.348500 0.179579
-0.349500 0.179756
-0.350500 0.179931
-0.351500 0.180104
-0.352500 0.180275
-0.353500 0.180444
-0.354500 0.180611
-0.355500 0.180776
-0.356500 0.180939
-0.357500 0.181100
-0.358500 0.181259
-0.359500 0.181416
-0.360500 0.181571
-0.361500 0.181724
-0.362500 0.181875
-0.363500 0.182024
-0.364500 0.182171
-0.365500 0.182316
-0.366500 0.182459
-0.367500 0.182600
-0.368500 0.182739
-0.369500 0.182876
-0.370500 0.183011
-0.371500 0.183144
-0.372500 0.183275
-0.373500 0.183404
-0.374500 0.183531
-0.375500 0.183656
-0.376500 0.183779
-0.377500 0.183900
-0.378500 0.184019
-0.379500 0.184136
-0.380500 0.184251
-0.381500 0.184364
-0.382500 0.184475
-0.383500 0.184584
-0.384500 0.184691
-0.385500 0.184796
-0.386500 0.184899
-0.387500 0.185000
-0.388500 0.185099
-0.389500 0.185196
-0.390500 0.185291
-0.391500 0.185384
-0.392500 0.185475
-0.393500 0.185564
-0.394500 0.185651
-0.395500 0.185736
-0.396500 0.185819
-0.397500 0.185900
-0.398500 0.185979
-0.399500 0.186056
-0.400500 0.186131
-0.401500 0.186204
-0.402500 0.186275
-0.403500 0.186344
-0.404500 0.186411
-0.405500 0.186476
-0.406500 0.186539
-0.407500 0.186600
-0.408500 0.186659
-0.409500 0.186716
-0.410500 0.186771
-0.411500 0.186824
-0.412500 0.186875
-0.413500 0.186924
-0.414500 0.186971
-0.415500 0.187016
-0.416500 0.187059
-0.417500 0.187100
-0.418500 0.187139
-0.419500 0.187176
-0.420500 0.187211
-0.421500 0.187244
-0.422500 0.187275
-0.423500 0.187304
-0.424500 0.187331
-0.425500 0.187356
-0.426500 0.187379
-0.427500 0.187400
-0.428500 0.187419
-0.429500 0.187436
-0.430500 0.187451
-0.431500 0.187464
-0.432500 0.187475
-0.433500 0.187484
-0.434500 0.187491
-0.435500 0.187496
-0.436500 0.187499
-0.437500 0.187500
-0.438500 0.187499
-0.439500 0.187496
-0.440500 0.187491
-0.441500 0.187484
-0.442500 0.187475
-0.443500 0.187464
-0.444500 0.187451
-0.445500 0.187436
-0.446500 0.187419
-0.447500 0.187400
-0.448500 0.187379
-0.449500 0.187356
-0.450500 0.187331
-0.451500 0.187304
-0.452500 0.187275
-0.453500 0.187244
-0.454500 0.187211
-0.455500 0.187176
-0.456500 0.187139
-0.457500 0.187100
-0.458500 0.187059
-0.459500 0.187016
-0.460500 0.186971
-0.461500 0.186924
-0.462500 0.186875
-0.463500 0.186824
-0.464500 0.186771
-0.465500 0.186716
-0.466500 0.186659
-0.467500 0.186600
-0.468500 0.186539
-0.469500 0.186476
-0.470500 0.186411
-0.471500 0.186344
-0.472500 0.186275
-0.473500 0.186204
-0.474500 0.186131
-0.475500 0.186056
-0.476500 0.185979
-0.477500 0.185900
-0.478500 0.185819
-0.479500 0.185736
-0.480500 0.185651
-0.481500 0.185564
-0.482500 0.185475
-0.483500 0.185384
-0.484500 0.185291
-0.485500 0.185196
-0.486500 0.185099
-0.487500 0.185000
-0.488500 0.184899
-0.489500 0.184796
-0.490500 0.184691
-0.491500 0.184584
-0.492500 0.184475
-0.493500 0.184364
-0.494500 0.184251
-0.495500 0.184136
-0.496500 0.184019
-0.497500 0.183900
-0.498500 0.183779
-0.499500 0.183656
-0.500500 0.183656
-0.501500 0.183779
-0.502500 0.183900
-0.503500 0.184019
-0.504500 0.184136
-0.505500 0.184251
-0.506500 0.184364
-0.507500 0.184475
-0.508500 0.184584
-0.509500 0.184691
-0.510500 0.184796
-0.511500 0.184899
-0.512500 0.185000
-0.513500 0.185099
-0.514500 0.185196
-0.515500 0.185291
-0.516500 0.185384
-0.517500 0.185475
-0.518500 0.185564
-0.519500 0.185651
-0.520500 0.185736
-0.521500 0.185819
-0.522500 0.185900
-0.523500 0.185979
-0.524500 0.186056
-0.525500 0.186131
-0.526500 0.186204
-0.527500 0.186275
-0.528500 0.186344
-0.529500 0.186411
-0.530500 0.186476
-0.531500 0.186539
-0.532500 0.186600
-0.533500 0.186659
-0.534500 0.186716
-0.535500 0.186771
-0.536500 0.186824
-0.537500 0.186875
-0.538500 0.186924
-0.539500 0.186971
-0.540500 0.187016
-0.541500 0.187059
-0.542500 0.187100
-0.543500 0.187139
-0.544500 0.187176
-0.545500 0.187211
-0.546500 0.187244
-0.547500 0.187275
-0.548500 0.187304
-0.549500 0.187331
-0.550500 0.187356
-0.551500 0.187379
-0.552500 0.187400
-0.553500 0.187419
-0.554500 0.187436
-0.555500 0.187451
-0.556500 0.187464
-0.557500 0.187475
-0.558500 0.187484
-0.559500 0.187491
-0.560500 0.187496
-0.561500 0.187499
-0.562500 0.187500
-0.563500 0.187499
-0.564500 0.187496
-0.565500 0.187491
-0.566500 0.187484
-0.567500 0.187475
-0.568500 0.187464
-0.569500 0.187451
-0.570500 0.187436
-0.571500 0.187419
-0.572500 0.187400
-0.573500 0.187379
-0.574500 0.187356
-0.575500 0.187331
-0.576500 0.187304
-0.577500 0.187275
-0.578500 0.187244
-0.579500 0.187211
-0.580500 0.187176
-0.581500 0.187139
-0.582500 0.187100
-0.583500 0.187059
-0.584500 0.187016
-0.585500 0.186971
-0.586500 0.186924
-0.587500 0.186875
-0.588500 0.186824
-0.589500 0.186771
-0.590500 0.186716
-0.591500 0.186659
-0.592500 0.186600
-0.593500 0.186539
-0.594500 0.186476
-0.595500 0.186411
-0.596500 0.186344
-0.597500 0.186275
-0.598500 0.186204
-0.599500 0.186131
-0.600500 0.186056
-0.601500 0.185979
-0.602500 0.185900
-0.603500 0.185819
-0.604500 0.185736
-0.605500 0.185651
-0.606500 0.185564
-0.607500 0.185475
-0.608500 0.185384
-0.609500 0.185291
-0.610500 0.185196
-0.611500 0.185099
-0.612500 0.185000
-0.613500 0.184899
-0.614500 0.184796
-0.615500 0.184691
-0.616500 0.184584
-0.617500 0.184475
-0.618500 0.184364
-0.619500 0.184251
-0.620500 0.184136
-0.621500 0.184019
-0.622500 0.183900
-0.623500 0.183779
-0.624500 0.183656
-0.625500 0.183531
-0.626500 0.183404
-0.627500 0.183275
-0.628500 0.183144
-0.629500 0.183011
-0.630500 0.182876
-0.631500 0.182739
-0.632500 0.182600
-0.633500 0.182459
-0.634500 0.182316
-0.635500 0.182171
-0.636500 0.182024
-0.637500 0.181875
-0.638500 0.181724
-0.639500 0.181571
-0.640500 0.181416
-0.641500 0.181259
-0.642500 0.181100
-0.643500 0.180939
-0.644500 0.180776
-0.645500 0.180611
-0.646500 0.180444
-0.647500 0.180275
-0.648500 0.180104
-0.649500 0.179931
-0.650500 0.179756
-0.651500 0.179579
-0.652500 0.179400
-0.653500 0.179219
-0.654500 0.179036
-0.655500 0.178851
-0.656500 0.178664
-0.657500 0.178475
-0.658500 0.178284
-0.659500 0.178091
-0.660500 0.177896
-0.661500 0.177699
-0.662500 0.177500
-0.663500 0.177299
-0.664500 0.177096
-0.665500 0.176891
-0.666500 0.176684
-0.667500 0.176475
-0.668500 0.176264
-0.669500 0.176051
-0.670500 0.175836
-0.671500 0.175619
-0.672500 0.175400
-0.673500 0.175179
-0.674500 0.174956
-0.675500 0.174731
-0.676500 0.174504
-0.677500 0.174275
-0.678500 0.174044
-0.679500 0.173811
-0.680500 0.173576
-0.681500 0.173339
-0.682500 0.173100
-0.683500 0.172859
-0.684500 0.172616
-0.685500 0.172371
-0.686500 0.172124
-0.687500 0.171875
-0.688500 0.171624
-0.689500 0.171371
-0.690500 0.171116
-0.691500 0.170859
-0.692500 0.170600
-0.693500 0.170339
-0.694500 0.170076
-0.695500 0.169811
-0.696500 0.169544
-0.697500 0.169275
-0.698500 0.169004
-0.699500 0.168731
-0.700500 0.168456
-0.701500 0.168179
-0.702500 0.167900
-0.703500 0.167619
-0.704500 0.167336
-0.705500 0.167051
-0.706500 0.166764
-0.707500 0.166475
-0.708500 0.166184
-0.709500 0.165891
-0.710500 0.165596
-0.711500 0.165299
-0.712500 0.165000
-0.713500 0.164699
-0.714500 0.164396
-0.715500 0.164091
-0.716500 0.163784
-0.717500 0.163475
-0.718500 0.163164
-0.719500 0.162851
-0.720500 0.162536
-0.721500 0.162219
-0.722500 0.161900
-0.723500 0.161579
-0.724500 0.161256
-0.725500 0.160931
-0.726500 0.160604
-0.727500 0.160275
-0.728500 0.159944
-0.729500 0.159611
-0.730500 0.159276
-0.731500 0.158939
-0.732500 0.158600
-0.733500 0.158259
-0.734500 0.157916
-0.735500 0.157571
-0.736500 0.157224
-0.737500 0.156875
-0.738500 0.156524
-0.739500 0.156171
-0.740500 0.155816
-0.741500 0.155459
-0.742500 0.155100
-0.743500 0.154739
-0.744500 0.154376
-0.745500 0.154011
-0.746500 0.153644
-0.747500 0.153275
-0.748500 0.152904
-0.749500 0.152531
-0.750500 0.152156
-0.751500 0.151779
-0.752500 0.151400
-0.753500 0.151019
-0.754500 0.150636
-0.755500 0.150251
-0.756500 0.149864
-0.757500 0.149475
-0.758500 0.149084
-0.759500 0.148691
-0.760500 0.148296
-0.761500 0.147899
-0.762500 0.147500
-0.763500 0.147099
-0.764500 0.146696
-0.765500 0.146291
-0.766500 0.145884
-0.767500 0.145475
-0.768500 0.145064
-0.769500 0.144651
-0.770500 0.144236
-0.771500 0.143819
-0.772500 0.143400
-0.773500 0.142979
-0.774500 0.142556
-0.775500 0.142131
-0.776500 0.141704
-0.777500 0.141275
-0.778500 0.140844
-0.779500 0.140411
-0.780500 0.139976
-0.781500 0.139539
-0.782500 0.139100
-0.783500 0.138659
-0.784500 0.138216
-0.785500 0.137771
-0.786500 0.137324
-0.787500 0.136875
-0.788500 0.136424
-0.789500 0.135971
-0.790500 0.135516
-0.791500 0.135059
-0.792500 0.134600
-0.793500 0.134139
-0.794500 0.133676
-0.795500 0.133211
-0.796500 0.132744
-0.797500 0.132275
-0.798500 0.131804
-0.799500 0.131331
-0.800500 0.130856
-0.801500 0.130379
-0.802500 0.129900
-0.803500 0.129419
-0.804500 0.128936
-0.805500 0.128451
-0.806500 0.127964
-0.807500 0.127475
-0.808500 0.126984
-0.809500 0.126491
-0.810500 0.125996
-0.811500 0.125499
-0.812500 0.125000
-0.813500 0.124499
-0.814500 0.123996
-0.815500 0.123491
-0.816500 0.122984
-0.817500 0.122475
-0.818500 0.121964
-0.819500 0.121451
-0.820500 0.120936
-0.821500 0.120419
-0.822500 0.119900
-0.823500 0.119379
-0.824500 0.118856
-0.825500 0.118331
-0.826500 0.117804
-0.827500 0.117275
-0.828500 0.116744
-0.829500 0.116211
-0.830500 0.115676
-0.831500 0.115139
-0.832500 0.114600
-0.833500 0.114059
-0.834500 0.113516
-0.835500 0.112971
-0.836500 0.112424
-0.837500 0.111875
-0.838500 0.111324
-0.839500 0.110771
-0.840500 0.110216
-0.841500 0.109659
-0.842500 0.109100
-0.843500 0.108539
-0.844500 0.107976
-0.845500 0.107411
-0.846500 0.106844
-0.847500 0.106275
-0.848500 0.105704
-0.849500 0.105131
-0.850500 0.104556
-0.851500 0.103979
-0.852500 0.103400
-0.853500 0.102819
-0.854500 0.102236
-0.855500 0.101651
-0.856500 0.101064
-0.857500 0.100475
-0.858500 0.099884
-0.859500 0.099291
-0.860500 0.098696
-0.861500 0.098099
-0.862500 0.097500
-0.863500 0.096899
-0.864500 0.096296
-0.865500 0.095691
-0.866500 0.095084
-0.867500 0.094475
-0.868500 0.093864
-0.869500 0.093251
-0.870500 0.092636
-0.871500 0.092019
-0.872500 0.091400
-0.873500 0.090779
-0.874500 0.090156
-0.875500 0.089531
-0.876500 0.088904
-0.877500 0.088275
-0.878500 0.087644
-0.879500 0.087011
-0.880500 0.086376
-0.881500 0.085739
-0.882500 0.085100
-0.883500 0.084459
-0.884500 0.083816
-0.885500 0.083171
-0.886500 0.082524
-0.887500 0.081875
-0.888500 0.081224
-0.889500 0.080571
-0.890500 0.079916
-0.891500 0.079259
-0.892500 0.078600
-0.893500 0.077939
-0.894500 0.077276
-0.895500 0.076611
-0.896500 0.075944
-0.897500 0.075275
-0.898500 0.074604
-0.899500 0.073931
-0.900500 0.073256
-0.901500 0.072579
-0.902500 0.071900
-0.903500 0.071219
-0.904500 0.070536
-0.905500 0.069851
-0.906500 0.069164
-0.907500 0.068475
-0.908500 0.067784
-0.909500 0.067091
-0.910500 0.066396
-0.911500 0.065699
-0.912500 0.065000
-0.913500 0.064299
-0.914500 0.063596
-0.915500 0.062891
-0.916500 0.062184
-0.917500 0.061475
-0.918500 0.060764
-0.919500 0.060051
-0.920500 0.059336
-0.921500 0.058619
-0.922500 0.057900
-0.923500 0.057179
-0.924500 0.056456
-0.925500 0.055731
-0.926500 0.055004
-0.927500 0.054275
-0.928500 0.053544
-0.929500 0.052811
-0.930500 0.052076
-0.931500 0.051339
-0.932500 0.050600
-0.933500 0.049859
-0.934500 0.049116
-0.935500 0.048371
-0.936500 0.047624
-0.937500 0.046875
