-0.375000 0.437500
-0.374000 0.437001
-0.373000 0.436504
-0.372000 0.436009
-0.371000 0.435516
-0.370000 0.435025
-0.369000 0.434536
-0.368000 0.434049
-0.367000 0.433564
-0.366000 0.433081
-0.365000 0.432600
-0.364000 0.432121
-0.363000 0.431644
-0.362000 0.431169
-0.361000 0.430696
-0.360000 0.430225
-0.359000 0.429756
-0.358000 0.429289
-0.357000 0.428824
-0.356000 0.428361
-0.355000 0.427900
-0.354000 0.427441
-0.353000 0.426984
-0.352000 0.426529
-0.351000 0.426076
-0.350000 0.425625
-0.349000 0.425176
-0.348000 0.424729
-0.347000 0.424284
-0.346000 0.423841
-0.345000 0.423400
-0.344000 0.422961
-0.343000 0.422524
-0.342000 0.422089
-0.341000 0.421656
-0.340000 0.421225
-0.339000 0.420796
-0.338000 0.420369
-0.337000 0.419944
-0.336000 0.419521
-0.335000 0.419100
-0.334000 0.418681
-0.333000 0.418264
-0.332000 0.417849
-0.331000 0.417436
-0.330000 0.417025
-0.329000 0.416616
-0.328000 0.416209
-0.327000 0.415804
-0.326000 0.415401
-0.325000 0.415000
-0.324000 0.414601
-0.323000 0.414204
-0.322000 0.413809
-0.321000 0.413416
-0.320000 0.413025
-0.319000 0.412636
-0.318000 0.412249
-0.317000 0.411864
-0.316000 0.411481
-0.315000 0.411100
-0.314000 0.410721
-0.313000 0.410344
-0.312000 0.409969
-0.311000 0.409596
-0.310000 0.409225
-0.309000 0.408856
-0.308000 0.408489
-0.307000 0.408124
-0.306000 0.407761
-0.305000 0.407400
-0.304000 0.407041
-0.303000 0.406684
-0.302000 0.406329
-0.301000 0.405976
-0.300000 0.405625
-0.299000 0.405276
-0.298000 0.404929
-0.297000 0.404584
-0.296000 0.404241
-0.295000 0.403900
-0.294000 0.403561
-0.293000 0.403224
-0.292000 0.402889
-0.291000 0.402556
-0.290000 0.402225
-0.289000 0.401896
-0.288000 0.401569
-0.287000 0.401244
-0.286000 0.400921
-0.285000 0.400600
-0.284000 0.400281
-0.283000 0.399964
-0.282000 0.399649
-0.281000 0.399336
-0.280000 0.399025
-0.279000 0.398716
-0.278000 0.398409
-0.277000 0.398104
-0.276000 0.397801
-0.275000 0.397500
-0.274000 0.397201
-0.273000 0.396904
-0.272000 0.396609
-0.271000 0.396316
-0.270000 0.396025
-0.269000 0.395736
-0.268000 0.395449
-0.267000 0.395164
-0.266000 0.394881
-0.265000 0.394600
-0.264000 0.394321
-0.263000 0.394044
-0.262000 0.393769
-0.261000 0.393496
-0.260000 0.393225
-0.259000 0.392956
-0.258000 0.392689
-0.257000 0.392424
-0.256000 0.392161
-0.255000 0.391900
-0.254000 0.391641
-0.253000 0.391384
-0.252000 0.391129
-0.251000 0.390876
-0.250000 0.390625
-0.249000 0.390376
-0.248000 0.390129
-0.247000 0.389884
-0.246000 0.389641
-0.245000 0.389400
-0.244000 0.389161
-0.243000 0.388924
-0.242000 0.388689
-0.241000 0.388456
-0.240000 0.388225
-0.239000 0.387996
-0.238000 0.387769
-0.237000 0.387544
-0.236000 0.387321
-0.235000 0.387100
-0.234000 0.386881
-0.233000 0.386664
-0.232000 0.386449
-0.231000 0.386236
-0.230000 0.386025
-0.229000 0.385816
-0.228000 0.385609
-0.227000 0.385404
-0.226000 0.385201
-0.225000 0.385000
-0.224000 0.384801
-0.223000 0.384604
-0.222000 0.384409
-0.221000 0.384216
-0.220000 0.384025
-0.219000 0.383836
-0.218000 0.383649
-0.217000 0.383464
-0.216000 0.383281
-0.215000 0.383100
-0.214000 0.382921
-0.213000 0.382744
-0.212000 0.382569
-0.211000 0.382396
-0.210000 0.382225
-0.209000 0.382056
-0.208000 0.381889
-0.207000 0.381724
-0.206000 0.381561
-0.205000 0.381400
-0.204000 0.381241
-0.203000 0.381084
-0.202000 0.380929
-0.201000 0.380776
-0.200000 0.380625
-0.199000 0.380476
-0.198000 0.380329
-0.197000 0.380184
-0.196000 0.380041
-0.195000 0.379900
-0.194000 0.379761
-0.193000 0.379624
-0.192000 0.379489
-0.191000 0.379356
-0.190000 0.379225
-0.189000 0.379096
-0.188000 0.378969
-0.187000 0.378844
-0.186000 0.378721
-0.185000 0.378600
-0.184000 0.378481
-0.183000 0.378364
-0.182000 0.378249
-0.181000 0.378136
-0.180000 0.378025
-0.179000 0.377916
-0.178000 0.377809
-0.177000 0.377704
-0.176000 0.377601
-0.175000 0.377500
-0.174000 0.377401
-0.173000 0.377304
-0.172000 0.377209
-0.171000 0.377116
-0.170000 0.377025
-0.169000 0.376936
-0.168000 0.376849
-0.167000 0.376764
-0.166000 0.376681
-0.165000 0.376600
-0.164000 0.376521
-0.163000 0.376444
-0.162000 0.376369
-0.161000 0.376296
-0.160000 0.376225
-0.159000 0.376156
-0.158000 0.376089
-0.157000 0.376024
-0.156000 0.375961
-0.155000 0.375900
-0.154000 0.375841
-0.153000 0.375784
-0.152000 0.375729
-0.151000 0.375676
-0.150000 0.375625
-0.149000 0.375576
-0.148000 0.375529
-0.147000 0.375484
-0.146000 0.375441
-0.145000 0.375400
-0.144000 0.375361
-0.143000 0.375324
-0.142000 0.375289
-0.141000 0.375256
-0.140000 0.375225
-0.139000 0.375196
-0.138000 0.375169
-0.137000 0.375144
-0.136000 0.375121
-0.135000 0.375100
-0.134000 0.375081
-0.133000 0.375064
-0.132000 0.375049
-0.131000 0.375036
-0.130000 0.375025
-0.129000 0.375016
-0.128000 0.375009
-0.127000 0.375004
-0.126000 0.375001
-0.125000 0.375000
-0.124000 0.375001
-0.123000 0.375004
-0.122000 0.375009
-0.121000 0.375016
-0.120000 0.375025
-0.119000 0.375036
-0.118000 0.375049
-0.117000 0.375064
-0.116000 0.375081
-0.115000 0.375100
-0.114000 0.375121
-0.113000 0.375144
-0.112000 0.375169
-0.111000 0.375196
-0.110000 0.375225
-0.109000 0.375256
-0.108000 0.375289
-0.107000 0.375324
-0.106000 0.375361
-0.105000 0.375400
-0.104000 0.375441
-0.103000 0.375484
-0.102000 0.375529
-0.101000 0.375576
-0.100000 0.375625
-0.099000 0.375676
-0.098000 0.375729
-0.097000 0.375784
-0.096000 0.375841
-0.095000 0.375900
-0.094000 0.375961
-0.093000 0.376024
-0.092000 0.376089
-0.091000 0.376156
-0.090000 0.376225
-0.089000 0.376296
-0.088000 0.376369
-0.087000 0.376444
-0.086000 0.376521
-0.085000 0.376600
-0.084000 0.376681
-0.083000 0.376764
-0.082000 0.376849
-0.081000 0.376936
-0.080000 0.377025
-0.079000 0.377116
-0.078000 0.377209
-0.077000 0.377304
-0.076000 0.377401
-0.075000 0.377500
-0.074000 0.377601
-0.073000 0.377704
-0.072000 0.377809
-0.071000 0.377916
-0.070000 0.378025
-0.069000 0.378136
-0.068000 0.378249
-0.067000 0.378364
-0.066000 0.378481
-0.065000 0.378600
-0.064000 0.378721
-0.063000 0.378844
-0.062000 0.378844
-0.061000 0.378721
-0.060000 0.378600
-0.059000 0.378481
-0.058000 0.378364
-0.057000 0.378249
-0.056000 0.378136
-0.055000 0.378025
-0.054000 0.377916
-0.053000 0.377809
-0.052000 0.377704
-0.051000 0.377601
-0.050000 0.377500
-0.049000 0.377401
-0.048000 0.377304
-0.047000 0.377209
-0.046000 0.377116
-0.045000 0.377025
-0.044000 0.376936
-0.043000 0.376849
-0.042000 0.376764
-0.041000 0.376681
-0.040000 0.376600
-0.039000 0.376521
-0.038000 0.376444
-0.037000 0.376369
-0.036000 0.376296
-0.035000 0.376225
-0.034000 0.376156
-0.033000 0.376089
-0.032000 0.376024
-0.031000 0.375961
-0.030000 0.375900
-0.029000 0.375841
-0.028000 0.375784
-0.027000 0.375729
-0.026000 0.375676
-0.025000 0.375625
-0.024000 0.375576
-0.023000 0.375529
-0.022000 0.375484
-0.021000 0.375441
-0.020000 0.375400
-0.019000 0.375361
-0.018000 0.375324
-0.017000 0.375289
-0.016000 0.375256
-0.015000 0.375225
-0.014000 0.375196
-0.013000 0.375169
-0.012000 0.375144
-0.011000 0.375121
-0.010000 0.375100
-0.009000 0.375081
-0.008000 0.375064
-0.007000 0.375049
-0.006000 0.375036
-0.005000 0.375025
-0.004000 0.375016
-0.003000 0.375009
-0.002000 0.375004
-0.001000 0.375001
0.000000 0.375000
0.001000 0.375001
0.002000 0.375004
0.003000 0.375009
0.004000 0.375016
0.005000 0.375025
0.006000 0.375036
0.007000 0.375049
0.008000 0.375064
0.009000 0.375081
0.010000 0.375100
0.011000 0.375121
0.012000 0.375144
0.013000 0.375169
0.014000 0.375196
0.015000 0.375225
0.016000 0.375256
0.017000 0.375289
0.018000 0.375324
0.019000 0.375361
0.020000 0.375400
0.021000 0.375441
0.022000 0.375484
0.023000 0.375529
0.024000 0.375576
0.025000 0.375625
0.026000 0.375676
0.027000 0.375729
0.028000 0.375784
0.029000 0.375841
0.030000 0.375900
0.031000 0.375961
0.032000 0.376024
0.033000 0.376089
0.034000 0.376156
0.035000 0.376225
0.036000 0.376296
0.037000 0.376369
0.038000 0.376444
0.039000 0.376521
0.040000 0.376600
0.041000 0.376681
0.042000 0.376764
0.043000 0.376849
0.044000 0.376936
0.045000 0.377025
0.046000 0.377116
0.047000 0.377209
0.048000 0.377304
0.049000 0.377401
0.050000 0.377500
0.051000 0.377601
0.052000 0.377704
0.053000 0.377809
0.054000 0.377916
0.055000 0.378025
0.056000 0.378136
0.057000 0.378249
0.058000 0.378364
0.059000 0.378481
0.060000 0.378600
0.061000 0.378721
0.062000 0.378844
0.063000 0.378844
0.064000 0.378721
0.065000 0.378600
0.066000 0.378481
0.067000 0.378364
0.068000 0.378249
0.069000 0.378136
0.070000 0.378025
0.071000 0.377916
0.072000 0.377809
0.073000 0.377704
0.074000 0.377601
0.075000 0.377500
0.076000 0.377401
0.077000 0.377304
0.078000 0.377209
0.079000 0.377116
0.080000 0.377025
0.081000 0.376936
0.082000 0.376849
0.083000 0.376764
0.084000 0.376681
0.085000 0.376600
0.086000 0.376521
0.087000 0.376444
0.088000 0.376369
0.089000 0.376296
0.090000 0.376225
0.091000 0.376156
0.092000 0.376089
0.093000 0.376024
0.094000 0.375961
0.095000 0.375900
0.096000 0.375841
0.097000 0.375784
0.098000 0.375729
0.099000 0.375676
0.100000 0.375625
0.101000 0.375576
0.102000 0.375529
0.103000 0.375484
0.104000 0.375441
0.105000 0.375400
0.106000 0.375361
0.107000 0.375324
0.108000 0.375289
0.109000 0.375256
0.110000 0.375225
0.111000 0.375196
0.112000 0.375169
0.113000 0.375144
0.114000 0.375121
0.115000 0.375100
0.116000 0.375081
0.117000 0.375064
0.118000 0.375049
0.119000 0.375036
0.120000 0.375025
0.121000 0.375016
0.122000 0.375009
0.123000 0.375004
0.124000 0.375001
0.125000 0.375000
0.126000 0.375001
0.127000 0.375004
0.128000 0.375009
0.129000 0.375016
0.130000 0.375025
0.131000 0.375036
0.132000 0.375049
0.133000 0.375064
0.134000 0.375081
0.135000 0.375100
0.136000 0.375121
0.137000 0.375144
0.138000 0.375169
0.139000 0.375196
0.140000 0.375225
0.141000 0.375256
0.142000 0.375289
0.143000 0.375324
0.144000 0.375361
0.145000 0.375400
0.146000 0.375441
0.147000 0.375484
0.148000 0.375529
0.149000 0.375576
0.150000 0.375625
0.151000 0.375676
0.152000 0.375729
0.153000 0.375784
0.154000 0.375841
0.155000 0.375900
0.156000 0.375961
0.157000 0.376024
0.158000 0.376089
0.159000 0.376156
0.160000 0.376225
0.161000 0.376296
0.162000 0.376369
0.163000 0.376444
0.164000 0.376521
0.165000 0.376600
0.166000 0.376681
0.167000 0.376764
0.168000 0.376849
0.169000 0.376936
0.170000 0.377025
0.171000 0.377116
0.172000 0.377209
0.173000 0.377304
0.174000 0.377401
0.175000 0.377500
0.176000 0.377601
0.177000 0.377704
0.178000 0.377809
0.179000 0.377916
0.180000 0.378025
0.181000 0.378136
0.182000 0.378249
0.183000 0.378364
0.184000 0.378481
0.185000 0.378600
0.186000 0.378721
0.187000 0.378844
0.188000 0.378844
0.189000 0.378721
0.190000 0.378600
0.191000 0.378481
0.192000 0.378364
0.193000 0.378249
0.194000 0.378136
0.195000 0.378025
0.196000 0.377916
0.197000 0.377809
0.198000 0.377704
0.199000 0.377601
0.200000 0.377500
0.201000 0.377401
0.202000 0.377304
0.203000 0.377209
0.204000 0.377116
0.205000 0.377025
0.206000 0.376936
0.207000 0.376849
0.208000 0.376764
0.209000 0.376681
0.210000 0.376600
0.211000 0.376521
0.212000 0.376444
0.213000 0.376369
0.214000 0.376296
0.215000 0.376225
0.216000 0.376156
0.217000 0.376089
0.218000 0.376024
0.219000 0.375961
0.220000 0.375900
0.221000 0.375841
0.222000 0.375784
0.223000 0.375729
0.224000 0.375676
0.225000 0.375625
0.226000 0.375576
0.227000 0.375529
0.228000 0.375484
0.229000 0.375441
0.230000 0.375400
0.231000 0.375361
0.232000 0.375324
0.233000 0.375289
0.234000 0.375256
0.235000 0.375225
0.236000 0.375196
0.237000 0.375169
0.238000 0.375144
0.239000 0.375121
0.240000 0.375100
0.241000 0.375081
0.242000 0.375064
0.243000 0.375049
0.244000 0.375036
0.245000 0.375025
0.246000 0.375016
0.247000 0.375009
0.248000 0.375004
0.249000 0.375001
0.250000 0.375000
0.251000 0.375001
0.252000 0.375004
0.253000 0.375009
0.254000 0.375016
0.255000 0.375025
0.256000 0.375036
0.257000 0.375049
0.258000 0.375064
0.259000 0.375081
0.260000 0.375100
0.261000 0.375121
0.262000 0.375144
0.263000 0.375169
0.264000 0.375196
0.265000 0.375225
0.266000 0.375256
0.267000 0.375289
0.268000 0.375324
0.269000 0.375361
0.270000 0.375400
0.271000 0.375441
0.272000 0.375484
0.273000 0.375529
0.274000 0.375576
0.275000 0.375625
0.276000 0.375676
0.277000 0.375729
0.278000 0.375784
0.279000 0.375841
0.280000 0.375900
0.281000 0.375961
0.282000 0.376024
0.283000 0.376089
0.284000 0.376156
0.285000 0.376225
0.286000 0.376296
0.287000 0.376369
0.288000 0.376444
0.289000 0.376521
0.290000 0.376600
0.291000 0.376681
0.292000 0.376764
0.293000 0.376849
0.294000 0.376936
0.295000 0.377025
0.296000 0.377116
0.297000 0.377209
0.298000 0.377304
0.299000 0.377401
0.300000 0.377500
0.301000 0.377601
0.302000 0.377704
0.303000 0.377809
0.304000 0.377916
0.305000 0.378025
0.306000 0.378136
0.307000 0.378249
0.308000 0.378364
0.309000 0.378481
0.310000 0.378600
0.311000 0.378721
0.312000 0.378844
0.313000 0.378844
0.314000 0.378721
0.315000 0.378600
0.316000 0.378481
0.317000 0.378364
0.318000 0.378249
0.319000 0.378136
0.320000 0.378025
0.321000 0.377916
0.322000 0.377809
0.323000 0.377704
0.324000 0.377601
0.325000 0.377500
0.326000 0.377401
0.327000 0.377304
0.328000 0.377209
0.329000 0.377116
0.330000 0.377025
0.331000 0.376936
0.332000 0.376849
0.333000 0.376764
0.334000 0.376681
0.335000 0.376600
0.336000 0.376521
0.337000 0.376444
0.338000 0.376369
0.339000 0.376296
0.340000 0.376225
0.341000 0.376156
0.342000 0.376089
0.343000 0.376024
0.344000 0.375961
0.345000 0.375900
0.346000 0.375841
0.347000 0.375784
0.348000 0.375729
0.349000 0.375676
0.350000 0.375625
0.351000 0.375576
0.352000 0.375529
0.353000 0.375484
0.354000 0.375441
0.355000 0.375400
0.356000 0.375361
0.357000 0.375324
0.358000 0.375289
0.359000 0.375256
0.360000 0.375225
0.361000 0.375196
0.362000 0.375169
0.363000 0.375144
0.364000 0.375121
0.365000 0.375100
0.366000 0.375081
0.367000 0.375064
0.368000 0.375049
0.369000 0.375036
0.370000 0.375025
0.371000 0.375016
0.372000 0.375009
0.373000 0.375004
0.374000 0.375001
0.374000 -0.437001
0.373000 -0.436504
0.372000 -0.436009
0.371000 -0.435516
0.370000 -0.435025
0.369000 -0.434536
0.368000 -0.434049
0.367000 -0.433564
0.366000 -0.433081
0.365000 -0.432600
0.364000 -0.432121
0.363000 -0.431644
0.362000 -0.431169
0.361000 -0.430696
0.360000 -0.430225
0.359000 -0.429756
0.358000 -0.429289
0.357000 -0.428824
0.356000 -0.428361
0.355000 -0.427900
0.354000 -0.427441
0.353000 -0.426984
0.352000 -0.426529
0.351000 -0.426076
0.350000 -0.425625
0.349000 -0.425176
0.348000 -0.424729
0.347000 -0.424284
0.346000 -0.423841
0.345000 -0.423400
0.344000 -0.422961
0.343000 -0.422524
0.342000 -0.422089
0.341000 -0.421656
0.340000 -0.421225
0.339000 -0.420796
0.338000 -0.420369
0.337000 -0.419944
0.336000 -0.419521
0.335000 -0.419100
0.334000 -0.418681
0.333000 -0.418264
0.332000 -0.417849
0.331000 -0.417436
0.330000 -0.417025
0.329000 -0.416616
0.328000 -0.416209
0.327000 -0.415804
0.326000 -0.415401
0.325000 -0.415000
0.324000 -0.414601
0.323000 -0.414204
0.322000 -0.413809
0.321000 -0.413416
0.320000 -0.413025
0.319000 -0.412636
0.318000 -0.412249
0.317000 -0.411864
0.316000 -0.411481
0.315000 -0.411100
0.314000 -0.410721
0.313000 -0.410344
0.312000 -0.409969
0.311000 -0.409596
0.310000 -0.409225
0.309000 -0.408856
0.308000 -0.408489
0.307000 -0.408124
0.306000 -0.407761
0.305000 -0.407400
0.304000 -0.407041
0.303000 -0.406684
0.302000 -0.406329
0.301000 -0.405976
0.300000 -0.405625
0.299000 -0.405276
0.298000 -0.404929
0.297000 -0.404584
0.296000 -0.404241
0.295000 -0.403900
0.294000 -0.403561
0.293000 -0.403224
0.292000 -0.402889
0.291000 -0.402556
0.290000 -0.402225
0.289000 -0.401896
0.288000 -0.401569
0.287000 -0.401244
0.286000 -0.400921
0.285000 -0.400600
0.284000 -0.400281
0.283000 -0.399964
0.282000 -0.399649
0.281000 -0.399336
0.280000 -0.399025
0.279000 -0.398716
0.278000 -0.398409
0.277000 -0.398104
0.276000 -0.397801
0.275000 -0.397500
0.274000 -0.397201
0.273000 -0.396904
0.272000 -0.396609
0.271000 -0.396316
0.270000 -0.396025
0.269000 -0.395736
0.268000 -0.395449
0.267000 -0.395164
0.266000 -0.394881
0.265000 -0.394600
0.264000 -0.394321
0.263000 -0.394044
0.262000 -0.393769
0.261000 -0.393496
0.260000 -0.393225
0.259000 -0.392956
0.258000 -0.392689
0.257000 -0.392424
0.256000 -0.392161
0.255000 -0.391900
0.254000 -0.391641
0.253000 -0.391384
0.252000 -0.391129
0.251000 -0.390876
0.250000 -0.390625
0.249000 -0.390376
0.248000 -0.390129
0.247000 -0.389884
0.246000 -0.389641
0.245000 -0.389400
0.244000 -0.389161
0.243000 -0.388924
0.242000 -0.388689
0.241000 -0.388456
0.240000 -0.388225
0.239000 -0.387996
0.238000 -0.387769
0.237000 -0.387544
0.236000 -0.387321
0.235000 -0.387100
0.234000 -0.386881
0.233000 -0.386664
0.232000 -0.386449
0.231000 -0.386236
0.230000 -0.386025
0.229000 -0.385816
0.228000 -0.385609
0.227000 -0.385404
0.226000 -0.385201
0.225000 -0.385000
0.224000 -0.384801
0.223000 -0.384604
0.222000 -0.384409
0.221000 -0.384216
0.220000 -0.384025
0.219000 -0.383836
0.218000 -0.383649
0.217000 -0.383464
0.216000 -0.383281
0.215000 -0.383100
0.214000 -0.382921
0.213000 -0.382744
0.212000 -0.382569
0.211000 -0.382396
0.210000 -0.382225
0.209000 -0.382056
0.208000 -0.381889
0.207000 -0.381724
0.206000 -0.381561
0.205000 -0.381400
0.204000 -0.381241
0.203000 -0.381084
0.202000 -0.380929
0.201000 -0.380776
0.200000 -0.380625
0.199000 -0.380476
0.198000 -0.380329
0.197000 -0.380184
0.196000 -0.380041
0.195000 -0.379900
0.194000 -0.379761
0.193000 -0.379624
0.192000 -0.379489
0.191000 -0.379356
0.190000 -0.379225
0.189000 -0.379096
0.188000 -0.378969
0.187000 -0.378844
0.186000 -0.378721
0.185000 -0.378600
0.184000 -0.378481
0.183000 -0.378364
0.182000 -0.378249
0.181000 -0.378136
0.180000 -0.378025
0.179000 -0.377916
0.178000 -0.377809
0.177000 -0.377704
0.176000 -0.377601
0.175000 -0.377500
0.174000 -0.377401
0.173000 -0.377304
0.172000 -0.377209
0.171000 -0.377116
0.170000 -0.377025
0.169000 -0.376936
0.168000 -0.376849
0.167000 -0.376764
0.166000 -0.376681
0.165000 -0.376600
0.164000 -0.376521
0.163000 -0.376444
0.162000 -0.376369
0.161000 -0.376296
0.160000 -0.376225
0.159000 -0.376156
0.158000 -0.376089
0.157000 -0.376024
0.156000 -0.375961
0.155000 -0.375900
0.154000 -0.375841
0.153000 -0.375784
0.152000 -0.375729
0.151000 -0.375676
0.150000 -0.375625
0.149000 -0.375576
0.148000 -0.375529
0.147000 -0.375484
0.146000 -0.375441
0.145000 -0.375400
0.144000 -0.375361
0.143000 -0.375324
0.142000 -0.375289
0.141000 -0.375256
0.140000 -0.375225
0.139000 -0.375196
0.138000 -0.375169
0.137000 -0.375144
0.136000 -0.375121
0.135000 -0.375100
0.134000 -0.375081
0.133000 -0.375064
0.132000 -0.375049
0.131000 -0.375036
0.130000 -0.375025
0.129000 -0.375016
0.128000 -0.375009
0.127000 -0.375004
0.126000 -0.375001
0.125000 -0.375000
0.124000 -0.375001
0.123000 -0.375004
0.122000 -0.375009
0.121000 -0.375016
0.120000 -0.375025
0.119000 -0.375036
0.118000 -0.375049
0.117000 -0.375064
0.116000 -0.375081
0.115000 -0.375100
0.114000 -0.375121
0.113000 -0.375144
0.112000 -0.375169
0.111000 -0.375196
0.110000 -0.375225
0.109000 -0.375256
0.108000 -0.375289
0.107000 -0.375324
0.106000 -0.375361
0.105000 -0.375400
0.104000 -0.375441
0.103000 -0.375484
0.102000 -0.375529
0.101000 -0.375576
0.100000 -0.375625
0.099000 -0.375676
0.098000 -0.375729
0.097000 -0.375784
0.096000 -0.375841
0.095000 -0.375900
0.094000 -0.375961
0.093000 -0.376024
0.092000 -0.376089
0.091000 -0.376156
0.090000 -0.376225
0.089000 -0.376296
0.088000 -0.376369
0.087000 -0.376444
0.086000 -0.376521
0.085000 -0.376600
0.084000 -0.376681
0.083000 -0.376764
0.082000 -0.376849
0.081000 -0.376936
0.080000 -0.377025
0.079000 -0.377116
0.078000 -0.377209
0.077000 -0.377304
0.076000 -0.377401
0.075000 -0.377500
0.074000 -0.377601
0.073000 -0.377704
0.072000 -0.377809
0.071000 -0.377916
0.070000 -0.378025
0.069000 -0.378136
0.068000 -0.378249
0.067000 -0.378364
0.066000 -0.378481
0.065000 -0.378600
0.064000 -0.378721
0.063000 -0.378844
0.062000 -0.378844
0.061000 -0.378721
0.060000 -0.378600
0.059000 -0.378481
0.058000 -0.378364
0.057000 -0.378249
0.056000 -0.378136
0.055000 -0.378025
0.054000 -0.377916
0.053000 -0.377809
0.052000 -0.377704
0.051000 -0.377601
0.050000 -0.377500
0.049000 -0.377401
0.048000 -0.377304
0.047000 -0.377209
0.046000 -0.377116
0.045000 -0.377025
0.044000 -0.376936
0.043000 -0.376849
0.042000 -0.376764
0.041000 -0.376681
0.040000 -0.376600
0.039000 -0.376521
0.038000 -0.376444
0.037000 -0.376369
0.036000 -0.376296
0.035000 -0.376225
0.034000 -0.376156
0.033000 -0.376089
0.032000 -0.376024
0.031000 -0.375961
0.030000 -0.375900
0.029000 -0.375841
0.028000 -0.375784
0.027000 -0.375729
0.026000 -0.375676
0.025000 -0.375625
0.024000 -0.375576
0.023000 -0.375529
0.022000 -0.375484
0.021000 -0.375441
0.020000 -0.375400
0.019000 -0.375361
0.018000 -0.375324
0.017000 -0.375289
0.016000 -0.375256
0.015000 -0.375225
0.014000 -0.375196
0.013000 -0.375169
0.012000 -0.375144
0.011000 -0.375121
0.010000 -0.375100
0.009000 -0.375081
0.008000 -0.375064
0.007000 -0.375049
0.006000 -0.375036
0.005000 -0.375025
0.004000 -0.375016
0.003000 -0.375009
0.002000 -0.375004
0.001000 -0.375001
0.000000 -0.375000
-0.001000 -0.375001
-0.002000 -0.375004
-0.003000 -0.375009
-0.004000 -0.375016
-0.005000 -0.375025
-0.006000 -0.375036
-0.007000 -0.375049
-0.008000 -0.375064
-0.009000 -0.375081
-0.010000 -0.375100
-0.011000 -0.375121
-0.012000 -0.375144
-0.013000 -0.375169
-0.014000 -0.375196
-0.015000 -0.375225
-0.016000 -0.375256
-0.017000 -0.375289
-0.018000 -0.375324
-0.019000 -0.375361
-0.020000 -0.375400
-0.021000 -0.375441
-0.022000 -0.375484
-0.023000 -0.375529
-0.024000 -0.375576
-0.025000 -0.375625
-0.026000 -0.375676
-0.027000 -0.375729
-0.028000 -0.375784
-0.029000 -0.375841
-0.030000 -0.375900
-0.031000 -0.375961
-0.032000 -0.376024
-0.033000 -0.376089
-0.034000 -0.376156
-0.035000 -0.376225
-0.036000 -0.376296
-0.037000 -0.376369
-0.038000 -0.376444
-0.039000 -0.376521
-0.040000 -0.376600
-0.041000 -0.376681
-0.042000 -0.376764
-0.043000 -0.376849
-0.044000 -0.376936
-0.045000 -0.377025
-0.046000 -0.377116
-0.047000 -0.377209
-0.048000 -0.377304
-0.049000 -0.377401
-0.050000 -0.377500
-0.051000 -0.377601
-0.052000 -0.377704
-0.053000 -0.377809
-0.054000 -0.377916
-0.055000 -0.378025
-0.056000 -0.378136
-0.057000 -0.378249
-0.058000 -0.378364
-0.059000 -0.378481
-0.060000 -0.378600
-0.061000 -0.378721
-0.062000 -0.378844
-0.063000 -0.378844
-0.064000 -0.378721
-0.065000 -0.378600
-0.066000 -0.378481
-0.067000 -0.378364
-0.068000 -0.378249
-0.069000 -0.378136
-0.070000 -0.378025
-0.071000 -0.377916
-0.072000 -0.377809
-0.073000 -0.377704
-0.074000 -0.377601
-0.075000 -0.377500
-0.076000 -0.377401
-0.077000 -0.377304
-0.078000 -0.377209
-0.079000 -0.377116
-0.080000 -0.377025
-0.081000 -0.376936
-0.082000 -0.376849
-0.083000 -0.376764
-0.084000 -0.376681
-0.085000 -0.376600
-0.086000 -0.376521
-0.087000 -0.376444
-0.088000 -0.376369
-0.089000 -0.376296
-0.090000 -0.376225
-0.091000 -0.376156
-0.092000 -0.376089
-0.093000 -0.376024
-0.094000 -0.375961
-0.095000 -0.375900
-0.096000 -0.375841
-0.097000 -0.375784
-0.098000 -0.375729
-0.099000 -0.375676
-0.100000 -0.375625
-0.101000 -0.375576
-0.102000 -0.375529
-0.103000 -0.375484
-0.104000 -0.375441
-0.105000 -0.375400
-0.106000 -0.375361
-0.107000 -0.375324
-0.108000 -0.375289
-0.109000 -0.375256
-0.110000 -0.375225
-0.111000 -0.375196
-0.112000 -0.375169
-0.113000 -0.375144
-0.114000 -0.375121
-0.115000 -0.375100
-0.116000 -0.375081
-0.117000 -0.375064
-0.118000 -0.375049
-0.119000 -0.375036
-0.120000 -0.375025
-0.121000 -0.375016
-0.122000 -0.375009
-0.123000 -0.375004
-0.124000 -0.375001
-0.125000 -0.375000
-0.126000 -0.375001
-0.127000 -0.375004
-0.128000 -0.375009
-0.129000 -0.375016
-0.130000 -0.375025
-0.131000 -0.375036
-0.132000 -0.375049
-0.133000 -0.375064
-0.134000 -0.375081
-0.135000 -0.375100
-0.136000 -0.375121
-0.137000 -0.375144
-0.138000 -0.375169
-0.139000 -0.375196
-0.140000 -0.375225
-0.141000 -0.375256
-0.142000 -0.375289
-0.143000 -0.375324
-0.144000 -0.375361
-0.145000 -0.375400
-0.146000 -0.375441
-0.147000 -0.375484
-0.148000 -0.375529
-0.149000 -0.375576
-0.150000 -0.375625
-0.151000 -0.375676
-0.152000 -0.375729
-0.153000 -0.375784
-0.154000 -0.375841
-0.155000 -0.375900
-0.156000 -0.375961
-0.157000 -0.376024
-0.158000 -0.376089
-0.159000 -0.376156
-0.160000 -0.376225
-0.161000 -0.376296
-0.162000 -0.376369
-0.163000 -0.376444
-0.164000 -0.376521
-0.165000 -0.376600
-0.166000 -0.376681
-0.167000 -0.376764
-0.168000 -0.376849
-0.169000 -0.376936
-0.170000 -0.377025
-0.171000 -0.377116
-0.172000 -0.377209
-0.173000 -0.377304
-0.174000 -0.377401
-0.175000 -0.377500
-0.176000 -0.377601
-0.177000 -0.377704
-0.178000 -0.377809
-0.179000 -0.377916
-0.180000 -0.378025
-0.181000 -0.378136
-0.182000 -0.378249
-0.183000 -0.378364
-0.184000 -0.378481
-0.185000 -0.378600
-0.186000 -0.378721
-0.187000 -0.378844
-0.188000 -0.378844
-0.189000 -0.378721
-0.190000 -0.378600
-0.191000 -0.378481
-0.192000 -0.378364
-0.193000 -0.378249
-0.194000 -0.378136
-0.195000 -0.378025
-0.196000 -0.377916
-0.197000 -0.377809
-0.198000 -0.377704
-0.199000 -0.377601
-0.200000 -0.377500
-0.201000 -0.377401
-0.202000 -0.377304
-0.203000 -0.377209
-0.204000 -0.377116
-0.205000 -0.377025
-0.206000 -0.376936
-0.207000 -0.376849
-0.208000 -0.376764
-0.209000 -0.376681
-0.210000 -0.376600
-0.211000 -0.376521
-0.212000 -0.376444
-0.213000 -0.376369
-0.214000 -0.376296
-0.215000 -0.376225
-0.216000 -0.376156
-0.217000 -0.376089
-0.218000 -0.376024
-0.219000 -0.375961
-0.220000 -0.375900
-0.221000 -0.375841
-0.222000 -0.375784
-0.223000 -0.375729
-0.224000 -0.375676
-0.225000 -0.375625
-0.226000 -0.375576
-0.227000 -0.375529
-0.228000 -0.375484
-0.229000 -0.375441
-0.230000 -0.375400
-0.231000 -0.375361
-0.232000 -0.375324
-0.233000 -0.375289
-0.234000 -0.375256
-0.235000 -0.375225
-0.236000 -0.375196
-0.237000 -0.375169
-0.238000 -0.375144
-0.239000 -0.375121
-0.240000 -0.375100
-0.241000 -0.375081
-0.242000 -0.375064
-0.243000 -0.375049
-0.244000 -0.375036
-0.245000 -0.375025
-0.246000 -0.375016
-0.247000 -0.375009
-0.248000 -0.375004
-0.249000 -0.375001
-0.250000 -0.375000
-0.251000 -0.375001
-0.252000 -0.375004
-0.253000 -0.375009
-0.254000 -0.375016
-0.255000 -0.375025
-0.256000 -0.375036
-0.257000 -0.375049
-0.258000 -0.375064
-0.259000 -0.375081
-0.260000 -0.375100
-0.261000 -0.375121
-0.262000 -0.375144
-0.263000 -0.375169
-0.264000 -0.375196
-0.265000 -0.375225
-0.266000 -0.375256
-0.267000 -0.375289
-0.268000 -0.375324
-0.269000 -0.375361
-0.270000 -0.375400
-0.271000 -0.375441
-0.272000 -0.375484
-0.273000 -0.375529
-0.274000 -0.375576
-0.275000 -0.375625
-0.276000 -0.375676
-0.277000 -0.375729
-0.278000 -0.375784
-0.279000 -0.375841
-0.280000 -0.375900
-0.281000 -0.375961
-0.282000 -0.376024
-0.283000 -0.376089
-0.284000 -0.376156
-0.285000 -0.376225
-0.286000 -0.376296
-0.287000 -0.376369
-0.288000 -0.376444
-0.289000 -0.376521
-0.290000 -0.376600
-0.291000 -0.376681
-0.292000 -0.376764
-0.293000 -0.376849
-0.294000 -0.376936
-0.295000 -0.377025
-0.296000 -0.377116
-0.297000 -0.377209
-0.298000 -0.377304
-0.299000 -0.377401
-0.300000 -0.377500
-0.301000 -0.377601
-0.302000 -0.377704
-0.303000 -0.377809
-0.304000 -0.377916
-0.305000 -0.378025
-0.306000 -0.378136
-0.307000 -0.378249
-0.308000 -0.378364
-0.309000 -0.378481
-0.310000 -0.378600
-0.311000 -0.378721
-0.312000 -0.378844
-0.313000 -0.378844
-0.314000 -0.378721
-0.315000 -0.378600
-0.316000 -0.378481
-0.317000 -0.378364
-0.318000 -0.378249
-0.319000 -0.378136
-0.320000 -0.378025
-0.321000 -0.377916
-0.322000 -0.377809
-0.323000 -0.377704
-0.324000 -0.377601
-0.325000 -0.377500
-0.326000 -0.377401
-0.327000 -0.377304
-0.328000 -0.377209
-0.329000 -0.377116
-0.330000 -0.377025
-0.331000 -0.376936
-0.332000 -0.376849
-0.333000 -0.376764
-0.334000 -0.376681
-0.335000 -0.376600
-0.336000 -0.376521
-0.337000 -0.376444
-0.338000 -0.376369
-0.339000 -0.376296
-0.340000 -0.376225
-0.341000 -0.376156
-0.342000 -0.376089
-0.343000 -0.376024
-0.344000 -0.375961
-0.345000 -0.375900
-0.346000 -0.375841
-0.347000 -0.375784
-0.348000 -0.375729
-0.349000 -0.375676
-0.350000 -0.375625
-0.351000 -0.375576
-0.352000 -0.375529
-0.353000 -0.375484
-0.354000 -0.375441
-0.355000 -0.375400
-0.356000 -0.375361
-0.357000 -0.375324
-0.358000 -0.375289
-0.359000 -0.375256
-0.360000 -0.375225
-0.361000 -0.375196
-0.362000 -0.375169
-0.363000 -0.375144
-0.364000 -0.375121
-0.365000 -0.375100
-0.366000 -0.375081
-0.367000 -0.375064
-0.368000 -0.375049
-0.369000 -0.375036
-0.370000 -0.375025
-0.371000 -0.375016
-0.372000 -0.375009
-0.373000 -0.375004
-0.374000 -0.375001
-0.375000 -0.375000
