-0.312500 0.453125
-0.311500 0.452876
-0.310500 0.452629
-0.309500 0.452384
-0.308500 0.452141
-0.307500 0.451900
-0.306500 0.451661
-0.305500 0.451424
-0.304500 0.451189
-0.303500 0.450956
-0.302500 0.450725
-0.301500 0.450496
-0.300500 0.450269
-0.299500 0.450044
-0.298500 0.449821
-0.297500 0.449600
-0.296500 0.449381
-0.295500 0.449164
-0.294500 0.448949
-0.293500 0.448736
-0.292500 0.448525
-0.291500 0.448316
-0.290500 0.448109
-0.289500 0.447904
-0.288500 0.447701
-0.287500 0.447500
-0.286500 0.447301
-0.285500 0.447104
-0.284500 0.446909
-0.283500 0.446716
-0.282500 0.446525
-0.281500 0.446336
-0.280500 0.446149
-0.279500 0.445964
-0.278500 0.445781
-0.277500 0.445600
-0.276500 0.445421
-0.275500 0.445244
-0.274500 0.445069
-0.273500 0.444896
-0.272500 0.444725
-0.271500 0.444556
-0.270500 0.444389
-0.269500 0.444224
-0.268500 0.444061
-0.267500 0.443900
-0.266500 0.443741
-0.265500 0.443584
-0.264500 0.443429
-0.263500 0.443276
-0.262500 0.443125
-0.261500 0.442976
-0.260500 0.442829
-0.259500 0.442684
-0.258500 0.442541
-0.257500 0.442400
-0.256500 0.442261
-0.255500 0.442124
-0.254500 0.441989
-0.253500 0.441856
-0.252500 0.441725
-0.251500 0.441596
-0.250500 0.441469
-0.249500 0.441344
-0.248500 0.441221
-0.247500 0.441100
-0.246500 0.440981
-0.245500 0.440864
-0.244500 0.440749
-0.243500 0.440636
-0.242500 0.440525
-0.241500 0.440416
-0.240500 0.440309
-0.239500 0.440204
-0.238500 0.440101
-0.237500 0.440000
-0.236500 0.439901
-0.235500 0.439804
-0.234500 0.439709
-0.233500 0.439616
-0.232500 0.439525
-0.231500 0.439436
-0.230500 0.439349
-0.229500 0.439264
-0.228500 0.439181
-0.227500 0.439100
-0.226500 0.439021
-0.225500 0.438944
-0.224500 0.438869
-0.223500 0.438796
-0.222500 0.438725
-0.221500 0.438656
-0.220500 0.438589
-0.219500 0.438524
-0.218500 0.438461
-0.217500 0.438400
-0.216500 0.438341
-0.215500 0.438284
-0.214500 0.438229
-0.213500 0.438176
-0.212500 0.438125
-0.211500 0.438076
-0.210500 0.438029
-0.209500 0.437984
-0.208500 0.437941
-0.207500 0.437900
-0.206500 0.437861
-0.205500 0.437824
-0.204500 0.437789
-0.203500 0.437756
-0.202500 0.437725
-0.201500 0.437696
-0.200500 0.437669
-0.199500 0.437644
-0.198500 0.437621
-0.197500 0.437600
-0.196500 0.437581
-0.195500 0.437564
-0.194500 0.437549
-0.193500 0.437536
-0.192500 0.437525
-0.191500 0.437516
-0.190500 0.437509
-0.189500 0.437504
-0.188500 0.437501
-0.187500 0.437500
-0.186500 0.437501
-0.185500 0.437504
-0.184500 0.437509
-0.183500 0.437516
-0.182500 0.437525
-0.181500 0.437536
-0.180500 0.437549
-0.179500 0.437564
-0.178500 0.437581
-0.177500 0.437600
-0.176500 0.437621
-0.175500 0.437644
-0.174500 0.437669
-0.173500 0.437696
-0.172500 0.437725
-0.171500 0.437756
-0.170500 0.437789
-0.169500 0.437824
-0.168500 0.437861
-0.167500 0.437900
-0.166500 0.437941
-0.165500 0.437984
-0.164500 0.438029
-0.163500 0.438076
-0.162500 0.438125
-0.161500 0.438176
-0.160500 0.438229
-0.159500 0.438284
-0.158500 0.438341
-0.157500 0.438400
-0.156500 0.438461
-0.155500 0.438524
-0.154500 0.438589
-0.153500 0.438656
-0.152500 0.438725
-0.151500 0.438796
-0.150500 0.438869
-0.149500 0.438944
-0.148500 0.439021
-0.147500 0.439100
-0.146500 0.439181
-0.145500 0.439264
-0.144500 0.439349
-0.143500 0.439436
-0.142500 0.439525
-0.141500 0.439616
-0.140500 0.439709
-0.139500 0.439804
-0.138500 0.439901
-0.137500 0.440000
-0.136500 0.440101
-0.135500 0.440204
-0.134500 0.440309
-0.133500 0.440416
-0.132500 0.440525
-0.131500 0.440636
-0.130500 0.440749
-0.129500 0.440864
-0.128500 0.440981
-0.127500 0.441100
-0.126500 0.441221
-0.125500 0.441344
-0.124500 0.441344
-0.123500 0.441221
-0.122500 0.441100
-0.121500 0.440981
-0.120500 0.440864
-0.119500 0.440749
-0.118500 0.440636
-0.117500 0.440525
-0.116500 0.440416
-0.115500 0.440309
-0.114500 0.440204
-0.113500 0.440101
-0.112500 0.440000
-0.111500 0.439901
-0.110500 0.439804
-0.109500 0.439709
-0.108500 0.439616
-0.107500 0.439525
-0.106500 0.439436
-0.105500 0.439349
-0.104500 0.439264
-0.103500 0.439181
-0.102500 0.439100
-0.101500 0.439021
-0.100500 0.438944
-0.099500 0.438869
-0.098500 0.438796
-0.097500 0.438725
-0.096500 0.438656
-0.095500 0.438589
-0.094500 0.438524
-0.093500 0.438461
-0.092500 0.438400
-0.091500 0.438341
-0.090500 0.438284
-0.089500 0.438229
-0.088500 0.438176
-0.087500 0.438125
-0.086500 0.438076
-0.085500 0.438029
-0.084500 0.437984
-0.083500 0.437941
-0.082500 0.437900
-0.081500 0.437861
-0.080500 0.437824
-0.079500 0.437789
-0.078500 0.437756
-0.077500 0.437725
-0.076500 0.437696
-0.075500 0.437669
-0.074500 0.437644
-0.073500 0.437621
-0.072500 0.437600
-0.071500 0.437581
-0.070500 0.437564
-0.069500 0.437549
-0.068500 0.437536
-0.067500 0.437525
-0.066500 0.437516
-0.065500 0.437509
-0.064500 0.437504
-0.063500 0.437501
-0.062500 0.437500
-0.061500 0.437501
-0.060500 0.437504
-0.059500 0.437509
-0.058500 0.437516
-0.057500 0.437525
-0.056500 0.437536
-0.055500 0.437549
-0.054500 0.437564
-0.053500 0.437581
-0.052500 0.437600
-0.051500 0.437621
-0.050500 0.437644
-0.049500 0.437669
-0.048500 0.437696
-0.047500 0.437725
-0.046500 0.437756
-0.045500 0.437789
-0.044500 0.437824
-0.043500 0.437861
-0.042500 0.437900
-0.041500 0.437941
-0.040500 0.437984
-0.039500 0.438029
-0.038500 0.438076
-0.037500 0.438125
-0.036500 0.438176
-0.035500 0.438229
-0.034500 0.438284
-0.033500 0.438341
-0.032500 0.438400
-0.031500 0.438461
-0.030500 0.438524
-0.029500 0.438589
-0.028500 0.438656
-0.027500 0.438725
-0.026500 0.438796
-0.025500 0.438869
-0.024500 0.438944
-0.023500 0.439021
-0.022500 0.439100
-0.021500 0.439181
-0.020500 0.439264
-0.019500 0.439349
-0.018500 0.439436
-0.017500 0.439525
-0.016500 0.439616
-0.015500 0.439709
-0.014500 0.439804
-0.013500 0.439901
-0.012500 0.440000
-0.011500 0.440101
-0.010500 0.440204
-0.009500 0.440309
-0.008500 0.440416
-0.007500 0.440525
-0.006500 0.440636
-0.005500 0.440749
-0.004500 0.440864
-0.003500 0.440981
-0.002500 0.441100
-0.001500 0.441221
-0.000500 0.441344
0.000500 0.441344
0.001500 0.441221
0.002500 0.441100
0.003500 0.440981
0.004500 0.440864
0.005500 0.440749
0.006500 0.440636
0.007500 0.440525
0.008500 0.440416
0.009500 0.440309
0.010500 0.440204
0.011500 0.440101
0.012500 0.440000
0.013500 0.439901
0.014500 0.439804
0.015500 0.439709
0.016500 0.439616
0.017500 0.439525
0.018500 0.439436
0.019500 0.439349
0.020500 0.439264
0.021500 0.439181
0.022500 0.439100
0.023500 0.439021
0.024500 0.438944
0.025500 0.438869
0.026500 0.438796
0.027500 0.438725
0.028500 0.438656
0.029500 0.438589
0.030500 0.438524
0.031500 0.438461
0.032500 0.438400
0.033500 0.438341
0.034500 0.438284
0.035500 0.438229
0.036500 0.438176
0.037500 0.438125
0.038500 0.438076
0.039500 0.438029
0.040500 0.437984
0.041500 0.437941
0.042500 0.437900
0.043500 0.437861
0.044500 0.437824
0.045500 0.437789
0.046500 0.437756
0.047500 0.437725
0.048500 0.437696
0.049500 0.437669
0.050500 0.437644
0.051500 0.437621
0.052500 0.437600
0.053500 0.437581
0.054500 0.437564
0.055500 0.437549
0.056500 0.437536
0.057500 0.437525
0.058500 0.437516
0.059500 0.437509
0.060500 0.437504
0.061500 0.437501
0.062500 0.437500
0.063500 0.437501
0.064500 0.437504
0.065500 0.437509
0.066500 0.437516
0.067500 0.437525
0.068500 0.437536
0.069500 0.437549
0.070500 0.437564
0.071500 0.437581
0.072500 0.437600
0.073500 0.437621
0.074500 0.437644
0.075500 0.437669
0.076500 0.437696
0.077500 0.437725
0.078500 0.437756
0.079500 0.437789
0.080500 0.437824
0.081500 0.437861
0.082500 0.437900
0.083500 0.437941
0.084500 0.437984
0.085500 0.438029
0.086500 0.438076
0.087500 0.438125
0.088500 0.438176
0.089500 0.438229
0.090500 0.438284
0.091500 0.438341
0.092500 0.438400
0.093500 0.438461
0.094500 0.438524
0.095500 0.438589
0.096500 0.438656
0.097500 0.438725
0.098500 0.438796
0.099500 0.438869
0.100500 0.438944
0.101500 0.439021
0.102500 0.439100
0.103500 0.439181
0.104500 0.439264
0.105500 0.439349
0.106500 0.439436
0.107500 0.439525
0.108500 0.439616
0.109500 0.439709
0.110500 0.439804
0.111500 0.439901
0.112500 0.440000
0.113500 0.440101
0.114500 0.440204
0.115500 0.440309
0.116500 0.440416
0.117500 0.440525
0.118500 0.440636
0.119500 0.440749
0.120500 0.440864
0.121500 0.440981
0.122500 0.441100
0.123500 0.441221
0.124500 0.441344
0.125500 0.441344
0.126500 0.441221
0.127500 0.441100
0.128500 0.440981
0.129500 0.440864
0.130500 0.440749
0.131500 0.440636
0.132500 0.440525
0.133500 0.440416
0.134500 0.440309
0.135500 0.440204
0.136500 0.440101
0.137500 0.440000
0.138500 0.439901
0.139500 0.439804
0.140500 0.439709
0.141500 0.439616
0.142500 0.439525
0.143500 0.439436
0.144500 0.439349
0.145500 0.439264
0.146500 0.439181
0.147500 0.439100
0.148500 0.439021
0.149500 0.438944
0.150500 0.438869
0.151500 0.438796
0.152500 0.438725
0.153500 0.438656
0.154500 0.438589
0.155500 0.438524
0.156500 0.438461
0.157500 0.438400
0.158500 0.438341
0.159500 0.438284
0.160500 0.438229
0.161500 0.438176
0.162500 0.438125
0.163500 0.438076
0.164500 0.438029
0.165500 0.437984
0.166500 0.437941
0.167500 0.437900
0.168500 0.437861
0.169500 0.437824
0.170500 0.437789
0.171500 0.437756
0.172500 0.437725
0.173500 0.437696
0.174500 0.437669
0.175500 0.437644
0.176500 0.437621
0.177500 0.437600
0.178500 0.437581
0.179500 0.437564
0.180500 0.437549
0.181500 0.437536
0.182500 0.437525
0.183500 0.437516
0.184500 0.437509
0.185500 0.437504
0.186500 0.437501
0.187500 0.437500
0.188500 0.437501
0.189500 0.437504
0.190500 0.437509
0.191500 0.437516
0.192500 0.437525
0.193500 0.437536
0.194500 0.437549
0.195500 0.437564
0.196500 0.437581
0.197500 0.437600
0.198500 0.437621
0.199500 0.437644
0.200500 0.437669
0.201500 0.437696
0.202500 0.437725
0.203500 0.437756
0.204500 0.437789
0.205500 0.437824
0.206500 0.437861
0.207500 0.437900
0.208500 0.437941
0.209500 0.437984
0.210500 0.438029
0.211500 0.438076
0.212500 0.438125
0.213500 0.438176
0.214500 0.438229
0.215500 0.438284
0.216500 0.438341
0.217500 0.438400
0.218500 0.438461
0.219500 0.438524
0.220500 0.438589
0.221500 0.438656
0.222500 0.438725
0.223500 0.438796
0.224500 0.438869
0.225500 0.438944
0.226500 0.439021
0.227500 0.439100
0.228500 0.439181
0.229500 0.439264
0.230500 0.439349
0.231500 0.439436
0.232500 0.439525
0.233500 0.439616
0.234500 0.439709
0.235500 0.439804
0.236500 0.439901
0.237500 0.440000
0.238500 0.440101
0.239500 0.440204
0.240500 0.440309
0.241500 0.440416
0.242500 0.440525
0.243500 0.440636
0.244500 0.440749
0.245500 0.440864
0.246500 0.440981
0.247500 0.441100
0.248500 0.441221
0.249500 0.441344
0.250500 0.441344
0.251500 0.441221
0.252500 0.441100
0.253500 0.440981
0.254500 0.440864
0.255500 0.440749
0.256500 0.440636
0.257500 0.440525
0.258500 0.440416
0.259500 0.440309
0.260500 0.440204
0.261500 0.440101
0.262500 0.440000
0.263500 0.439901
0.264500 0.439804
0.265500 0.439709
0.266500 0.439616
0.267500 0.439525
0.268500 0.439436
0.269500 0.439349
0.270500 0.439264
0.271500 0.439181
0.272500 0.439100
0.273500 0.439021
0.274500 0.438944
0.275500 0.438869
0.276500 0.438796
0.277500 0.438725
0.278500 0.438656
0.279500 0.438589
0.280500 0.438524
0.281500 0.438461
0.282500 0.438400
0.283500 0.438341
0.284500 0.438284
0.285500 0.438229
0.286500 0.438176
0.287500 0.438125
0.288500 0.438076
0.289500 0.438029
0.290500 0.437984
0.291500 0.437941
0.292500 0.437900
0.293500 0.437861
0.294500 0.437824
0.295500 0.437789
0.296500 0.437756
0.297500 0.437725
0.298500 0.437696
0.299500 0.437669
0.300500 0.437644
0.301500 0.437621
0.302500 0.437600
0.303500 0.437581
0.304500 0.437564
0.305500 0.437549
0.306500 0.437536
0.307500 0.437525
0.308500 0.437516
0.309500 0.437509
0.310500 0.437504
0.311500 0.437501
0.311500 -0.452876
0.310500 -0.452629
0.309500 -0.452384
0.308500 -0.452141
0.307500 -0.451900
0.306500 -0.451661
0.305500 -0.451424
0.304500 -0.451189
0.303500 -0.450956
0.302500 -0.450725
0.301500 -0.450496
0.300500 -0.450269
0.299500 -0.450044
0.298500 -0.449821
0.297500 -0.449600
0.296500 -0.449381
0.295500 -0.449164
0.294500 -0.448949
0.293500 -0.448736
0.292500 -0.448525
0.291500 -0.448316
0.290500 -0.448109
0.289500 -0.447904
0.288500 -0.447701
0.287500 -0.447500
0.286500 -0.447301
0.285500 -0.447104
0.284500 -0.446909
0.283500 -0.446716
0.282500 -0.446525
0.281500 -0.446336
0.280500 -0.446149
0.279500 -0.445964
0.278500 -0.445781
0.277500 -0.445600
0.276500 -0.445421
0.275500 -0.445244
0.274500 -0.445069
0.273500 -0.444896
0.272500 -0.444725
0.271500 -0.444556
0.270500 -0.444389
0.269500 -0.444224
0.268500 -0.444061
0.267500 -0.443900
0.266500 -0.443741
0.265500 -0.443584
0.264500 -0.443429
0.263500 -0.443276
0.262500 -0.443125
0.261500 -0.442976
0.260500 -0.442829
0.259500 -0.442684
0.258500 -0.442541
0.257500 -0.442400
0.256500 -0.442261
0.255500 -0.442124
0.254500 -0.441989
0.253500 -0.441856
0.252500 -0.441725
0.251500 -0.441596
0.250500 -0.441469
0.249500 -0.441344
0.248500 -0.441221
0.247500 -0.441100
0.246500 -0.440981
0.245500 -0.440864
0.244500 -0.440749
0.243500 -0.440636
0.242500 -0.440525
0.241500 -0.440416
0.240500 -0.440309
0.239500 -0.440204
0.238500 -0.440101
0.237500 -0.440000
0.236500 -0.439901
0.235500 -0.439804
0.234500 -0.439709
0.233500 -0.439616
0.232500 -0.439525
0.231500 -0.439436
0.230500 -0.439349
0.229500 -0.439264
0.228500 -0.439181
0.227500 -0.439100
0.226500 -0.439021
0.225500 -0.438944
0.224500 -0.438869
0.223500 -0.438796
0.222500 -0.438725
0.221500 -0.438656
0.220500 -0.438589
0.219500 -0.438524
0.218500 -0.438461
0.217500 -0.438400
0.216500 -0.438341
0.215500 -0.438284
0.214500 -0.438229
0.213500 -0.438176
0.212500 -0.438125
0.211500 -0.438076
0.210500 -0.438029
0.209500 -0.437984
0.208500 -0.437941
0.207500 -0.437900
0.206500 -0.437861
0.205500 -0.437824
0.204500 -0.437789
0.203500 -0.437756
0.202500 -0.437725
0.201500 -0.437696
0.200500 -0.437669
0.199500 -0.437644
0.198500 -0.437621
0.197500 -0.437600
0.196500 -0.437581
0.195500 -0.437564
0.194500 -0.437549
0.193500 -0.437536
0.192500 -0.437525
0.191500 -0.437516
0.190500 -0.437509
0.189500 -0.437504
0.188500 -0.437501
0.187500 -0.437500
0.186500 -0.437501
0.185500 -0.437504
0.184500 -0.437509
0.183500 -0.437516
0.182500 -0.437525
0.181500 -0.437536
0.180500 -0.437549
0.179500 -0.437564
0.178500 -0.437581
0.177500 -0.437600
0.176500 -0.437621
0.175500 -0.437644
0.174500 -0.437669
0.173500 -0.437696
0.172500 -0.437725
0.171500 -0.437756
0.170500 -0.437789
0.169500 -0.437824
0.168500 -0.437861
0.167500 -0.437900
0.166500 -0.437941
0.165500 -0.437984
0.164500 -0.438029
0.163500 -0.438076
0.162500 -0.438125
0.161500 -0.438176
0.160500 -0.438229
0.159500 -0.438284
0.158500 -0.438341
0.157500 -0.438400
0.156500 -0.438461
0.155500 -0.438524
0.154500 -0.438589
0.153500 -0.438656
0.152500 -0.438725
0.151500 -0.438796
0.150500 -0.438869
0.149500 -0.438944
0.148500 -0.439021
0.147500 -0.439100
0.146500 -0.439181
0.145500 -0.439264
0.144500 -0.439349
0.143500 -0.439436
0.142500 -0.439525
0.141500 -0.439616
0.140500 -0.439709
0.139500 -0.439804
0.138500 -0.439901
0.137500 -0.440000
0.136500 -0.440101
0.135500 -0.440204
0.134500 -0.440309
0.133500 -0.440416
0.132500 -0.440525
0.131500 -0.440636
0.130500 -0.440749
0.129500 -0.440864
0.128500 -0.440981
0.127500 -0.441100
0.126500 -0.441221
0.125500 -0.441344
0.124500 -0.441344
0.123500 -0.441221
0.122500 -0.441100
0.121500 -0.440981
0.120500 -0.440864
0.119500 -0.440749
0.118500 -0.440636
0.117500 -0.440525
0.116500 -0.440416
0.115500 -0.440309
0.114500 -0.440204
0.113500 -0.440101
0.112500 -0.440000
0.111500 -0.439901
0.110500 -0.439804
0.109500 -0.439709
0.108500 -0.439616
0.107500 -0.439525
0.106500 -0.439436
0.105500 -0.439349
0.104500 -0.439264
0.103500 -0.439181
0.102500 -0.439100
0.101500 -0.439021
0.100500 -0.438944
0.099500 -0.438869
0.098500 -0.438796
0.097500 -0.438725
0.096500 -0.438656
0.095500 -0.438589
0.094500 -0.438524
0.093500 -0.438461
0.092500 -0.438400
0.091500 -0.438341
0.090500 -0.438284
0.089500 -0.438229
0.088500 -0.438176
0.087500 -0.438125
0.086500 -0.438076
0.085500 -0.438029
0.084500 -0.437984
0.083500 -0.437941
0.082500 -0.437900
0.081500 -0.437861
0.080500 -0.437824
0.079500 -0.437789
0.078500 -0.437756
0.077500 -0.437725
0.076500 -0.437696
0.075500 -0.437669
0.074500 -0.437644
0.073500 -0.437621
0.072500 -0.437600
0.071500 -0.437581
0.070500 -0.437564
0.069500 -0.437549
0.068500 -0.437536
0.067500 -0.437525
0.066500 -0.437516
0.065500 -0.437509
0.064500 -0.437504
0.063500 -0.437501
0.062500 -0.437500
0.061500 -0.437501
0.060500 -0.437504
0.059500 -0.437509
0.058500 -0.437516
0.057500 -0.437525
0.056500 -0.437536
0.055500 -0.437549
0.054500 -0.437564
0.053500 -0.437581
0.052500 -0.437600
0.051500 -0.437621
0.050500 -0.437644
0.049500 -0.437669
0.048500 -0.437696
0.047500 -0.437725
0.046500 -0.437756
0.045500 -0.437789
0.044500 -0.437824
0.043500 -0.437861
0.042500 -0.437900
0.041500 -0.437941
0.040500 -0.437984
0.039500 -0.438029
0.038500 -0.438076
0.037500 -0.438125
0.036500 -0.438176
0.035500 -0.438229
0.034500 -0.438284
0.033500 -0.438341
0.032500 -0.438400
0.031500 -0.438461
0.030500 -0.438524
0.029500 -0.438589
0.028500 -0.438656
0.027500 -0.438725
0.026500 -0.438796
0.025500 -0.438869
0.024500 -0.438944
0.023500 -0.439021
0.022500 -0.439100
0.021500 -0.439181
0.020500 -0.439264
0.019500 -0.439349
0.018500 -0.439436
0.017500 -0.439525
0.016500 -0.439616
0.015500 -0.439709
0.014500 -0.439804
0.013500 -0.439901
0.012500 -0.440000
0.011500 -0.440101
0.010500 -0.440204
0.009500 -0.440309
0.008500 -0.440416
0.007500 -0.440525
0.006500 -0.440636
0.005500 -0.440749
0.004500 -0.440864
0.003500 -0.440981
0.002500 -0.441100
0.001500 -0.441221
0.000500 -0.441344
-0.000500 -0.441344
-0.001500 -0.441221
-0.002500 -0.441100
-0.003500 -0.440981
-0.004500 -0.440864
-0.005500 -0.440749
-0.006500 -0.440636
-0.007500 -0.440525
-0.008500 -0.440416
-0.009500 -0.440309
-0.010500 -0.440204
-0.011500 -0.440101
-0.012500 -0.440000
-0.013500 -0.439901
-0.014500 -0.439804
-0.015500 -0.439709
-0.016500 -0.439616
-0.017500 -0.439525
-0.018500 -0.439436
-0.019500 -0.439349
-0.020500 -0.439264
-0.021500 -0.439181
-0.022500 -0.439100
-0.023500 -0.439021
-0.024500 -0.438944
-0.025500 -0.438869
-0.026500 -0.438796
-0.027500 -0.438725
-0.028500 -0.438656
-0.029500 -0.438589
-0.030500 -0.438524
-0.031500 -0.438461
-0.032500 -0.438400
-0.033500 -0.438341
-0.034500 -0.438284
-0.035500 -0.438229
-0.036500 -0.438176
-0.037500 -0.438125
-0.038500 -0.438076
-0.039500 -0.438029
-0.040500 -0.437984
-0.041500 -0.437941
-0.042500 -0.437900
-0.043500 -0.437861
-0.044500 -0.437824
-0.045500 -0.437789
-0.046500 -0.437756
-0.047500 -0.437725
-0.048500 -0.437696
-0.049500 -0.437669
-0.050500 -0.437644
-0.051500 -0.437621
-0.052500 -0.437600
-0.053500 -0.437581
-0.054500 -0.437564
-0.055500 -0.437549
-0.056500 -0.437536
-0.057500 -0.437525
-0.058500 -0.437516
-0.059500 -0.437509
-0.060500 -0.437504
-0.061500 -0.437501
-0.062500 -0.437500
-0.063500 -0.437501
-0.064500 -0.437504
-0.065500 -0.437509
-0.066500 -0.437516
-0.067500 -0.437525
-0.068500 -0.437536
-0.069500 -0.437549
-0.070500 -0.437564
-0.071500 -0.437581
-0.072500 -0.437600
-0.073500 -0.437621
-0.074500 -0.437644
-0.075500 -0.437669
-0.076500 -0.437696
-0.077500 -0.437725
-0.078500 -0.437756
-0.079500 -0.437789
-0.080500 -0.437824
-0.081500 -0.437861
-0.082500 -0.437900
-0.083500 -0.437941
-0.084500 -0.437984
-0.085500 -0.438029
-0.086500 -0.438076
-0.087500 -0.438125
-0.088500 -0.438176
-0.089500 -0.438229
-0.090500 -0.438284
-0.091500 -0.438341
-0.092500 -0.438400
-0.093500 -0.438461
-0.094500 -0.438524
-0.095500 -0.438589
-0.096500 -0.438656
-0.097500 -0.438725
-0.098500 -0.438796
-0.099500 -0.438869
-0.100500 -0.438944
-0.101500 -0.439021
-0.102500 -0.439100
-0.103500 -0.439181
-0.104500 -0.439264
-0.105500 -0.439349
-0.106500 -0.439436
-0.107500 -0.439525
-0.108500 -0.439616
-0.109500 -0.439709
-0.110500 -0.439804
-0.111500 -0.439901
-0.112500 -0.440000
-0.113500 -0.440101
-0.114500 -0.440204
-0.115500 -0.440309
-0.116500 -0.440416
-0.117500 -0.440525
-0.118500 -0.440636
-0.119500 -0.440749
-0.120500 -0.440864
-0.121500 -0.440981
-0.122500 -0.441100
-0.123500 -0.441221
-0.124500 -0.441344
-0.125500 -0.441344
-0.126500 -0.441221
-0.127500 -0.441100
-0.128500 -0.440981
-0.129500 -0.440864
-0.130500 -0.440749
-0.131500 -0.440636
-0.132500 -0.440525
-0.133500 -0.440416
-0.134500 -0.440309
-0.135500 -0.440204
-0.136500 -0.440101
-0.137500 -0.440000
-0.138500 -0.439901
-0.139500 -0.439804
-0.140500 -0.439709
-0.141500 -0.439616
-0.142500 -0.439525
-0.143500 -0.439436
-0.144500 -0.439349
-0.145500 -0.439264
-0.146500 -0.439181
-0.147500 -0.439100
-0.148500 -0.439021
-0.149500 -0.438944
-0.150500 -0.438869
-0.151500 -0.438796
-0.152500 -0.438725
-0.153500 -0.438656
-0.154500 -0.438589
-0.155500 -0.438524
-0.156500 -0.438461
-0.157500 -0.438400
-0.158500 -0.438341
-0.159500 -0.438284
-0.160500 -0.438229
-0.161500 -0.438176
-0.162500 -0.438125
-0.163500 -0.438076
-0.164500 -0.438029
-0.165500 -0.437984
-0.166500 -0.437941
-0.167500 -0.437900
-0.168500 -0.437861
-0.169500 -0.437824
-0.170500 -0.437789
-0.171500 -0.437756
-0.172500 -0.437725
-0.173500 -0.437696
-0.174500 -0.437669
-0.175500 -0.437644
-0.176500 -0.437621
-0.177500 -0.437600
-0.178500 -0.437581
-0.179500 -0.437564
-0.180500 -0.437549
-0.181500 -0.437536
-0.182500 -0.437525
-0.183500 -0.437516
-0.184500 -0.437509
-0.185500 -0.437504
-0.186500 -0.437501
-0.187500 -0.437500
-0.188500 -0.437501
-0.189500 -0.437504
-0.190500 -0.437509
-0.191500 -0.437516
-0.192500 -0.437525
-0.193500 -0.437536
-0.194500 -0.437549
-0.195500 -0.437564
-0.196500 -0.437581
-0.197500 -0.437600
-0.198500 -0.437621
-0.199500 -0.437644
-0.200500 -0.437669
-0.201500 -0.437696
-0.202500 -0.437725
-0.203500 -0.437756
-0.204500 -0.437789
-0.205500 -0.437824
-0.206500 -0.437861
-0.207500 -0.437900
-0.208500 -0.437941
-0.209500 -0.437984
-0.210500 -0.438029
-0.211500 -0.438076
-0.212500 -0.438125
-0.213500 -0.438176
-0.214500 -0.438229
-0.215500 -0.438284
-0.216500 -0.438341
-0.217500 -0.438400
-0.218500 -0.438461
-0.219500 -0.438524
-0.220500 -0.438589
-0.221500 -0.438656
-0.222500 -0.438725
-0.223500 -0.438796
-0.224500 -0.438869
-0.225500 -0.438944
-0.226500 -0.439021
-0.227500 -0.439100
-0.228500 -0.439181
-0.229500 -0.439264
-0.230500 -0.439349
-0.231500 -0.439436
-0.232500 -0.439525
-0.233500 -0.439616
-0.234500 -0.439709
-0.235500 -0.439804
-0.236500 -0.439901
-0.237500 -0.440000
-0.238500 -0.440101
-0.239500 -0.440204
-0.240500 -0.440309
-0.241500 -0.440416
-0.242500 -0.440525
-0.243500 -0.440636
-0.244500 -0.440749
-0.245500 -0.440864
-0.246500 -0.440981
-0.247500 -0.441100
-0.248500 -0.441221
-0.249500 -0.441344
-0.250500 -0.441344
-0.251500 -0.441221
-0.252500 -0.441100
-0.253500 -0.440981
-0.254500 -0.440864
-0.255500 -0.440749
-0.256500 -0.440636
-0.257500 -0.440525
-0.258500 -0.440416
-0.259500 -0.440309
-0.260500 -0.440204
-0.261500 -0.440101
-0.262500 -0.440000
-0.263500 -0.439901
-0.264500 -0.439804
-0.265500 -0.439709
-0.266500 -0.439616
-0.267500 -0.439525
-0.268500 -0.439436
-0.269500 -0.439349
-0.270500 -0.439264
-0.271500 -0.439181
-0.272500 -0.439100
-0.273500 -0.439021
-0.274500 -0.438944
-0.275500 -0.438869
-0.276500 -0.438796
-0.277500 -0.438725
-0.278500 -0.438656
-0.279500 -0.438589
-0.280500 -0.438524
-0.281500 -0.438461
-0.282500 -0.438400
-0.283500 -0.438341
-0.284500 -0.438284
-0.285500 -0.438229
-0.286500 -0.438176
-0.287500 -0.438125
-0.288500 -0.438076
-0.289500 -0.438029
-0.290500 -0.437984
-0.291500 -0.437941
-0.292500 -0.437900
-0.293500 -0.437861
-0.294500 -0.437824
-0.295500 -0.437789
-0.296500 -0.437756
-0.297500 -0.437725
-0.298500 -0.437696
-0.299500 -0.437669
-0.300500 -0.437644
-0.301500 -0.437621
-0.302500 -0.437600
-0.303500 -0.437581
-0.304500 -0.437564
-0.305500 -0.437549
-0.306500 -0.437536
-0.307500 -0.437525
-0.308500 -0.437516
-0.309500 -0.437509
-0.310500 -0.437504
-0.311500 -0.437501
-0.312500 -0.437500
