-0.562500 0.437500
-0.561500 0.438499
-0.560500 0.439496
-0.559500 0.440491
-0.558500 0.441484
-0.557500 0.442475
-0.556500 0.443464
-0.555500 0.444451
-0.554500 0.445436
-0.553500 0.446419
-0.552500 0.447400
-0.551500 0.448379
-0.550500 0.449356
-0.549500 0.450331
-0.548500 0.451304
-0.547500 0.452275
-0.546500 0.453244
-0.545500 0.454211
-0.544500 0.455176
-0.543500 0.456139
-0.542500 0.457100
-0.541500 0.458059
-0.540500 0.459016
-0.539500 0.459971
-0.538500 0.460924
-0.537500 0.461875
-0.536500 0.462824
-0.535500 0.463771
-0.534500 0.464716
-0.533500 0.465659
-0.532500 0.466600
-0.531500 0.467539
-0.530500 0.468476
-0.529500 0.469411
-0.528500 0.470344
-0.527500 0.471275
-0.526500 0.472204
-0.525500 0.473131
-0.524500 0.474056
-0.523500 0.474979
-0.522500 0.475900
-0.521500 0.476819
-0.520500 0.477736
-0.519500 0.478651
-0.518500 0.479564
-0.517500 0.480475
-0.516500 0.481384
-0.515500 0.482291
-0.514500 0.483196
-0.513500 0.484099
-0.512500 0.485000
-0.511500 0.485899
-0.510500 0.486796
-0.509500 0.487691
-0.508500 0.488584
-0.507500 0.489475
-0.506500 0.490364
-0.505500 0.491251
-0.504500 0.492136
-0.503500 0.493019
-0.502500 0.493900
-0.501500 0.494779
-0.500500 0.495656
-0.499500 0.495656
-0.498500 0.494779
-0.497500 0.493900
-0.496500 0.493019
-0.495500 0.492136
-0.494500 0.491251
-0.493500 0.490364
-0.492500 0.489475
-0.491500 0.488584
-0.490500 0.487691
-0.489500 0.486796
-0.488500 0.485899
-0.487500 0.485000
-0.486500 0.484099
-0.485500 0.483196
-0.484500 0.482291
-0.483500 0.481384
-0.482500 0.480475
-0.481500 0.479564
-0.480500 0.478651
-0.479500 0.477736
-0.478500 0.476819
-0.477500 0.475900
-0.476500 0.474979
-0.475500 0.474056
-0.474500 0.473131
-0.473500 0.472204
-0.472500 0.471275
-0.471500 0.470344
-0.470500 0.469411
-0.469500 0.468476
-0.468500 0.467539
-0.467500 0.466600
-0.466500 0.465659
-0.465500 0.464716
-0.464500 0.463771
-0.463500 0.462824
-0.462500 0.461875
-0.461500 0.460924
-0.460500 0.459971
-0.459500 0.459016
-0.458500 0.458059
-0.457500 0.457100
-0.456500 0.456139
-0.455500 0.455176
-0.454500 0.454211
-0.453500 0.453244
-0.452500 0.452275
-0.451500 0.451304
-0.450500 0.450331
-0.449500 0.449356
-0.448500 0.448379
-0.447500 0.447400
-0.446500 0.446419
-0.445500 0.445436
-0.444500 0.444451
-0.443500 0.443464
-0.442500 0.442475
-0.441500 0.441484
-0.440500 0.440491
-0.439500 0.439496
-0.438500 0.438499
-0.437500 0.437500
-0.436500 0.436501
-0.435500 0.435504
-0.434500 0.434509
-0.433500 0.433516
-0.432500 0.432525
-0.431500 0.431536
-0.430500 0.430549
-0.429500 0.429564
-0.428500 0.428581
-0.427500 0.427600
-0.426500 0.426621
-0.425500 0.425644
-0.424500 0.424669
-0.423500 0.423696
-0.422500 0.422725
-0.421500 0.421756
-0.420500 0.420789
-0.419500 0.419824
-0.418500 0.418861
-0.417500 0.417900
-0.416500 0.416941
-0.415500 0.415984
-0.414500 0.415029
-0.413500 0.414076
-0.412500 0.413125
-0.411500 0.412176
-0.410500 0.411229
-0.409500 0.410284
-0.408500 0.409341
-0.407500 0.408400
-0.406500 0.407461
-0.405500 0.406524
-0.404500 0.405589
-0.403500 0.404656
-0.402500 0.403725
-0.401500 0.402796
-0.400500 0.401869
-0.399500 0.400944
-0.398500 0.400021
-0.397500 0.399100
-0.396500 0.398181
-0.395500 0.397264
-0.394500 0.396349
-0.393500 0.395436
-0.392500 0.394525
-0.391500 0.393616
-0.390500 0.392709
-0.389500 0.391804
-0.388500 0.390901
-0.387500 0.390000
-0.386500 0.389101
-0.385500 0.388204
-0.384500 0.387309
-0.383500 0.386416
-0.382500 0.385525
-0.381500 0.384636
-0.380500 0.383749
-0.379500 0.382864
-0.378500 0.381981
-0.377500 0.381100
-0.376500 0.380221
-0.375500 0.379344
-0.374500 0.378469
-0.373500 0.377596
-0.372500 0.376725
-0.371500 0.375856
-0.370500 0.374989
-0.369500 0.374124
-0.368500 0.373261
-0.367500 0.372400
-0.366500 0.371541
-0.365500 0.370684
-0.364500 0.369829
-0.363500 0.368976
-0.362500 0.368125
-0.361500 0.367276
-0.360500 0.366429
-0.359500 0.365584
-0.358500 0.364741
-0.357500 0.363900
-0.356500 0.363061
-0.355500 0.362224
-0.354500 0.361389
-0.353500 0.360556
-0.352500 0.359725
-0.351500 0.358896
-0.350500 0.358069
-0.349500 0.357244
-0.348500 0.356421
-0.347500 0.355600
-0.346500 0.354781
-0.345500 0.353964
-0.344500 0.353149
-0.343500 0.352336
-0.342500 0.351525
-0.341500 0.350716
-0.340500 0.349909
-0.339500 0.349104
-0.338500 0.348301
-0.337500 0.347500
-0.336500 0.346701
-0.335500 0.345904
-0.334500 0.345109
-0.333500 0.344316
-0.332500 0.343525
-0.331500 0.342736
-0.330500 0.341949
-0.329500 0.341164
-0.328500 0.340381
-0.327500 0.339600
-0.326500 0.338821
-0.325500 0.338044
-0.324500 0.337269
-0.323500 0.336496
-0.322500 0.335725
-0.321500 0.334956
-0.320500 0.334189
-0.319500 0.333424
-0.318500 0.332661
-0.317500 0.331900
-0.316500 0.331141
-0.315500 0.330384
-0.314500 0.329629
-0.313500 0.328876
-0.312500 0.328125
-0.311500 0.327376
-0.310500 0.326629
-0.309500 0.325884
-0.308500 0.325141
-0.307500 0.324400
-0.306500 0.323661
-0.305500 0.322924
-0.304500 0.322189
-0.303500 0.321456
-0.302500 0.320725
-0.301500 0.319996
-0.300500 0.319269
-0.299500 0.318544
-0.298500 0.317821
-0.297500 0.317100
-0.296500 0.316381
-0.295500 0.315664
-0.294500 0.314949
-0.293500 0.314236
-0.292500 0.313525
-0.291500 0.312816
-0.290500 0.312109
-0.289500 0.311404
-0.288500 0.310701
-0.287500 0.310000
-0.286500 0.309301
-0.285500 0.308604
-0.284500 0.307909
-0.283500 0.307216
-0.282500 0.306525
-0.281500 0.305836
-0.280500 0.305149
-0.279500 0.304464
-0.278500 0.303781
-0.277500 0.303100
-0.276500 0.302421
-0.275500 0.301744
-0.274500 0.301069
-0.273500 0.300396
-0.272500 0.299725
-0.271500 0.299056
-0.270500 0.298389
-0.269500 0.297724
-0.268500 0.297061
-0.267500 0.296400
-0.266500 0.295741
-0.265500 0.295084
-0.264500 0.294429
-0.263500 0.293776
-0.262500 0.293125
-0.261500 0.292476
-0.260500 0.291829
-0.259500 0.291184
-0.258500 0.290541
-0.257500 0.289900
-0.256500 0.289261
-0.255500 0.288624
-0.254500 0.287989
-0.253500 0.287356
-0.252500 0.286725
-0.251500 0.286096
-0.250500 0.285469
-0.249500 0.284844
-0.248500 0.284221
-0.247500 0.283600
-0.246500 0.282981
-0.245500 0.282364
-0.244500 0.281749
-0.243500 0.281136
-0.242500 0.280525
-0.241500 0.279916
-0.240500 0.279309
-0.239500 0.278704
-0.238500 0.278101
-0.237500 0.277500
-0.236500 0.276901
-0.235500 0.276304
-0.234500 0.275709
-0.233500 0.275116
-0.232500 0.274525
-0.231500 0.273936
-0.230500 0.273349
-0.229500 0.272764
-0.228500 0.272181
-0.227500 0.271600
-0.226500 0.271021
-0.225500 0.270444
-0.224500 0.269869
-0.223500 0.269296
-0.222500 0.268725
-0.221500 0.268156
-0.220500 0.267589
-0.219500 0.267024
-0.218500 0.266461
-0.217500 0.265900
-0.216500 0.265341
-0.215500 0.264784
-0.214500 0.264229
-0.213500 0.263676
-0.212500 0.263125
-0.211500 0.262576
-0.210500 0.262029
-0.209500 0.261484
-0.208500 0.260941
-0.207500 0.260400
-0.206500 0.259861
-0.205500 0.259324
-0.204500 0.258789
-0.203500 0.258256
-0.202500 0.257725
-0.201500 0.257196
-0.200500 0.256669
-0.199500 0.256144
-0.198500 0.255621
-0.197500 0.255100
-0.196500 0.254581
-0.195500 0.254064
-0.194500 0.253549
-0.193500 0.253036
-0.192500 0.252525
-0.191500 0.252016
-0.190500 0.251509
-0.189500 0.251004
-0.188500 0.250501
-0.187500 0.250000
-0.186500 0.249501
-0.185500 0.249004
-0.184500 0.248509
-0.183500 0.248016
-0.182500 0.247525
-0.181500 0.247036
-0.180500 0.246549
-0.179500 0.246064
-0.178500 0.245581
-0.177500 0.245100
-0.176500 0.244621
-0.175500 0.244144
-0.174500 0.243669
-0.173500 0.243196
-0.172500 0.242725
-0.171500 0.242256
-0.170500 0.241789
-0.169500 0.241324
-0.168500 0.240861
-0.167500 0.240400
-0.166500 0.239941
-0.165500 0.239484
-0.164500 0.239029
-0.163500 0.238576
-0.162500 0.238125
-0.161500 0.237676
-0.160500 0.237229
-0.159500 0.236784
-0.158500 0.236341
-0.157500 0.235900
-0.156500 0.235461
-0.155500 0.235024
-0.154500 0.234589
-0.153500 0.234156
-0.152500 0.233725
-0.151500 0.233296
-0.150500 0.232869
-0.149500 0.232444
-0.148500 0.232021
-0.147500 0.231600
-0.146500 0.231181
-0.145500 0.230764
-0.144500 0.230349
-0.143500 0.229936
-0.142500 0.229525
-0.141500 0.229116
-0.140500 0.228709
-0.139500 0.228304
-0.138500 0.227901
-0.137500 0.227500
-0.136500 0.227101
-0.135500 0.226704
-0.134500 0.226309
-0.133500 0.225916
-0.132500 0.225525
-0.131500 0.225136
-0.130500 0.224749
-0.129500 0.224364
-0.128500 0.223981
-0.127500 0.223600
-0.126500 0.223221
-0.125500 0.222844
-0.124500 0.222469
-0.123500 0.222096
-0.122500 0.221725
-0.121500 0.221356
-0.120500 0.220989
-0.119500 0.220624
-0.118500 0.220261
-0.117500 0.219900
-0.116500 0.219541
-0.115500 0.219184
-0.114500 0.218829
-0.113500 0.218476
-0.112500 0.218125
-0.111500 0.217776
-0.110500 0.217429
-0.109500 0.217084
-0.108500 0.216741
-0.107500 0.216400
-0.106500 0.216061
-0.105500 0.215724
-0.104500 0.215389
-0.103500 0.215056
-0.102500 0.214725
-0.101500 0.214396
-0.100500 0.214069
-0.099500 0.213744
-0.098500 0.213421
-0.097500 0.213100
-0.096500 0.212781
-0.095500 0.212464
-0.094500 0.212149
-0.093500 0.211836
-0.092500 0.211525
-0.091500 0.211216
-0.090500 0.210909
-0.089500 0.210604
-0.088500 0.210301
-0.087500 0.210000
-0.086500 0.209701
-0.085500 0.209404
-0.084500 0.209109
-0.083500 0.208816
-0.082500 0.208525
-0.081500 0.208236
-0.080500 0.207949
-0.079500 0.207664
-0.078500 0.207381
-0.077500 0.207100
-0.076500 0.206821
-0.075500 0.206544
-0.074500 0.206269
-0.073500 0.205996
-0.072500 0.205725
-0.071500 0.205456
-0.070500 0.205189
-0.069500 0.204924
-0.068500 0.204661
-0.067500 0.204400
-0.066500 0.204141
-0.065500 0.203884
-0.064500 0.203629
-0.063500 0.203376
-0.062500 0.203125
-0.061500 0.202876
-0.060500 0.202629
-0.059500 0.202384
-0.058500 0.202141
-0.057500 0.201900
-0.056500 0.201661
-0.055500 0.201424
-0.054500 0.201189
-0.053500 0.200956
-0.052500 0.200725
-0.051500 0.200496
-0.050500 0.200269
-0.049500 0.200044
-0.048500 0.199821
-0.047500 0.199600
-0.046500 0.199381
-0.045500 0.199164
-0.044500 0.198949
-0.043500 0.198736
-0.042500 0.198525
-0.041500 0.198316
-0.040500 0.198109
-0.039500 0.197904
-0.038500 0.197701
-0.037500 0.197500
-0.036500 0.197301
-0.035500 0.197104
-0.034500 0.196909
-0.033500 0.196716
-0.032500 0.196525
-0.031500 0.196336
-0.030500 0.196149
-0.029500 0.195964
-0.028500 0.195781
-0.027500 0.195600
-0.026500 0.195421
-0.025500 0.195244
-0.024500 0.195069
-0.023500 0.194896
-0.022500 0.194725
-0.021500 0.194556
-0.020500 0.194389
-0.019500 0.194224
-0.018500 0.194061
-0.017500 0.193900
-0.016500 0.193741
-0.015500 0.193584
-0.014500 0.193429
-0.013500 0.193276
-0.012500 0.193125
-0.011500 0.192976
-0.010500 0.192829
-0.009500 0.192684
-0.008500 0.192541
-0.007500 0.192400
-0.006500 0.192261
-0.005500 0.192124
-0.004500 0.191989
-0.003500 0.191856
-0.002500 0.191725
-0.001500 0.191596
-0.000500 0.191469
0.000500 0.191344
0.001500 0.191221
0.002500 0.191100
0.003500 0.190981
0.004500 0.190864
0.005500 0.190749
0.006500 0.190636
0.007500 0.190525
0.008500 0.190416
0.009500 0.190309
0.010500 0.190204
0.011500 0.190101
0.012500 0.190000
0.013500 0.189901
0.014500 0.189804
0.015500 0.189709
0.016500 0.189616
0.017500 0.189525
0.018500 0.189436
0.019500 0.189349
0.020500 0.189264
0.021500 0.189181
0.022500 0.189100
0.023500 0.189021
0.024500 0.188944
0.025500 0.188869
0.026500 0.188796
0.027500 0.188725
0.028500 0.188656
0.029500 0.188589
0.030500 0.188524
0.031500 0.188461
0.032500 0.188400
0.033500 0.188341
0.034500 0.188284
0.035500 0.188229
0.036500 0.188176
0.037500 0.188125
0.038500 0.188076
0.039500 0.188029
0.040500 0.187984
0.041500 0.187941
0.042500 0.187900
0.043500 0.187861
0.044500 0.187824
0.045500 0.187789
0.046500 0.187756
0.047500 0.187725
0.048500 0.187696
0.049500 0.187669
0.050500 0.187644
0.051500 0.187621
0.052500 0.187600
0.053500 0.187581
0.054500 0.187564
0.055500 0.187549
0.056500 0.187536
0.057500 0.187525
0.058500 0.187516
0.059500 0.187509
0.060500 0.187504
0.061500 0.187501
0.062500 0.187500
0.063500 0.187501
0.064500 0.187504
0.065500 0.187509
0.066500 0.187516
0.067500 0.187525
0.068500 0.187536
0.069500 0.187549
0.070500 0.187564
0.071500 0.187581
0.072500 0.187600
0.073500 0.187621
0.074500 0.187644
0.075500 0.187669
0.076500 0.187696
0.077500 0.187725
0.078500 0.187756
0.079500 0.187789
0.080500 0.187824
0.081500 0.187861
0.082500 0.187900
0.083500 0.187941
0.084500 0.187984
0.085500 0.188029
0.086500 0.188076
0.087500 0.188125
0.088500 0.188176
0.089500 0.188229
0.090500 0.188284
0.091500 0.188341
0.092500 0.188400
0.093500 0.188461
0.094500 0.188524
0.095500 0.188589
0.096500 0.188656
0.097500 0.188725
0.098500 0.188796
0.099500 0.188869
0.100500 0.188944
0.101500 0.189021
0.102500 0.189100
0.103500 0.189181
0.104500 0.189264
0.105500 0.189349
0.106500 0.189436
0.107500 0.189525
0.108500 0.189616
0.109500 0.189709
0.110500 0.189804
0.111500 0.189901
0.112500 0.190000
0.113500 0.190101
0.114500 0.190204
0.115500 0.190309
0.116500 0.190416
0.117500 0.190525
0.118500 0.190636
0.119500 0.190749
0.120500 0.190864
0.121500 0.190981
0.122500 0.191100
0.123500 0.191221
0.124500 0.191344
0.125500 0.191344
0.126500 0.191221
0.127500 0.191100
0.128500 0.190981
0.129500 0.190864
0.130500 0.190749
0.131500 0.190636
0.132500 0.190525
0.133500 0.190416
0.134500 0.190309
0.135500 0.190204
0.136500 0.190101
0.137500 0.190000
0.138500 0.189901
0.139500 0.189804
0.140500 0.189709
0.141500 0.189616
0.142500 0.189525
0.143500 0.189436
0.144500 0.189349
0.145500 0.189264
0.146500 0.189181
0.147500 0.189100
0.148500 0.189021
0.149500 0.188944
0.150500 0.188869
0.151500 0.188796
0.152500 0.188725
0.153500 0.188656
0.154500 0.188589
0.155500 0.188524
0.156500 0.188461
0.157500 0.188400
0.158500 0.188341
0.159500 0.188284
0.160500 0.188229
0.161500 0.188176
0.162500 0.188125
0.163500 0.188076
0.164500 0.188029
0.165500 0.187984
0.166500 0.187941
0.167500 0.187900
0.168500 0.187861
0.169500 0.187824
0.170500 0.187789
0.171500 0.187756
0.172500 0.187725
0.173500 0.187696
0.174500 0.187669
0.175500 0.187644
0.176500 0.187621
0.177500 0.187600
0.178500 0.187581
0.179500 0.187564
0.180500 0.187549
0.181500 0.187536
0.182500 0.187525
0.183500 0.187516
0.184500 0.187509
0.185500 0.187504
0.186500 0.187501
0.187500 0.187500
0.188500 0.187501
0.189500 0.187504
0.190500 0.187509
0.191500 0.187516
0.192500 0.187525
0.193500 0.187536
0.194500 0.187549
0.195500 0.187564
0.196500 0.187581
0.197500 0.187600
0.198500 0.187621
0.199500 0.187644
0.200500 0.187669
0.201500 0.187696
0.202500 0.187725
0.203500 0.187756
0.204500 0.187789
0.205500 0.187824
0.206500 0.187861
0.207500 0.187900
0.208500 0.187941
0.209500 0.187984
0.210500 0.188029
0.211500 0.188076
0.212500 0.188125
0.213500 0.188176
0.214500 0.188229
0.215500 0.188284
0.216500 0.188341
0.217500 0.188400
0.218500 0.188461
0.219500 0.188524
0.220500 0.188589
0.221500 0.188656
0.222500 0.188725
0.223500 0.188796
0.224500 0.188869
0.225500 0.188944
0.226500 0.189021
0.227500 0.189100
0.228500 0.189181
0.229500 0.189264
0.230500 0.189349
0.231500 0.189436
0.232500 0.189525
0.233500 0.189616
0.234500 0.189709
0.235500 0.189804
0.236500 0.189901
0.237500 0.190000
0.238500 0.190101
0.239500 0.190204
0.240500 0.190309
0.241500 0.190416
0.242500 0.190525
0.243500 0.190636
0.244500 0.190749
0.245500 0.190864
0.246500 0.190981
0.247500 0.191100
0.248500 0.191221
0.249500 0.191344
0.250500 0.191344
0.251500 0.191221
0.252500 0.191100
0.253500 0.190981
0.254500 0.190864
0.255500 0.190749
0.256500 0.190636
0.257500 0.190525
0.258500 0.190416
0.259500 0.190309
0.260500 0.190204
0.261500 0.190101
0.262500 0.190000
0.263500 0.189901
0.264500 0.189804
0.265500 0.189709
0.266500 0.189616
0.267500 0.189525
0.268500 0.189436
0.269500 0.189349
0.270500 0.189264
0.271500 0.189181
0.272500 0.189100
0.273500 0.189021
0.274500 0.188944
0.275500 0.188869
0.276500 0.188796
0.277500 0.188725
0.278500 0.188656
0.279500 0.188589
0.280500 0.188524
0.281500 0.188461
0.282500 0.188400
0.283500 0.188341
0.284500 0.188284
0.285500 0.188229
0.286500 0.188176
0.287500 0.188125
0.288500 0.188076
0.289500 0.188029
0.290500 0.187984
0.291500 0.187941
0.292500 0.187900
0.293500 0.187861
0.294500 0.187824
0.295500 0.187789
0.296500 0.187756
0.297500 0.187725
0.298500 0.187696
0.299500 0.187669
0.300500 0.187644
0.301500 0.187621
0.302500 0.187600
0.303500 0.187581
0.304500 0.187564
0.305500 0.187549
0.306500 0.187536
0.307500 0.187525
0.308500 0.187516
0.309500 0.187509
0.310500 0.187504
0.311500 0.187501
0.312500 0.187500
0.313500 0.187501
0.314500 0.187504
0.315500 0.187509
0.316500 0.187516
0.317500 0.187525
0.318500 0.187536
0.319500 0.187549
0.320500 0.187564
0.321500 0.187581
0.322500 0.187600
0.323500 0.187621
0.324500 0.187644
0.325500 0.187669
0.326500 0.187696
0.327500 0.187725
0.328500 0.187756
0.329500 0.187789
0.330500 0.187824
0.331500 0.187861
0.332500 0.187900
0.333500 0.187941
0.334500 0.187984
0.335500 0.188029
0.336500 0.188076
0.337500 0.188125
0.338500 0.188176
0.339500 0.188229
0.340500 0.188284
0.341500 0.188341
0.342500 0.188400
0.343500 0.188461
0.344500 0.188524
0.345500 0.188589
0.346500 0.188656
0.347500 0.188725
0.348500 0.188796
0.349500 0.188869
0.350500 0.188944
0.351500 0.189021
0.352500 0.189100
0.353500 0.189181
0.354500 0.189264
0.355500 0.189349
0.356500 0.189436
0.357500 0.189525
0.358500 0.189616
0.359500 0.189709
0.360500 0.189804
0.361500 0.189901
0.362500 0.190000
0.363500 0.190101
0.364500 0.190204
0.365500 0.190309
0.366500 0.190416
0.367500 0.190525
0.368500 0.190636
0.369500 0.190749
0.370500 0.190864
0.371500 0.190981
0.372500 0.191100
0.373500 0.191221
0.374500 0.191344
0.375500 0.191344
0.376500 0.191221
0.377500 0.191100
0.378500 0.190981
0.379500 0.190864
0.380500 0.190749
0.381500 0.190636
0.382500 0.190525
0.383500 0.190416
0.384500 0.190309
0.385500 0.190204
0.386500 0.190101
0.387500 0.190000
0.388500 0.189901
0.389500 0.189804
0.390500 0.189709
0.391500 0.189616
0.392500 0.189525
0.393500 0.189436
0.394500 0.189349
0.395500 0.189264
0.396500 0.189181
0.397500 0.189100
0.398500 0.189021
0.399500 0.188944
0.400500 0.188869
0.401500 0.188796
0.402500 0.188725
0.403500 0.188656
0.404500 0.188589
0.405500 0.188524
0.406500 0.188461
0.407500 0.188400
0.408500 0.188341
0.409500 0.188284
0.410500 0.188229
0.411500 0.188176
0.412500 0.188125
0.413500 0.188076
0.414500 0.188029
0.415500 0.187984
0.416500 0.187941
0.417500 0.187900
0.418500 0.187861
0.419500 0.187824
0.420500 0.187789
0.421500 0.187756
0.422500 0.187725
0.423500 0.187696
0.424500 0.187669
0.425500 0.187644
0.426500 0.187621
0.427500 0.187600
0.428500 0.187581
0.429500 0.187564
0.430500 0.187549
0.431500 0.187536
0.432500 0.187525
0.433500 0.187516
0.434500 0.187509
0.435500 0.187504
0.436500 0.187501
0.437500 0.187500
0.438500 0.187501
0.439500 0.187504
0.440500 0.187509
0.441500 0.187516
0.442500 0.187525
0.443500 0.187536
0.444500 0.187549
0.445500 0.187564
0.446500 0.187581
0.447500 0.187600
0.448500 0.187621
0.449500 0.187644
0.450500 0.187669
0.451500 0.187696
0.452500 0.187725
0.453500 0.187756
0.454500 0.187789
0.455500 0.187824
0.456500 0.187861
0.457500 0.187900
0.458500 0.187941
0.459500 0.187984
0.460500 0.188029
0.461500 0.188076
0.462500 0.188125
0.463500 0.188176
0.464500 0.188229
0.465500 0.188284
0.466500 0.188341
0.467500 0.188400
0.468500 0.188461
0.469500 0.188524
0.470500 0.188589
0.471500 0.188656
0.472500 0.188725
0.473500 0.188796
0.474500 0.188869
0.475500 0.188944
0.476500 0.189021
0.477500 0.189100
0.478500 0.189181
0.479500 0.189264
0.480500 0.189349
0.481500 0.189436
0.482500 0.189525
0.483500 0.189616
0.484500 0.189709
0.485500 0.189804
0.486500 0.189901
0.487500 0.190000
0.488500 0.190101
0.489500 0.190204
0.490500 0.190309
0.491500 0.190416
0.492500 0.190525
0.493500 0.190636
0.494500 0.190749
0.495500 0.190864
0.496500 0.190981
0.497500 0.191100
0.498500 0.191221
0.499500 0.191344
0.500500 0.191344
0.501500 0.191221
0.502500 0.191100
0.503500 0.190981
0.504500 0.190864
0.505500 0.190749
0.506500 0.190636
0.507500 0.190525
0.508500 0.190416
0.509500 0.190309
0.510500 0.190204
0.511500 0.190101
0.512500 0.190000
0.513500 0.189901
0.514500 0.189804
0.515500 0.189709
0.516500 0.189616
0.517500 0.189525
0.518500 0.189436
0.519500 0.189349
0.520500 0.189264
0.521500 0.189181
0.522500 0.189100
0.523500 0.189021
0.524500 0.188944
0.525500 0.188869
0.526500 0.188796
0.527500 0.188725
0.528500 0.188656
0.529500 0.188589
0.530500 0.188524
0.531500 0.188461
0.532500 0.188400
0.533500 0.188341
0.534500 0.188284
0.535500 0.188229
0.536500 0.188176
0.537500 0.188125
0.538500 0.188076
0.539500 0.188029
0.540500 0.187984
0.541500 0.187941
0.542500 0.187900
0.543500 0.187861
0.544500 0.187824
0.545500 0.187789
0.546500 0.187756
0.547500 0.187725
0.548500 0.187696
0.549500 0.187669
0.550500 0.187644
0.551500 0.187621
0.552500 0.187600
0.553500 0.187581
0.554500 0.187564
0.555500 0.187549
0.556500 0.187536
0.557500 0.187525
0.558500 0.187516
0.559500 0.187509
0.560500 0.187504
0.561500 0.187501
0.561500 -0.438499
0.560500 -0.439496
0.559500 -0.440491
0.558500 -0.441484
0.557500 -0.442475
0.556500 -0.443464
0.555500 -0.444451
0.554500 -0.445436
0.553500 -0.446419
0.552500 -0.447400
0.551500 -0.448379
0.550500 -0.449356
0.549500 -0.450331
0.548500 -0.451304
0.547500 -0.452275
0.546500 -0.453244
0.545500 -0.454211
0.544500 -0.455176
0.543500 -0.456139
0.542500 -0.457100
0.541500 -0.458059
0.540500 -0.459016
0.539500 -0.459971
0.538500 -0.460924
0.537500 -0.461875
0.536500 -0.462824
0.535500 -0.463771
0.534500 -0.464716
0.533500 -0.465659
0.532500 -0.466600
0.531500 -0.467539
0.530500 -0.468476
0.529500 -0.469411
0.528500 -0.470344
0.527500 -0.471275
0.526500 -0.472204
0.525500 -0.473131
0.524500 -0.474056
0.523500 -0.474979
0.522500 -0.475900
0.521500 -0.476819
0.520500 -0.477736
0.519500 -0.478651
0.518500 -0.479564
0.517500 -0.480475
0.516500 -0.481384
0.515500 -0.482291
0.514500 -0.483196
0.513500 -0.484099
0.512500 -0.485000
0.511500 -0.485899
0.510500 -0.486796
0.509500 -0.487691
0.508500 -0.488584
0.507500 -0.489475
0.506500 -0.490364
0.505500 -0.491251
0.504500 -0.492136
0.503500 -0.493019
0.502500 -0.493900
0.501500 -0.494779
0.500500 -0.495656
0.499500 -0.495656
0.498500 -0.494779
0.497500 -0.493900
0.496500 -0.493019
0.495500 -0.492136
0.494500 -0.491251
0.493500 -0.490364
0.492500 -0.489475
0.491500 -0.488584
0.490500 -0.487691
0.489500 -0.486796
0.488500 -0.485899
0.487500 -0.485000
0.486500 -0.484099
0.485500 -0.483196
0.484500 -0.482291
0.483500 -0.481384
0.482500 -0.480475
0.481500 -0.479564
0.480500 -0.478651
0.479500 -0.477736
0.478500 -0.476819
0.477500 -0.475900
0.476500 -0.474979
0.475500 -0.474056
0.474500 -0.473131
0.473500 -0.472204
0.472500 -0.471275
0.471500 -0.470344
0.470500 -0.469411
0.469500 -0.468476
0.468500 -0.467539
0.467500 -0.466600
0.466500 -0.465659
0.465500 -0.464716
0.464500 -0.463771
0.463500 -0.462824
0.462500 -0.461875
0.461500 -0.460924
0.460500 -0.459971
0.459500 -0.459016
0.458500 -0.458059
0.457500 -0.457100
0.456500 -0.456139
0.455500 -0.455176
0.454500 -0.454211
0.453500 -0.453244
0.452500 -0.452275
0.451500 -0.451304
0.450500 -0.450331
0.449500 -0.449356
0.448500 -0.448379
0.447500 -0.447400
0.446500 -0.446419
0.445500 -0.445436
0.444500 -0.444451
0.443500 -0.443464
0.442500 -0.442475
0.441500 -0.441484
0.440500 -0.440491
0.439500 -0.439496
0.438500 -0.438499
0.437500 -0.437500
0.436500 -0.436501
0.435500 -0.435504
0.434500 -0.434509
0.433500 -0.433516
0.432500 -0.432525
0.431500 -0.431536
0.430500 -0.430549
0.429500 -0.429564
0.428500 -0.428581
0.427500 -0.427600
0.426500 -0.426621
0.425500 -0.425644
0.424500 -0.424669
0.423500 -0.423696
0.422500 -0.422725
0.421500 -0.421756
0.420500 -0.420789
0.419500 -0.419824
0.418500 -0.418861
0.417500 -0.417900
0.416500 -0.416941
0.415500 -0.415984
0.414500 -0.415029
0.413500 -0.414076
0.412500 -0.413125
0.411500 -0.412176
0.410500 -0.411229
0.409500 -0.410284
0.408500 -0.409341
0.407500 -0.408400
0.406500 -0.407461
0.405500 -0.406524
0.404500 -0.405589
0.403500 -0.404656
0.402500 -0.403725
0.401500 -0.402796
0.400500 -0.401869
0.399500 -0.400944
0.398500 -0.400021
0.397500 -0.399100
0.396500 -0.398181
0.395500 -0.397264
0.394500 -0.396349
0.393500 -0.395436
0.392500 -0.394525
0.391500 -0.393616
0.390500 -0.392709
0.389500 -0.391804
0.388500 -0.390901
0.387500 -0.390000
0.386500 -0.389101
0.385500 -0.388204
0.384500 -0.387309
0.383500 -0.386416
0.382500 -0.385525
0.381500 -0.384636
0.380500 -0.383749
0.379500 -0.382864
0.378500 -0.381981
0.377500 -0.381100
0.376500 -0.380221
0.375500 -0.379344
0.374500 -0.378469
0.373500 -0.377596
0.372500 -0.376725
0.371500 -0.375856
0.370500 -0.374989
0.369500 -0.374124
0.368500 -0.373261
0.367500 -0.372400
0.366500 -0.371541
0.365500 -0.370684
0.364500 -0.369829
0.363500 -0.368976
0.362500 -0.368125
0.361500 -0.367276
0.360500 -0.366429
0.359500 -0.365584
0.358500 -0.364741
0.357500 -0.363900
0.356500 -0.363061
0.355500 -0.362224
0.354500 -0.361389
0.353500 -0.360556
0.352500 -0.359725
0.351500 -0.358896
0.350500 -0.358069
0.349500 -0.357244
0.348500 -0.356421
0.347500 -0.355600
0.346500 -0.354781
0.345500 -0.353964
0.344500 -0.353149
0.343500 -0.352336
0.342500 -0.351525
0.341500 -0.350716
0.340500 -0.349909
0.339500 -0.349104
0.338500 -0.348301
0.337500 -0.347500
0.336500 -0.346701
0.335500 -0.345904
0.334500 -0.345109
0.333500 -0.344316
0.332500 -0.343525
0.331500 -0.342736
0.330500 -0.341949
0.329500 -0.341164
0.328500 -0.340381
0.327500 -0.339600
0.326500 -0.338821
0.325500 -0.338044
0.324500 -0.337269
0.323500 -0.336496
0.322500 -0.335725
0.321500 -0.334956
0.320500 -0.334189
0.319500 -0.333424
0.318500 -0.332661
0.317500 -0.331900
0.316500 -0.331141
0.315500 -0.330384
0.314500 -0.329629
0.313500 -0.328876
0.312500 -0.328125
0.311500 -0.327376
0.310500 -0.326629
0.309500 -0.325884
0.308500 -0.325141
0.307500 -0.324400
0.306500 -0.323661
0.305500 -0.322924
0.304500 -0.322189
0.303500 -0.321456
0.302500 -0.320725
0.301500 -0.319996
0.300500 -0.319269
0.299500 -0.318544
0.298500 -0.317821
0.297500 -0.317100
0.296500 -0.316381
0.295500 -0.315664
0.294500 -0.314949
0.293500 -0.314236
0.292500 -0.313525
0.291500 -0.312816
0.290500 -0.312109
0.289500 -0.311404
0.288500 -0.310701
0.287500 -0.310000
0.286500 -0.309301
0.285500 -0.308604
0.284500 -0.307909
0.283500 -0.307216
0.282500 -0.306525
0.281500 -0.305836
0.280500 -0.305149
0.279500 -0.304464
0.278500 -0.303781
0.277500 -0.303100
0.276500 -0.302421
0.275500 -0.301744
0.274500 -0.301069
0.273500 -0.300396
0.272500 -0.299725
0.271500 -0.299056
0.270500 -0.298389
0.269500 -0.297724
0.268500 -0.297061
0.267500 -0.296400
0.266500 -0.295741
0.265500 -0.295084
0.264500 -0.294429
0.263500 -0.293776
0.262500 -0.293125
0.261500 -0.292476
0.260500 -0.291829
0.259500 -0.291184
0.258500 -0.290541
0.257500 -0.289900
0.256500 -0.289261
0.255500 -0.288624
0.254500 -0.287989
0.253500 -0.287356
0.252500 -0.286725
0.251500 -0.286096
0.250500 -0.285469
0.249500 -0.284844
0.248500 -0.284221
0.247500 -0.283600
0.246500 -0.282981
0.245500 -0.282364
0.244500 -0.281749
0.243500 -0.281136
0.242500 -0.280525
0.241500 -0.279916
0.240500 -0.279309
0.239500 -0.278704
0.238500 -0.278101
0.237500 -0.277500
0.236500 -0.276901
0.235500 -0.276304
0.234500 -0.275709
0.233500 -0.275116
0.232500 -0.274525
0.231500 -0.273936
0.230500 -0.273349
0.229500 -0.272764
0.228500 -0.272181
0.227500 -0.271600
0.226500 -0.271021
0.225500 -0.270444
0.224500 -0.269869
0.223500 -0.269296
0.222500 -0.268725
0.221500 -0.268156
0.220500 -0.267589
0.219500 -0.267024
0.218500 -0.266461
0.217500 -0.265900
0.216500 -0.265341
0.215500 -0.264784
0.214500 -0.264229
0.213500 -0.263676
0.212500 -0.263125
0.211500 -0.262576
0.210500 -0.262029
0.209500 -0.261484
0.208500 -0.260941
0.207500 -0.260400
0.206500 -0.259861
0.205500 -0.259324
0.204500 -0.258789
0.203500 -0.258256
0.202500 -0.257725
0.201500 -0.257196
0.200500 -0.256669
0.199500 -0.256144
0.198500 -0.255621
0.197500 -0.255100
0.196500 -0.254581
0.195500 -0.254064
0.194500 -0.253549
0.193500 -0.253036
0.192500 -0.252525
0.191500 -0.252016
0.190500 -0.251509
0.189500 -0.251004
0.188500 -0.250501
0.187500 -0.250000
0.186500 -0.249501
0.185500 -0.249004
0.184500 -0.248509
0.183500 -0.248016
0.182500 -0.247525
0.181500 -0.247036
0.180500 -0.246549
0.179500 -0.246064
0.178500 -0.245581
0.177500 -0.245100
0.176500 -0.244621
0.175500 -0.244144
0.174500 -0.243669
0.173500 -0.243196
0.172500 -0.242725
0.171500 -0.242256
0.170500 -0.241789
0.169500 -0.241324
0.168500 -0.240861
0.167500 -0.240400
0.166500 -0.239941
0.165500 -0.239484
0.164500 -0.239029
0.163500 -0.238576
0.162500 -0.238125
0.161500 -0.237676
0.160500 -0.237229
0.159500 -0.236784
0.158500 -0.236341
0.157500 -0.235900
0.156500 -0.235461
0.155500 -0.235024
0.154500 -0.234589
0.153500 -0.234156
0.152500 -0.233725
0.151500 -0.233296
0.150500 -0.232869
0.149500 -0.232444
0.148500 -0.232021
0.147500 -0.231600
0.146500 -0.231181
0.145500 -0.230764
0.144500 -0.230349
0.143500 -0.229936
0.142500 -0.229525
0.141500 -0.229116
0.140500 -0.228709
0.139500 -0.228304
0.138500 -0.227901
0.137500 -0.227500
0.136500 -0.227101
0.135500 -0.226704
0.134500 -0.226309
0.133500 -0.225916
0.132500 -0.225525
0.131500 -0.225136
0.130500 -0.224749
0.129500 -0.224364
0.128500 -0.223981
0.127500 -0.223600
0.126500 -0.223221
0.125500 -0.222844
0.124500 -0.222469
0.123500 -0.222096
0.122500 -0.221725
0.121500 -0.221356
0.120500 -0.220989
0.119500 -0.220624
0.118500 -0.220261
0.117500 -0.219900
0.116500 -0.219541
0.115500 -0.219184
0.114500 -0.218829
0.113500 -0.218476
0.112500 -0.218125
0.111500 -0.217776
0.110500 -0.217429
0.109500 -0.217084
0.108500 -0.216741
0.107500 -0.216400
0.106500 -0.216061
0.105500 -0.215724
0.104500 -0.215389
0.103500 -0.215056
0.102500 -0.214725
0.101500 -0.214396
0.100500 -0.214069
0.099500 -0.213744
0.098500 -0.213421
0.097500 -0.213100
0.096500 -0.212781
0.095500 -0.212464
0.094500 -0.212149
0.093500 -0.211836
0.092500 -0.211525
0.091500 -0.211216
0.090500 -0.210909
0.089500 -0.210604
0.088500 -0.210301
0.087500 -0.210000
0.086500 -0.209701
0.085500 -0.209404
0.084500 -0.209109
0.083500 -0.208816
0.082500 -0.208525
0.081500 -0.208236
0.080500 -0.207949
0.079500 -0.207664
0.078500 -0.207381
0.077500 -0.207100
0.076500 -0.206821
0.075500 -0.206544
0.074500 -0.206269
0.073500 -0.205996
0.072500 -0.205725
0.071500 -0.205456
0.070500 -0.205189
0.069500 -0.204924
0.068500 -0.204661
0.067500 -0.204400
0.066500 -0.204141
0.065500 -0.203884
0.064500 -0.203629
0.063500 -0.203376
0.062500 -0.203125
0.061500 -0.202876
0.060500 -0.202629
0.059500 -0.202384
0.058500 -0.202141
0.057500 -0.201900
0.056500 -0.201661
0.055500 -0.201424
0.054500 -0.201189
0.053500 -0.200956
0.052500 -0.200725
0.051500 -0.200496
0.050500 -0.200269
0.049500 -0.200044
0.048500 -0.199821
0.047500 -0.199600
0.046500 -0.199381
0.045500 -0.199164
0.044500 -0.198949
0.043500 -0.198736
0.042500 -0.198525
0.041500 -0.198316
0.040500 -0.198109
0.039500 -0.197904
0.038500 -0.197701
0.037500 -0.197500
0.036500 -0.197301
0.035500 -0.197104
0.034500 -0.196909
0.033500 -0.196716
0.032500 -0.196525
0.031500 -0.196336
0.030500 -0.196149
0.029500 -0.195964
0.028500 -0.195781
0.027500 -0.195600
0.026500 -0.195421
0.025500 -0.195244
0.024500 -0.195069
0.023500 -0.194896
0.022500 -0.194725
0.021500 -0.194556
0.020500 -0.194389
0.019500 -0.194224
0.018500 -0.194061
0.017500 -0.193900
0.016500 -0.193741
0.015500 -0.193584
0.014500 -0.193429
0.013500 -0.193276
0.012500 -0.193125
0.011500 -0.192976
0.010500 -0.192829
0.009500 -0.192684
0.008500 -0.192541
0.007500 -0.192400
0.006500 -0.192261
0.005500 -0.192124
0.004500 -0.191989
0.003500 -0.191856
0.002500 -0.191725
0.001500 -0.191596
0.000500 -0.191469
-0.000500 -0.191344
-0.001500 -0.191221
-0.002500 -0.191100
-0.003500 -0.190981
-0.004500 -0.190864
-0.005500 -0.190749
-0.006500 -0.190636
-0.007500 -0.190525
-0.008500 -0.190416
-0.009500 -0.190309
-0.010500 -0.190204
-0.011500 -0.190101
-0.012500 -0.190000
-0.013500 -0.189901
-0.014500 -0.189804
-0.015500 -0.189709
-0.016500 -0.189616
-0.017500 -0.189525
-0.018500 -0.189436
-0.019500 -0.189349
-0.020500 -0.189264
-0.021500 -0.189181
-0.022500 -0.189100
-0.023500 -0.189021
-0.024500 -0.188944
-0.025500 -0.188869
-0.026500 -0.188796
-0.027500 -0.188725
-0.028500 -0.188656
-0.029500 -0.188589
-0.030500 -0.188524
-0.031500 -0.188461
-0.032500 -0.188400
-0.033500 -0.188341
-0.034500 -0.188284
-0.035500 -0.188229
-0.036500 -0.188176
-0.037500 -0.188125
-0.038500 -0.188076
-0.039500 -0.188029
-0.040500 -0.187984
-0.041500 -0.187941
-0.042500 -0.187900
-0.043500 -0.187861
-0.044500 -0.187824
-0.045500 -0.187789
-0.046500 -0.187756
-0.047500 -0.187725
-0.048500 -0.187696
-0.049500 -0.187669
-0.050500 -0.187644
-0.051500 -0.187621
-0.052500 -0.187600
-0.053500 -0.187581
-0.054500 -0.187564
-0.055500 -0.187549
-0.056500 -0.187536
-0.057500 -0.187525
-0.058500 -0.187516
-0.059500 -0.187509
-0.060500 -0.187504
-0.061500 -0.187501
-0.062500 -0.187500
-0.063500 -0.187501
-0.064500 -0.187504
-0.065500 -0.187509
-0.066500 -0.187516
-0.067500 -0.187525
-0.068500 -0.187536
-0.069500 -0.187549
-0.070500 -0.187564
-0.071500 -0.187581
-0.072500 -0.187600
-0.073500 -0.187621
-0.074500 -0.187644
-0.075500 -0.187669
-0.076500 -0.187696
-0.077500 -0.187725
-0.078500 -0.187756
-0.079500 -0.187789
-0.080500 -0.187824
-0.081500 -0.187861
-0.082500 -0.187900
-0.083500 -0.187941
-0.084500 -0.187984
-0.085500 -0.188029
-0.086500 -0.188076
-0.087500 -0.188125
-0.088500 -0.188176
-0.089500 -0.188229
-0.090500 -0.188284
-0.091500 -0.188341
-0.092500 -0.188400
-0.093500 -0.188461
-0.094500 -0.188524
-0.095500 -0.188589
-0.096500 -0.188656
-0.097500 -0.188725
-0.098500 -0.188796
-0.099500 -0.188869
-0.100500 -0.188944
-0.101500 -0.189021
-0.102500 -0.189100
-0.103500 -0.189181
-0.104500 -0.189264
-0.105500 -0.189349
-0.106500 -0.189436
-0.107500 -0.189525
-0.108500 -0.189616
-0.109500 -0.189709
-0.110500 -0.189804
-0.111500 -0.189901
-0.112500 -0.190000
-0.113500 -0.190101
-0.114500 -0.190204
-0.115500 -0.190309
-0.116500 -0.190416
-0.117500 -0.190525
-0.118500 -0.190636
-0.119500 -0.190749
-0.120500 -0.190864
-0.121500 -0.190981
-0.122500 -0.191100
-0.123500 -0.191221
-0.124500 -0.191344
-0.125500 -0.191344
-0.126500 -0.191221
-0.127500 -0.191100
-0.128500 -0.190981
-0.129500 -0.190864
-0.130500 -0.190749
-0.131500 -0.190636
-0.132500 -0.190525
-0.133500 -0.190416
-0.134500 -0.190309
-0.135500 -0.190204
-0.136500 -0.190101
-0.137500 -0.190000
-0.138500 -0.189901
-0.139500 -0.189804
-0.140500 -0.189709
-0.141500 -0.189616
-0.142500 -0.189525
-0.143500 -0.189436
-0.144500 -0.189349
-0.145500 -0.189264
-0.146500 -0.189181
-0.147500 -0.189100
-0.148500 -0.189021
-0.149500 -0.188944
-0.150500 -0.188869
-0.151500 -0.188796
-0.152500 -0.188725
-0.153500 -0.188656
-0.154500 -0.188589
-0.155500 -0.188524
-0.156500 -0.188461
-0.157500 -0.188400
-0.158500 -0.188341
-0.159500 -0.188284
-0.160500 -0.188229
-0.161500 -0.188176
-0.162500 -0.188125
-0.163500 -0.188076
-0.164500 -0.188029
-0.165500 -0.187984
-0.166500 -0.187941
-0.167500 -0.187900
-0.168500 -0.187861
-0.169500 -0.187824
-0.170500 -0.187789
-0.171500 -0.187756
-0.172500 -0.187725
-0.173500 -0.187696
-0.174500 -0.187669
-0.175500 -0.187644
-0.176500 -0.187621
-0.177500 -0.187600
-0.178500 -0.187581
-0.179500 -0.187564
-0.180500 -0.187549
-0.181500 -0.187536
-0.182500 -0.187525
-0.183500 -0.187516
-0.184500 -0.187509
-0.185500 -0.187504
-0.186500 -0.187501
-0.187500 -0.187500
-0.188500 -0.187501
-0.189500 -0.187504
-0.190500 -0.187509
-0.191500 -0.187516
-0.192500 -0.187525
-0.193500 -0.187536
-0.194500 -0.187549
-0.195500 -0.187564
-0.196500 -0.187581
-0.197500 -0.187600
-0.198500 -0.187621
-0.199500 -0.187644
-0.200500 -0.187669
-0.201500 -0.187696
-0.202500 -0.187725
-0.203500 -0.187756
-0.204500 -0.187789
-0.205500 -0.187824
-0.206500 -0.187861
-0.207500 -0.187900
-0.208500 -0.187941
-0.209500 -0.187984
-0.210500 -0.188029
-0.211500 -0.188076
-0.212500 -0.188125
-0.213500 -0.188176
-0.214500 -0.188229
-0.215500 -0.188284
-0.216500 -0.188341
-0.217500 -0.188400
-0.218500 -0.188461
-0.219500 -0.188524
-0.220500 -0.188589
-0.221500 -0.188656
-0.222500 -0.188725
-0.223500 -0.188796
-0.224500 -0.188869
-0.225500 -0.188944
-0.226500 -0.189021
-0.227500 -0.189100
-0.228500 -0.189181
-0.229500 -0.189264
-0.230500 -0.189349
-0.231500 -0.189436
-0.232500 -0.189525
-0.233500 -0.189616
-0.234500 -0.189709
-0.235500 -0.189804
-0.236500 -0.189901
-0.237500 -0.190000
-0.238500 -0.190101
-0.239500 -0.190204
-0.240500 -0.190309
-0.241500 -0.190416
-0.242500 -0.190525
-0.243500 -0.190636
-0.244500 -0.190749
-0.245500 -0.190864
-0.246500 -0.190981
-0.247500 -0.191100
-0.248500 -0.191221
-0.249500 -0.191344
-0.250500 -0.191344
-0.251500 -0.191221
-0.252500 -0.191100
-0.253500 -0.190981
-0.254500 -0.190864
-0.255500 -0.190749
-0.256500 -0.190636
-0.257500 -0.190525
-0.258500 -0.190416
-0.259500 -0.190309
-0.260500 -0.190204
-0.261500 -0.190101
-0.262500 -0.190000
-0.263500 -0.189901
-0.264500 -0.189804
-0.265500 -0.189709
-0.266500 -0.189616
-0.267500 -0.189525
-0.268500 -0.189436
-0.269500 -0.189349
-0.270500 -0.189264
-0.271500 -0.189181
-0.272500 -0.189100
-0.273500 -0.189021
-0.274500 -0.188944
-0.275500 -0.188869
-0.276500 -0.188796
-0.277500 -0.188725
-0.278500 -0.188656
-0.279500 -0.188589
-0.280500 -0.188524
-0.281500 -0.188461
-0.282500 -0.188400
-0.283500 -0.188341
-0.284500 -0.188284
-0.285500 -0.188229
-0.286500 -0.188176
-0.287500 -0.188125
-0.288500 -0.188076
-0.289500 -0.188029
-0.290500 -0.187984
-0.291500 -0.187941
-0.292500 -0.187900
-0.293500 -0.187861
-0.294500 -0.187824
-0.295500 -0.187789
-0.296500 -0.187756
-0.297500 -0.187725
-0.298500 -0.187696
-0.299500 -0.187669
-0.300500 -0.187644
-0.301500 -0.187621
-0.302500 -0.187600
-0.303500 -0.187581
-0.304500 -0.187564
-0.305500 -0.187549
-0.306500 -0.187536
-0.307500 -0.187525
-0.308500 -0.187516
-0.309500 -0.187509
-0.310500 -0.187504
-0.311500 -0.187501
-0.312500 -0.187500
-0.313500 -0.187501
-0.314500 -0.187504
-0.315500 -0.187509
-0.316500 -0.187516
-0.317500 -0.187525
-0.318500 -0.187536
-0.319500 -0.187549
-0.320500 -0.187564
-0.321500 -0.187581
-0.322500 -0.187600
-0.323500 -0.187621
-0.324500 -0.187644
-0.325500 -0.187669
-0.326500 -0.187696
-0.327500 -0.187725
-0.328500 -0.187756
-0.329500 -0.187789
-0.330500 -0.187824
-0.331500 -0.187861
-0.332500 -0.187900
-0.333500 -0.187941
-0.334500 -0.187984
-0.335500 -0.188029
-0.336500 -0.188076
-0.337500 -0.188125
-0.338500 -0.188176
-0.339500 -0.188229
-0.340500 -0.188284
-0.341500 -0.188341
-0.342500 -0.188400
-0.343500 -0.188461
-0.344500 -0.188524
-0.345500 -0.188589
-0.346500 -0.188656
-0.347500 -0.188725
-0.348500 -0.188796
-0.349500 -0.188869
-0.350500 -0.188944
-0.351500 -0.189021
-0.352500 -0.189100
-0.353500 -0.189181
-0.354500 -0.189264
-0.355500 -0.189349
-0.356500 -0.189436
-0.357500 -0.189525
-0.358500 -0.189616
-0.359500 -0.189709
-0.360500 -0.189804
-0.361500 -0.189901
-0.362500 -0.190000
-0.363500 -0.190101
-0.364500 -0.190204
-0.365500 -0.190309
-0.366500 -0.190416
-0.367500 -0.190525
-0.368500 -0.190636
-0.369500 -0.190749
-0.370500 -0.190864
-0.371500 -0.190981
-0.372500 -0.191100
-0.373500 -0.191221
-0.374500 -0.191344
-0.375500 -0.191344
-0.376500 -0.191221
-0.377500 -0.191100
-0.378500 -0.190981
-0.379500 -0.190864
-0.380500 -0.190749
-0.381500 -0.190636
-0.382500 -0.190525
-0.383500 -0.190416
-0.384500 -0.190309
-0.385500 -0.190204
-0.386500 -0.190101
-0.387500 -0.190000
-0.388500 -0.189901
-0.389500 -0.189804
-0.390500 -0.189709
-0.391500 -0.189616
-0.392500 -0.189525
-0.393500 -0.189436
-0.394500 -0.189349
-0.395500 -0.189264
-0.396500 -0.189181
-0.397500 -0.189100
-0.398500 -0.189021
-0.399500 -0.188944
-0.400500 -0.188869
-0.401500 -0.188796
-0.402500 -0.188725
-0.403500 -0.188656
-0.404500 -0.188589
-0.405500 -0.188524
-0.406500 -0.188461
-0.407500 -0.188400
-0.408500 -0.188341
-0.409500 -0.188284
-0.410500 -0.188229
-0.411500 -0.188176
-0.412500 -0.188125
-0.413500 -0.188076
-0.414500 -0.188029
-0.415500 -0.187984
-0.416500 -0.187941
-0.417500 -0.187900
-0.418500 -0.187861
-0.419500 -0.187824
-0.420500 -0.187789
-0.421500 -0.187756
-0.422500 -0.187725
-0.423500 -0.187696
-0.424500 -0.187669
-0.425500 -0.187644
-0.426500 -0.187621
-0.427500 -0.187600
-0.428500 -0.187581
-0.429500 -0.187564
-0.430500 -0.187549
-0.431500 -0.187536
-0.432500 -0.187525
-0.433500 -0.187516
-0.434500 -0.187509
-0.435500 -0.187504
-0.436500 -0.187501
-0.437500 -0.187500
-0.438500 -0.187501
-0.439500 -0.187504
-0.440500 -0.187509
-0.441500 -0.187516
-0.442500 -0.187525
-0.443500 -0.187536
-0.444500 -0.187549
-0.445500 -0.187564
-0.446500 -0.187581
-0.447500 -0.187600
-0.448500 -0.187621
-0.449500 -0.187644
-0.450500 -0.187669
-0.451500 -0.187696
-0.452500 -0.187725
-0.453500 -0.187756
-0.454500 -0.187789
-0.455500 -0.187824
-0.456500 -0.187861
-0.457500 -0.187900
-0.458500 -0.187941
-0.459500 -0.187984
-0.460500 -0.188029
-0.461500 -0.188076
-0.462500 -0.188125
-0.463500 -0.188176
-0.464500 -0.188229
-0.465500 -0.188284
-0.466500 -0.188341
-0.467500 -0.188400
-0.468500 -0.188461
-0.469500 -0.188524
-0.470500 -0.188589
-0.471500 -0.188656
-0.472500 -0.188725
-0.473500 -0.188796
-0.474500 -0.188869
-0.475500 -0.188944
-0.476500 -0.189021
-0.477500 -0.189100
-0.478500 -0.189181
-0.479500 -0.189264
-0.480500 -0.189349
-0.481500 -0.189436
-0.482500 -0.189525
-0.483500 -0.189616
-0.484500 -0.189709
-0.485500 -0.189804
-0.486500 -0.189901
-0.487500 -0.190000
-0.488500 -0.190101
-0.489500 -0.190204
-0.490500 -0.190309
-0.491500 -0.190416
-0.492500 -0.190525
-0.493500 -0.190636
-0.494500 -0.190749
-0.495500 -0.190864
-0.496500 -0.190981
-0.497500 -0.191100
-0.498500 -0.191221
-0.499500 -0.191344
-0.500500 -0.191344
-0.501500 -0.191221
-0.502500 -0.191100
-0.503500 -0.190981
-0.504500 -0.190864
-0.505500 -0.190749
-0.506500 -0.190636
-0.507500 -0.190525
-0.508500 -0.190416
-0.509500 -0.190309
-0.510500 -0.190204
-0.511500 -0.190101
-0.512500 -0.190000
-0.513500 -0.189901
-0.514500 -0.189804
-0.515500 -0.189709
-0.516500 -0.189616
-0.517500 -0.189525
-0.518500 -0.189436
-0.519500 -0.189349
-0.520500 -0.189264
-0.521500 -0.189181
-0.522500 -0.189100
-0.523500 -0.189021
-0.524500 -0.188944
-0.525500 -0.188869
-0.526500 -0.188796
-0.527500 -0.188725
-0.528500 -0.188656
-0.529500 -0.188589
-0.530500 -0.188524
-0.531500 -0.188461
-0.532500 -0.188400
-0.533500 -0.188341
-0.534500 -0.188284
-0.535500 -0.188229
-0.536500 -0.188176
-0.537500 -0.188125
-0.538500 -0.188076
-0.539500 -0.188029
-0.540500 -0.187984
-0.541500 -0.187941
-0.542500 -0.187900
-0.543500 -0.187861
-0.544500 -0.187824
-0.545500 -0.187789
-0.546500 -0.187756
-0.547500 -0.187725
-0.548500 -0.187696
-0.549500 -0.187669
-0.550500 -0.187644
-0.551500 -0.187621
-0.552500 -0.187600
-0.553500 -0.187581
-0.554500 -0.187564
-0.555500 -0.187549
-0.556500 -0.187536
-0.557500 -0.187525
-0.558500 -0.187516
-0.559500 -0.187509
-0.560500 -0.187504
-0.561500 -0.187501
-0.562500 -0.187500
