-0.437500 0.453125
-0.436500 0.452376
-0.435500 0.451629
-0.434500 0.450884
-0.433500 0.450141
-0.432500 0.449400
-0.431500 0.448661
-0.430500 0.447924
-0.429500 0.447189
-0.428500 0.446456
-0.427500 0.445725
-0.426500 0.444996
-0.425500 0.444269
-0.424500 0.443544
-0.423500 0.442821
-0.422500 0.442100
-0.421500 0.441381
-0.420500 0.440664
-0.419500 0.439949
-0.418500 0.439236
-0.417500 0.438525
-0.416500 0.437816
-0.415500 0.437109
-0.414500 0.436404
-0.413500 0.435701
-0.412500 0.435000
-0.411500 0.434301
-0.410500 0.433604
-0.409500 0.432909
-0.408500 0.432216
-0.407500 0.431525
-0.406500 0.430836
-0.405500 0.430149
-0.404500 0.429464
-0.403500 0.428781
-0.402500 0.428100
-0.401500 0.427421
-0.400500 0.426744
-0.399500 0.426069
-0.398500 0.425396
-0.397500 0.424725
-0.396500 0.424056
-0.395500 0.423389
-0.394500 0.422724
-0.393500 0.422061
-0.392500 0.421400
-0.391500 0.420741
-0.390500 0.420084
-0.389500 0.419429
-0.388500 0.418776
-0.387500 0.418125
-0.386500 0.417476
-0.385500 0.416829
-0.384500 0.416184
-0.383500 0.415541
-0.382500 0.414900
-0.381500 0.414261
-0.380500 0.413624
-0.379500 0.412989
-0.378500 0.412356
-0.377500 0.411725
-0.376500 0.411096
-0.375500 0.410469
-0.374500 0.409844
-0.373500 0.409221
-0.372500 0.408600
-0.371500 0.407981
-0.370500 0.407364
-0.369500 0.406749
-0.368500 0.406136
-0.367500 0.405525
-0.366500 0.404916
-0.365500 0.404309
-0.364500 0.403704
-0.363500 0.403101
-0.362500 0.402500
-0.361500 0.401901
-0.360500 0.401304
-0.359500 0.400709
-0.358500 0.400116
-0.357500 0.399525
-0.356500 0.398936
-0.355500 0.398349
-0.354500 0.397764
-0.353500 0.397181
-0.352500 0.396600
-0.351500 0.396021
-0.350500 0.395444
-0.349500 0.394869
-0.348500 0.394296
-0.347500 0.393725
-0.346500 0.393156
-0.345500 0.392589
-0.344500 0.392024
-0.343500 0.391461
-0.342500 0.390900
-0.341500 0.390341
-0.340500 0.389784
-0.339500 0.389229
-0.338500 0.388676
-0.337500 0.388125
-0.336500 0.387576
-0.335500 0.387029
-0.334500 0.386484
-0.333500 0.385941
-0.332500 0.385400
-0.331500 0.384861
-0.330500 0.384324
-0.329500 0.383789
-0.328500 0.383256
-0.327500 0.382725
-0.326500 0.382196
-0.325500 0.381669
-0.324500 0.381144
-0.323500 0.380621
-0.322500 0.380100
-0.321500 0.379581
-0.320500 0.379064
-0.319500 0.378549
-0.318500 0.378036
-0.317500 0.377525
-0.316500 0.377016
-0.315500 0.376509
-0.314500 0.376004
-0.313500 0.375501
-0.312500 0.375000
-0.311500 0.374501
-0.310500 0.374004
-0.309500 0.373509
-0.308500 0.373016
-0.307500 0.372525
-0.306500 0.372036
-0.305500 0.371549
-0.304500 0.371064
-0.303500 0.370581
-0.302500 0.370100
-0.301500 0.369621
-0.300500 0.369144
-0.299500 0.368669
-0.298500 0.368196
-0.297500 0.367725
-0.296500 0.367256
-0.295500 0.366789
-0.294500 0.366324
-0.293500 0.365861
-0.292500 0.365400
-0.291500 0.364941
-0.290500 0.364484
-0.289500 0.364029
-0.288500 0.363576
-0.287500 0.363125
-0.286500 0.362676
-0.285500 0.362229
-0.284500 0.361784
-0.283500 0.361341
-0.282500 0.360900
-0.281500 0.360461
-0.280500 0.360024
-0.279500 0.359589
-0.278500 0.359156
-0.277500 0.358725
-0.276500 0.358296
-0.275500 0.357869
-0.274500 0.357444
-0.273500 0.357021
-0.272500 0.356600
-0.271500 0.356181
-0.270500 0.355764
-0.269500 0.355349
-0.268500 0.354936
-0.267500 0.354525
-0.266500 0.354116
-0.265500 0.353709
-0.264500 0.353304
-0.263500 0.352901
-0.262500 0.352500
-0.261500 0.352101
-0.260500 0.351704
-0.259500 0.351309
-0.258500 0.350916
-0.257500 0.350525
-0.256500 0.350136
-0.255500 0.349749
-0.254500 0.349364
-0.253500 0.348981
-0.252500 0.348600
-0.251500 0.348221
-0.250500 0.347844
-0.249500 0.347469
-0.248500 0.347096
-0.247500 0.346725
-0.246500 0.346356
-0.245500 0.345989
-0.244500 0.345624
-0.243500 0.345261
-0.242500 0.344900
-0.241500 0.344541
-0.240500 0.344184
-0.239500 0.343829
-0.238500 0.343476
-0.237500 0.343125
-0.236500 0.342776
-0.235500 0.342429
-0.234500 0.342084
-0.233500 0.341741
-0.232500 0.341400
-0.231500 0.341061
-0.230500 0.340724
-0.229500 0.340389
-0.228500 0.340056
-0.227500 0.339725
-0.226500 0.339396
-0.225500 0.339069
-0.224500 0.338744
-0.223500 0.338421
-0.222500 0.338100
-0.221500 0.337781
-0.220500 0.337464
-0.219500 0.337149
-0.218500 0.336836
-0.217500 0.336525
-0.216500 0.336216
-0.215500 0.335909
-0.214500 0.335604
-0.213500 0.335301
-0.212500 0.335000
-0.211500 0.334701
-0.210500 0.334404
-0.209500 0.334109
-0.208500 0.333816
-0.207500 0.333525
-0.206500 0.333236
-0.205500 0.332949
-0.204500 0.332664
-0.203500 0.332381
-0.202500 0.332100
-0.201500 0.331821
-0.200500 0.331544
-0.199500 0.331269
-0.198500 0.330996
-0.197500 0.330725
-0.196500 0.330456
-0.195500 0.330189
-0.194500 0.329924
-0.193500 0.329661
-0.192500 0.329400
-0.191500 0.329141
-0.190500 0.328884
-0.189500 0.328629
-0.188500 0.328376
-0.187500 0.328125
-0.186500 0.327876
-0.185500 0.327629
-0.184500 0.327384
-0.183500 0.327141
-0.182500 0.326900
-0.181500 0.326661
-0.180500 0.326424
-0.179500 0.326189
-0.178500 0.325956
-0.177500 0.325725
-0.176500 0.325496
-0.175500 0.325269
-0.174500 0.325044
-0.173500 0.324821
-0.172500 0.324600
-0.171500 0.324381
-0.170500 0.324164
-0.169500 0.323949
-0.168500 0.323736
-0.167500 0.323525
-0.166500 0.323316
-0.165500 0.323109
-0.164500 0.322904
-0.163500 0.322701
-0.162500 0.322500
-0.161500 0.322301
-0.160500 0.322104
-0.159500 0.321909
-0.158500 0.321716
-0.157500 0.321525
-0.156500 0.321336
-0.155500 0.321149
-0.154500 0.320964
-0.153500 0.320781
-0.152500 0.320600
-0.151500 0.320421
-0.150500 0.320244
-0.149500 0.320069
-0.148500 0.319896
-0.147500 0.319725
-0.146500 0.319556
-0.145500 0.319389
-0.144500 0.319224
-0.143500 0.319061
-0.142500 0.318900
-0.141500 0.318741
-0.140500 0.318584
-0.139500 0.318429
-0.138500 0.318276
-0.137500 0.318125
-0.136500 0.317976
-0.135500 0.317829
-0.134500 0.317684
-0.133500 0.317541
-0.132500 0.317400
-0.131500 0.317261
-0.130500 0.317124
-0.129500 0.316989
-0.128500 0.316856
-0.127500 0.316725
-0.126500 0.316596
-0.125500 0.316469
-0.124500 0.316344
-0.123500 0.316221
-0.122500 0.316100
-0.121500 0.315981
-0.120500 0.315864
-0.119500 0.315749
-0.118500 0.315636
-0.117500 0.315525
-0.116500 0.315416
-0.115500 0.315309
-0.114500 0.315204
-0.113500 0.315101
-0.112500 0.315000
-0.111500 0.314901
-0.110500 0.314804
-0.109500 0.314709
-0.108500 0.314616
-0.107500 0.314525
-0.106500 0.314436
-0.105500 0.314349
-0.104500 0.314264
-0.103500 0.314181
-0.102500 0.314100
-0.101500 0.314021
-0.100500 0.313944
-0.099500 0.313869
-0.098500 0.313796
-0.097500 0.313725
-0.096500 0.313656
-0.095500 0.313589
-0.094500 0.313524
-0.093500 0.313461
-0.092500 0.313400
-0.091500 0.313341
-0.090500 0.313284
-0.089500 0.313229
-0.088500 0.313176
-0.087500 0.313125
-0.086500 0.313076
-0.085500 0.313029
-0.084500 0.312984
-0.083500 0.312941
-0.082500 0.312900
-0.081500 0.312861
-0.080500 0.312824
-0.079500 0.312789
-0.078500 0.312756
-0.077500 0.312725
-0.076500 0.312696
-0.075500 0.312669
-0.074500 0.312644
-0.073500 0.312621
-0.072500 0.312600
-0.071500 0.312581
-0.070500 0.312564
-0.069500 0.312549
-0.068500 0.312536
-0.067500 0.312525
-0.066500 0.312516
-0.065500 0.312509
-0.064500 0.312504
-0.063500 0.312501
-0.062500 0.312500
-0.061500 0.312501
-0.060500 0.312504
-0.059500 0.312509
-0.058500 0.312516
-0.057500 0.312525
-0.056500 0.312536
-0.055500 0.312549
-0.054500 0.312564
-0.053500 0.312581
-0.052500 0.312600
-0.051500 0.312621
-0.050500 0.312644
-0.049500 0.312669
-0.048500 0.312696
-0.047500 0.312725
-0.046500 0.312756
-0.045500 0.312789
-0.044500 0.312824
-0.043500 0.312861
-0.042500 0.312900
-0.041500 0.312941
-0.040500 0.312984
-0.039500 0.313029
-0.038500 0.313076
-0.037500 0.313125
-0.036500 0.313176
-0.035500 0.313229
-0.034500 0.313284
-0.033500 0.313341
-0.032500 0.313400
-0.031500 0.313461
-0.030500 0.313524
-0.029500 0.313589
-0.028500 0.313656
-0.027500 0.313725
-0.026500 0.313796
-0.025500 0.313869
-0.024500 0.313944
-0.023500 0.314021
-0.022500 0.314100
-0.021500 0.314181
-0.020500 0.314264
-0.019500 0.314349
-0.018500 0.314436
-0.017500 0.314525
-0.016500 0.314616
-0.015500 0.314709
-0.014500 0.314804
-0.013500 0.314901
-0.012500 0.315000
-0.011500 0.315101
-0.010500 0.315204
-0.009500 0.315309
-0.008500 0.315416
-0.007500 0.315525
-0.006500 0.315636
-0.005500 0.315749
-0.004500 0.315864
-0.003500 0.315981
-0.002500 0.316100
-0.001500 0.316221
-0.000500 0.316344
0.000500 0.316344
0.001500 0.316221
0.002500 0.316100
0.003500 0.315981
0.004500 0.315864
0.005500 0.315749
0.006500 0.315636
0.007500 0.315525
0.008500 0.315416
0.009500 0.315309
0.010500 0.315204
0.011500 0.315101
0.012500 0.315000
0.013500 0.314901
0.014500 0.314804
0.015500 0.314709
0.016500 0.314616
0.017500 0.314525
0.018500 0.314436
0.019500 0.314349
0.020500 0.314264
0.021500 0.314181
0.022500 0.314100
0.023500 0.314021
0.024500 0.313944
0.025500 0.313869
0.026500 0.313796
0.027500 0.313725
0.028500 0.313656
0.029500 0.313589
0.030500 0.313524
0.031500 0.313461
0.032500 0.313400
0.033500 0.313341
0.034500 0.313284
0.035500 0.313229
0.036500 0.313176
0.037500 0.313125
0.038500 0.313076
0.039500 0.313029
0.040500 0.312984
0.041500 0.312941
0.042500 0.312900
0.043500 0.312861
0.044500 0.312824
0.045500 0.312789
0.046500 0.312756
0.047500 0.312725
0.048500 0.312696
0.049500 0.312669
0.050500 0.312644
0.051500 0.312621
0.052500 0.312600
0.053500 0.312581
0.054500 0.312564
0.055500 0.312549
0.056500 0.312536
0.057500 0.312525
0.058500 0.312516
0.059500 0.312509
0.060500 0.312504
0.061500 0.312501
0.062500 0.312500
0.063500 0.312501
0.064500 0.312504
0.065500 0.312509
0.066500 0.312516
0.067500 0.312525
0.068500 0.312536
0.069500 0.312549
0.070500 0.312564
0.071500 0.312581
0.072500 0.312600
0.073500 0.312621
0.074500 0.312644
0.075500 0.312669
0.076500 0.312696
0.077500 0.312725
0.078500 0.312756
0.079500 0.312789
0.080500 0.312824
0.081500 0.312861
0.082500 0.312900
0.083500 0.312941
0.084500 0.312984
0.085500 0.313029
0.086500 0.313076
0.087500 0.313125
0.088500 0.313176
0.089500 0.313229
0.090500 0.313284
0.091500 0.313341
0.092500 0.313400
0.093500 0.313461
0.094500 0.313524
0.095500 0.313589
0.096500 0.313656
0.097500 0.313725
0.098500 0.313796
0.099500 0.313869
0.100500 0.313944
0.101500 0.314021
0.102500 0.314100
0.103500 0.314181
0.104500 0.314264
0.105500 0.314349
0.106500 0.314436
0.107500 0.314525
0.108500 0.314616
0.109500 0.314709
0.110500 0.314804
0.111500 0.314901
0.112500 0.315000
0.113500 0.315101
0.114500 0.315204
0.115500 0.315309
0.116500 0.315416
0.117500 0.315525
0.118500 0.315636
0.119500 0.315749
0.120500 0.315864
0.121500 0.315981
0.122500 0.316100
0.123500 0.316221
0.124500 0.316344
0.125500 0.316344
0.126500 0.316221
0.127500 0.316100
0.128500 0.315981
0.129500 0.315864
0.130500 0.315749
0.131500 0.315636
0.132500 0.315525
0.133500 0.315416
0.134500 0.315309
0.135500 0.315204
0.136500 0.315101
0.137500 0.315000
0.138500 0.314901
0.139500 0.314804
0.140500 0.314709
0.141500 0.314616
0.142500 0.314525
0.143500 0.314436
0.144500 0.314349
0.145500 0.314264
0.146500 0.314181
0.147500 0.314100
0.148500 0.314021
0.149500 0.313944
0.150500 0.313869
0.151500 0.313796
0.152500 0.313725
0.153500 0.313656
0.154500 0.313589
0.155500 0.313524
0.156500 0.313461
0.157500 0.313400
0.158500 0.313341
0.159500 0.313284
0.160500 0.313229
0.161500 0.313176
0.162500 0.313125
0.163500 0.313076
0.164500 0.313029
0.165500 0.312984
0.166500 0.312941
0.167500 0.312900
0.168500 0.312861
0.169500 0.312824
0.170500 0.312789
0.171500 0.312756
0.172500 0.312725
0.173500 0.312696
0.174500 0.312669
0.175500 0.312644
0.176500 0.312621
0.177500 0.312600
0.178500 0.312581
0.179500 0.312564
0.180500 0.312549
0.181500 0.312536
0.182500 0.312525
0.183500 0.312516
0.184500 0.312509
0.185500 0.312504
0.186500 0.312501
0.187500 0.312500
0.188500 0.312501
0.189500 0.312504
0.190500 0.312509
0.191500 0.312516
0.192500 0.312525
0.193500 0.312536
0.194500 0.312549
0.195500 0.312564
0.196500 0.312581
0.197500 0.312600
0.198500 0.312621
0.199500 0.312644
0.200500 0.312669
0.201500 0.312696
0.202500 0.312725
0.203500 0.312756
0.204500 0.312789
0.205500 0.312824
0.206500 0.312861
0.207500 0.312900
0.208500 0.312941
0.209500 0.312984
0.210500 0.313029
0.211500 0.313076
0.212500 0.313125
0.213500 0.313176
0.214500 0.313229
0.215500 0.313284
0.216500 0.313341
0.217500 0.313400
0.218500 0.313461
0.219500 0.313524
0.220500 0.313589
0.221500 0.313656
0.222500 0.313725
0.223500 0.313796
0.224500 0.313869
0.225500 0.313944
0.226500 0.314021
0.227500 0.314100
0.228500 0.314181
0.229500 0.314264
0.230500 0.314349
0.231500 0.314436
0.232500 0.314525
0.233500 0.314616
0.234500 0.314709
0.235500 0.314804
0.236500 0.314901
0.237500 0.315000
0.238500 0.315101
0.239500 0.315204
0.240500 0.315309
0.241500 0.315416
0.242500 0.315525
0.243500 0.315636
0.244500 0.315749
0.245500 0.315864
0.246500 0.315981
0.247500 0.316100
0.248500 0.316221
0.249500 0.316344
0.250500 0.316344
0.251500 0.316221
0.252500 0.316100
0.253500 0.315981
0.254500 0.315864
0.255500 0.315749
0.256500 0.315636
0.257500 0.315525
0.258500 0.315416
0.259500 0.315309
0.260500 0.315204
0.261500 0.315101
0.262500 0.315000
0.263500 0.314901
0.264500 0.314804
0.265500 0.314709
0.266500 0.314616
0.267500 0.314525
0.268500 0.314436
0.269500 0.314349
0.270500 0.314264
0.271500 0.314181
0.272500 0.314100
0.273500 0.314021
0.274500 0.313944
0.275500 0.313869
0.276500 0.313796
0.277500 0.313725
0.278500 0.313656
0.279500 0.313589
0.280500 0.313524
0.281500 0.313461
0.282500 0.313400
0.283500 0.313341
0.284500 0.313284
0.285500 0.313229
0.286500 0.313176
0.287500 0.313125
0.288500 0.313076
0.289500 0.313029
0.290500 0.312984
0.291500 0.312941
0.292500 0.312900
0.293500 0.312861
0.294500 0.312824
0.295500 0.312789
0.296500 0.312756
0.297500 0.312725
0.298500 0.312696
0.299500 0.312669
0.300500 0.312644
0.301500 0.312621
0.302500 0.312600
0.303500 0.312581
0.304500 0.312564
0.305500 0.312549
0.306500 0.312536
0.307500 0.312525
0.308500 0.312516
0.309500 0.312509
0.310500 0.312504
0.311500 0.312501
0.312500 0.312500
0.313500 0.312501
0.314500 0.312504
0.315500 0.312509
0.316500 0.312516
0.317500 0.312525
0.318500 0.312536
0.319500 0.312549
0.320500 0.312564
0.321500 0.312581
0.322500 0.312600
0.323500 0.312621
0.324500 0.312644
0.325500 0.312669
0.326500 0.312696
0.327500 0.312725
0.328500 0.312756
0.329500 0.312789
0.330500 0.312824
0.331500 0.312861
0.332500 0.312900
0.333500 0.312941
0.334500 0.312984
0.335500 0.313029
0.336500 0.313076
0.337500 0.313125
0.338500 0.313176
0.339500 0.313229
0.340500 0.313284
0.341500 0.313341
0.342500 0.313400
0.343500 0.313461
0.344500 0.313524
0.345500 0.313589
0.346500 0.313656
0.347500 0.313725
0.348500 0.313796
0.349500 0.313869
0.350500 0.313944
0.351500 0.314021
0.352500 0.314100
0.353500 0.314181
0.354500 0.314264
0.355500 0.314349
0.356500 0.314436
0.357500 0.314525
0.358500 0.314616
0.359500 0.314709
0.360500 0.314804
0.361500 0.314901
0.362500 0.315000
0.363500 0.315101
0.364500 0.315204
0.365500 0.315309
0.366500 0.315416
0.367500 0.315525
0.368500 0.315636
0.369500 0.315749
0.370500 0.315864
0.371500 0.315981
0.372500 0.316100
0.373500 0.316221
0.374500 0.316344
0.375500 0.316344
0.376500 0.316221
0.377500 0.316100
0.378500 0.315981
0.379500 0.315864
0.380500 0.315749
0.381500 0.315636
0.382500 0.315525
0.383500 0.315416
0.384500 0.315309
0.385500 0.315204
0.386500 0.315101
0.387500 0.315000
0.388500 0.314901
0.389500 0.314804
0.390500 0.314709
0.391500 0.314616
0.392500 0.314525
0.393500 0.314436
0.394500 0.314349
0.395500 0.314264
0.396500 0.314181
0.397500 0.314100
0.398500 0.314021
0.399500 0.313944
0.400500 0.313869
0.401500 0.313796
0.402500 0.313725
0.403500 0.313656
0.404500 0.313589
0.405500 0.313524
0.406500 0.313461
0.407500 0.313400
0.408500 0.313341
0.409500 0.313284
0.410500 0.313229
0.411500 0.313176
0.412500 0.313125
0.413500 0.313076
0.414500 0.313029
0.415500 0.312984
0.416500 0.312941
0.417500 0.312900
0.418500 0.312861
0.419500 0.312824
0.420500 0.312789
0.421500 0.312756
0.422500 0.312725
0.423500 0.312696
0.424500 0.312669
0.425500 0.312644
0.426500 0.312621
0.427500 0.312600
0.428500 0.312581
0.429500 0.312564
0.430500 0.312549
0.431500 0.312536
0.432500 0.312525
0.433500 0.312516
0.434500 0.312509
0.435500 0.312504
0.436500 0.312501
0.436500 -0.452376
0.435500 -0.451629
0.434500 -0.450884
0.433500 -0.450141
0.432500 -0.449400
0.431500 -0.448661
0.430500 -0.447924
0.429500 -0.447189
0.428500 -0.446456
0.427500 -0.445725
0.426500 -0.444996
0.425500 -0.444269
0.424500 -0.443544
0.423500 -0.442821
0.422500 -0.442100
0.421500 -0.441381
0.420500 -0.440664
0.419500 -0.439949
0.418500 -0.439236
0.417500 -0.438525
0.416500 -0.437816
0.415500 -0.437109
0.414500 -0.436404
0.413500 -0.435701
0.412500 -0.435000
0.411500 -0.434301
0.410500 -0.433604
0.409500 -0.432909
0.408500 -0.432216
0.407500 -0.431525
0.406500 -0.430836
0.405500 -0.430149
0.404500 -0.429464
0.403500 -0.428781
0.402500 -0.428100
0.401500 -0.427421
0.400500 -0.426744
0.399500 -0.426069
0.398500 -0.425396
0.397500 -0.424725
0.396500 -0.424056
0.395500 -0.423389
0.394500 -0.422724
0.393500 -0.422061
0.392500 -0.421400
0.391500 -0.420741
0.390500 -0.420084
0.389500 -0.419429
0.388500 -0.418776
0.387500 -0.418125
0.386500 -0.417476
0.385500 -0.416829
0.384500 -0.416184
0.383500 -0.415541
0.382500 -0.414900
0.381500 -0.414261
0.380500 -0.413624
0.379500 -0.412989
0.378500 -0.412356
0.377500 -0.411725
0.376500 -0.411096
0.375500 -0.410469
0.374500 -0.409844
0.373500 -0.409221
0.372500 -0.408600
0.371500 -0.407981
0.370500 -0.407364
0.369500 -0.406749
0.368500 -0.406136
0.367500 -0.405525
0.366500 -0.404916
0.365500 -0.404309
0.364500 -0.403704
0.363500 -0.403101
0.362500 -0.402500
0.361500 -0.401901
0.360500 -0.401304
0.359500 -0.400709
0.358500 -0.400116
0.357500 -0.399525
0.356500 -0.398936
0.355500 -0.398349
0.354500 -0.397764
0.353500 -0.397181
0.352500 -0.396600
0.351500 -0.396021
0.350500 -0.395444
0.349500 -0.394869
0.348500 -0.394296
0.347500 -0.393725
0.346500 -0.393156
0.345500 -0.392589
0.344500 -0.392024
0.343500 -0.391461
0.342500 -0.390900
0.341500 -0.390341
0.340500 -0.389784
0.339500 -0.389229
0.338500 -0.388676
0.337500 -0.388125
0.336500 -0.387576
0.335500 -0.387029
0.334500 -0.386484
0.333500 -0.385941
0.332500 -0.385400
0.331500 -0.384861
0.330500 -0.384324
0.329500 -0.383789
0.328500 -0.383256
0.327500 -0.382725
0.326500 -0.382196
0.325500 -0.381669
0.324500 -0.381144
0.323500 -0.380621
0.322500 -0.380100
0.321500 -0.379581
0.320500 -0.379064
0.319500 -0.378549
0.318500 -0.378036
0.317500 -0.377525
0.316500 -0.377016
0.315500 -0.376509
0.314500 -0.376004
0.313500 -0.375501
0.312500 -0.375000
0.311500 -0.374501
0.310500 -0.374004
0.309500 -0.373509
0.308500 -0.373016
0.307500 -0.372525
0.306500 -0.372036
0.305500 -0.371549
0.304500 -0.371064
0.303500 -0.370581
0.302500 -0.370100
0.301500 -0.369621
0.300500 -0.369144
0.299500 -0.368669
0.298500 -0.368196
0.297500 -0.367725
0.296500 -0.367256
0.295500 -0.366789
0.294500 -0.366324
0.293500 -0.365861
0.292500 -0.365400
0.291500 -0.364941
0.290500 -0.364484
0.289500 -0.364029
0.288500 -0.363576
0.287500 -0.363125
0.286500 -0.362676
0.285500 -0.362229
0.284500 -0.361784
0.283500 -0.361341
0.282500 -0.360900
0.281500 -0.360461
0.280500 -0.360024
0.279500 -0.359589
0.278500 -0.359156
0.277500 -0.358725
0.276500 -0.358296
0.275500 -0.357869
0.274500 -0.357444
0.273500 -0.357021
0.272500 -0.356600
0.271500 -0.356181
0.270500 -0.355764
0.269500 -0.355349
0.268500 -0.354936
0.267500 -0.354525
0.266500 -0.354116
0.265500 -0.353709
0.264500 -0.353304
0.263500 -0.352901
0.262500 -0.352500
0.261500 -0.352101
0.260500 -0.351704
0.259500 -0.351309
0.258500 -0.350916
0.257500 -0.350525
0.256500 -0.350136
0.255500 -0.349749
0.254500 -0.349364
0.253500 -0.348981
0.252500 -0.348600
0.251500 -0.348221
0.250500 -0.347844
0.249500 -0.347469
0.248500 -0.347096
0.247500 -0.346725
0.246500 -0.346356
0.245500 -0.345989
0.244500 -0.345624
0.243500 -0.345261
0.242500 -0.344900
0.241500 -0.344541
0.240500 -0.344184
0.239500 -0.343829
0.238500 -0.343476
0.237500 -0.343125
0.236500 -0.342776
0.235500 -0.342429
0.234500 -0.342084
0.233500 -0.341741
0.232500 -0.341400
0.231500 -0.341061
0.230500 -0.340724
0.229500 -0.340389
0.228500 -0.340056
0.227500 -0.339725
0.226500 -0.339396
0.225500 -0.339069
0.224500 -0.338744
0.223500 -0.338421
0.222500 -0.338100
0.221500 -0.337781
0.220500 -0.337464
0.219500 -0.337149
0.218500 -0.336836
0.217500 -0.336525
0.216500 -0.336216
0.215500 -0.335909
0.214500 -0.335604
0.213500 -0.335301
0.212500 -0.335000
0.211500 -0.334701
0.210500 -0.334404
0.209500 -0.334109
0.208500 -0.333816
0.207500 -0.333525
0.206500 -0.333236
0.205500 -0.332949
0.204500 -0.332664
0.203500 -0.332381
0.202500 -0.332100
0.201500 -0.331821
0.200500 -0.331544
0.199500 -0.331269
0.198500 -0.330996
0.197500 -0.330725
0.196500 -0.330456
0.195500 -0.330189
0.194500 -0.329924
0.193500 -0.329661
0.192500 -0.329400
0.191500 -0.329141
0.190500 -0.328884
0.189500 -0.328629
0.188500 -0.328376
0.187500 -0.328125
0.186500 -0.327876
0.185500 -0.327629
0.184500 -0.327384
0.183500 -0.327141
0.182500 -0.326900
0.181500 -0.326661
0.180500 -0.326424
0.179500 -0.326189
0.178500 -0.325956
0.177500 -0.325725
0.176500 -0.325496
0.175500 -0.325269
0.174500 -0.325044
0.173500 -0.324821
0.172500 -0.324600
0.171500 -0.324381
0.170500 -0.324164
0.169500 -0.323949
0.168500 -0.323736
0.167500 -0.323525
0.166500 -0.323316
0.165500 -0.323109
0.164500 -0.322904
0.163500 -0.322701
0.162500 -0.322500
0.161500 -0.322301
0.160500 -0.322104
0.159500 -0.321909
0.158500 -0.321716
0.157500 -0.321525
0.156500 -0.321336
0.155500 -0.321149
0.154500 -0.320964
0.153500 -0.320781
0.152500 -0.320600
0.151500 -0.320421
0.150500 -0.320244
0.149500 -0.320069
0.148500 -0.319896
0.147500 -0.319725
0.146500 -0.319556
0.145500 -0.319389
0.144500 -0.319224
0.143500 -0.319061
0.142500 -0.318900
0.141500 -0.318741
0.140500 -0.318584
0.139500 -0.318429
0.138500 -0.318276
0.137500 -0.318125
0.136500 -0.317976
0.135500 -0.317829
0.134500 -0.317684
0.133500 -0.317541
0.132500 -0.317400
0.131500 -0.317261
0.130500 -0.317124
0.129500 -0.316989
0.128500 -0.316856
0.127500 -0.316725
0.126500 -0.316596
0.125500 -0.316469
0.124500 -0.316344
0.123500 -0.316221
0.122500 -0.316100
0.121500 -0.315981
0.120500 -0.315864
0.119500 -0.315749
0.118500 -0.315636
0.117500 -0.315525
0.116500 -0.315416
0.115500 -0.315309
0.114500 -0.315204
0.113500 -0.315101
0.112500 -0.315000
0.111500 -0.314901
0.110500 -0.314804
0.109500 -0.314709
0.108500 -0.314616
0.107500 -0.314525
0.106500 -0.314436
0.105500 -0.314349
0.104500 -0.314264
0.103500 -0.314181
0.102500 -0.314100
0.101500 -0.314021
0.100500 -0.313944
0.099500 -0.313869
0.098500 -0.313796
0.097500 -0.313725
0.096500 -0.313656
0.095500 -0.313589
0.094500 -0.313524
0.093500 -0.313461
0.092500 -0.313400
0.091500 -0.313341
0.090500 -0.313284
0.089500 -0.313229
0.088500 -0.313176
0.087500 -0.313125
0.086500 -0.313076
0.085500 -0.313029
0.084500 -0.312984
0.083500 -0.312941
0.082500 -0.312900
0.081500 -0.312861
0.080500 -0.312824
0.079500 -0.312789
0.078500 -0.312756
0.077500 -0.312725
0.076500 -0.312696
0.075500 -0.312669
0.074500 -0.312644
0.073500 -0.312621
0.072500 -0.312600
0.071500 -0.312581
0.070500 -0.312564
0.069500 -0.312549
0.068500 -0.312536
0.067500 -0.312525
0.066500 -0.312516
0.065500 -0.312509
0.064500 -0.312504
0.063500 -0.312501
0.062500 -0.312500
0.061500 -0.312501
0.060500 -0.312504
0.059500 -0.312509
0.058500 -0.312516
0.057500 -0.312525
0.056500 -0.312536
0.055500 -0.312549
0.054500 -0.312564
0.053500 -0.312581
0.052500 -0.312600
0.051500 -0.312621
0.050500 -0.312644
0.049500 -0.312669
0.048500 -0.312696
0.047500 -0.312725
0.046500 -0.312756
0.045500 -0.312789
0.044500 -0.312824
0.043500 -0.312861
0.042500 -0.312900
0.041500 -0.312941
0.040500 -0.312984
0.039500 -0.313029
0.038500 -0.313076
0.037500 -0.313125
0.036500 -0.313176
0.035500 -0.313229
0.034500 -0.313284
0.033500 -0.313341
0.032500 -0.313400
0.031500 -0.313461
0.030500 -0.313524
0.029500 -0.313589
0.028500 -0.313656
0.027500 -0.313725
0.026500 -0.313796
0.025500 -0.313869
0.024500 -0.313944
0.023500 -0.314021
0.022500 -0.314100
0.021500 -0.314181
0.020500 -0.314264
0.019500 -0.314349
0.018500 -0.314436
0.017500 -0.314525
0.016500 -0.314616
0.015500 -0.314709
0.014500 -0.314804
0.013500 -0.314901
0.012500 -0.315000
0.011500 -0.315101
0.010500 -0.315204
0.009500 -0.315309
0.008500 -0.315416
0.007500 -0.315525
0.006500 -0.315636
0.005500 -0.315749
0.004500 -0.315864
0.003500 -0.315981
0.002500 -0.316100
0.001500 -0.316221
0.000500 -0.316344
-0.000500 -0.316344
-0.001500 -0.316221
-0.002500 -0.316100
-0.003500 -0.315981
-0.004500 -0.315864
-0.005500 -0.315749
-0.006500 -0.315636
-0.007500 -0.315525
-0.008500 -0.315416
-0.009500 -0.315309
-0.010500 -0.315204
-0.011500 -0.315101
-0.012500 -0.315000
-0.013500 -0.314901
-0.014500 -0.314804
-0.015500 -0.314709
-0.016500 -0.314616
-0.017500 -0.314525
-0.018500 -0.314436
-0.019500 -0.314349
-0.020500 -0.314264
-0.021500 -0.314181
-0.022500 -0.314100
-0.023500 -0.314021
-0.024500 -0.313944
-0.025500 -0.313869
-0.026500 -0.313796
-0.027500 -0.313725
-0.028500 -0.313656
-0.029500 -0.313589
-0.030500 -0.313524
-0.031500 -0.313461
-0.032500 -0.313400
-0.033500 -0.313341
-0.034500 -0.313284
-0.035500 -0.313229
-0.036500 -0.313176
-0.037500 -0.313125
-0.038500 -0.313076
-0.039500 -0.313029
-0.040500 -0.312984
-0.041500 -0.312941
-0.042500 -0.312900
-0.043500 -0.312861
-0.044500 -0.312824
-0.045500 -0.312789
-0.046500 -0.312756
-0.047500 -0.312725
-0.048500 -0.312696
-0.049500 -0.312669
-0.050500 -0.312644
-0.051500 -0.312621
-0.052500 -0.312600
-0.053500 -0.312581
-0.054500 -0.312564
-0.055500 -0.312549
-0.056500 -0.312536
-0.057500 -0.312525
-0.058500 -0.312516
-0.059500 -0.312509
-0.060500 -0.312504
-0.061500 -0.312501
-0.062500 -0.312500
-0.063500 -0.312501
-0.064500 -0.312504
-0.065500 -0.312509
-0.066500 -0.312516
-0.067500 -0.312525
-0.068500 -0.312536
-0.069500 -0.312549
-0.070500 -0.312564
-0.071500 -0.312581
-0.072500 -0.312600
-0.073500 -0.312621
-0.074500 -0.312644
-0.075500 -0.312669
-0.076500 -0.312696
-0.077500 -0.312725
-0.078500 -0.312756
-0.079500 -0.312789
-0.080500 -0.312824
-0.081500 -0.312861
-0.082500 -0.312900
-0.083500 -0.312941
-0.084500 -0.312984
-0.085500 -0.313029
-0.086500 -0.313076
-0.087500 -0.313125
-0.088500 -0.313176
-0.089500 -0.313229
-0.090500 -0.313284
-0.091500 -0.313341
-0.092500 -0.313400
-0.093500 -0.313461
-0.094500 -0.313524
-0.095500 -0.313589
-0.096500 -0.313656
-0.097500 -0.313725
-0.098500 -0.313796
-0.099500 -0.313869
-0.100500 -0.313944
-0.101500 -0.314021
-0.102500 -0.314100
-0.103500 -0.314181
-0.104500 -0.314264
-0.105500 -0.314349
-0.106500 -0.314436
-0.107500 -0.314525
-0.108500 -0.314616
-0.109500 -0.314709
-0.110500 -0.314804
-0.111500 -0.314901
-0.112500 -0.315000
-0.113500 -0.315101
-0.114500 -0.315204
-0.115500 -0.315309
-0.116500 -0.315416
-0.117500 -0.315525
-0.118500 -0.315636
-0.119500 -0.315749
-0.120500 -0.315864
-0.121500 -0.315981
-0.122500 -0.316100
-0.123500 -0.316221
-0.124500 -0.316344
-0.125500 -0.316344
-0.126500 -0.316221
-0.127500 -0.316100
-0.128500 -0.315981
-0.129500 -0.315864
-0.130500 -0.315749
-0.131500 -0.315636
-0.132500 -0.315525
-0.133500 -0.315416
-0.134500 -0.315309
-0.135500 -0.315204
-0.136500 -0.315101
-0.137500 -0.315000
-0.138500 -0.314901
-0.139500 -0.314804
-0.140500 -0.314709
-0.141500 -0.314616
-0.142500 -0.314525
-0.143500 -0.314436
-0.144500 -0.314349
-0.145500 -0.314264
-0.146500 -0.314181
-0.147500 -0.314100
-0.148500 -0.314021
-0.149500 -0.313944
-0.150500 -0.313869
-0.151500 -0.313796
-0.152500 -0.313725
-0.153500 -0.313656
-0.154500 -0.313589
-0.155500 -0.313524
-0.156500 -0.313461
-0.157500 -0.313400
-0.158500 -0.313341
-0.159500 -0.313284
-0.160500 -0.313229
-0.161500 -0.313176
-0.162500 -0.313125
-0.163500 -0.313076
-0.164500 -0.313029
-0.165500 -0.312984
-0.166500 -0.312941
-0.167500 -0.312900
-0.168500 -0.312861
-0.169500 -0.312824
-0.170500 -0.312789
-0.171500 -0.312756
-0.172500 -0.312725
-0.173500 -0.312696
-0.174500 -0.312669
-0.175500 -0.312644
-0.176500 -0.312621
-0.177500 -0.312600
-0.178500 -0.312581
-0.179500 -0.312564
-0.180500 -0.312549
-0.181500 -0.312536
-0.182500 -0.312525
-0.183500 -0.312516
-0.184500 -0.312509
-0.185500 -0.312504
-0.186500 -0.312501
-0.187500 -0.312500
-0.188500 -0.312501
-0.189500 -0.312504
-0.190500 -0.312509
-0.191500 -0.312516
-0.192500 -0.312525
-0.193500 -0.312536
-0.194500 -0.312549
-0.195500 -0.312564
-0.196500 -0.312581
-0.197500 -0.312600
-0.198500 -0.312621
-0.199500 -0.312644
-0.200500 -0.312669
-0.201500 -0.312696
-0.202500 -0.312725
-0.203500 -0.312756
-0.204500 -0.312789
-0.205500 -0.312824
-0.206500 -0.312861
-0.207500 -0.312900
-0.208500 -0.312941
-0.209500 -0.312984
-0.210500 -0.313029
-0.211500 -0.313076
-0.212500 -0.313125
-0.213500 -0.313176
-0.214500 -0.313229
-0.215500 -0.313284
-0.216500 -0.313341
-0.217500 -0.313400
-0.218500 -0.313461
-0.219500 -0.313524
-0.220500 -0.313589
-0.221500 -0.313656
-0.222500 -0.313725
-0.223500 -0.313796
-0.224500 -0.313869
-0.225500 -0.313944
-0.226500 -0.314021
-0.227500 -0.314100
-0.228500 -0.314181
-0.229500 -0.314264
-0.230500 -0.314349
-0.231500 -0.314436
-0.232500 -0.314525
-0.233500 -0.314616
-0.234500 -0.314709
-0.235500 -0.314804
-0.236500 -0.314901
-0.237500 -0.315000
-0.238500 -0.315101
-0.239500 -0.315204
-0.240500 -0.315309
-0.241500 -0.315416
-0.242500 -0.315525
-0.243500 -0.315636
-0.244500 -0.315749
-0.245500 -0.315864
-0.246500 -0.315981
-0.247500 -0.316100
-0.248500 -0.316221
-0.249500 -0.316344
-0.250500 -0.316344
-0.251500 -0.316221
-0.252500 -0.316100
-0.253500 -0.315981
-0.254500 -0.315864
-0.255500 -0.315749
-0.256500 -0.315636
-0.257500 -0.315525
-0.258500 -0.315416
-0.259500 -0.315309
-0.260500 -0.315204
-0.261500 -0.315101
-0.262500 -0.315000
-0.263500 -0.314901
-0.264500 -0.314804
-0.265500 -0.314709
-0.266500 -0.314616
-0.267500 -0.314525
-0.268500 -0.314436
-0.269500 -0.314349
-0.270500 -0.314264
-0.271500 -0.314181
-0.272500 -0.314100
-0.273500 -0.314021
-0.274500 -0.313944
-0.275500 -0.313869
-0.276500 -0.313796
-0.277500 -0.313725
-0.278500 -0.313656
-0.279500 -0.313589
-0.280500 -0.313524
-0.281500 -0.313461
-0.282500 -0.313400
-0.283500 -0.313341
-0.284500 -0.313284
-0.285500 -0.313229
-0.286500 -0.313176
-0.287500 -0.313125
-0.288500 -0.313076
-0.289500 -0.313029
-0.290500 -0.312984
-0.291500 -0.312941
-0.292500 -0.312900
-0.293500 -0.312861
-0.294500 -0.312824
-0.295500 -0.312789
-0.296500 -0.312756
-0.297500 -0.312725
-0.298500 -0.312696
-0.299500 -0.312669
-0.300500 -0.312644
-0.301500 -0.312621
-0.302500 -0.312600
-0.303500 -0.312581
-0.304500 -0.312564
-0.305500 -0.312549
-0.306500 -0.312536
-0.307500 -0.312525
-0.308500 -0.312516
-0.309500 -0.312509
-0.310500 -0.312504
-0.311500 -0.312501
-0.312500 -0.312500
-0.313500 -0.312501
-0.314500 -0.312504
-0.315500 -0.312509
-0.316500 -0.312516
-0.317500 -0.312525
-0.318500 -0.312536
-0.319500 -0.312549
-0.320500 -0.312564
-0.321500 -0.312581
-0.322500 -0.312600
-0.323500 -0.312621
-0.324500 -0.312644
-0.325500 -0.312669
-0.326500 -0.312696
-0.327500 -0.312725
-0.328500 -0.312756
-0.329500 -0.312789
-0.330500 -0.312824
-0.331500 -0.312861
-0.332500 -0.312900
-0.333500 -0.312941
-0.334500 -0.312984
-0.335500 -0.313029
-0.336500 -0.313076
-0.337500 -0.313125
-0.338500 -0.313176
-0.339500 -0.313229
-0.340500 -0.313284
-0.341500 -0.313341
-0.342500 -0.313400
-0.343500 -0.313461
-0.344500 -0.313524
-0.345500 -0.313589
-0.346500 -0.313656
-0.347500 -0.313725
-0.348500 -0.313796
-0.349500 -0.313869
-0.350500 -0.313944
-0.351500 -0.314021
-0.352500 -0.314100
-0.353500 -0.314181
-0.354500 -0.314264
-0.355500 -0.314349
-0.356500 -0.314436
-0.357500 -0.314525
-0.358500 -0.314616
-0.359500 -0.314709
-0.360500 -0.314804
-0.361500 -0.314901
-0.362500 -0.315000
-0.363500 -0.315101
-0.364500 -0.315204
-0.365500 -0.315309
-0.366500 -0.315416
-0.367500 -0.315525
-0.368500 -0.315636
-0.369500 -0.315749
-0.370500 -0.315864
-0.371500 -0.315981
-0.372500 -0.316100
-0.373500 -0.316221
-0.374500 -0.316344
-0.375500 -0.316344
-0.376500 -0.316221
-0.377500 -0.316100
-0.378500 -0.315981
-0.379500 -0.315864
-0.380500 -0.315749
-0.381500 -0.315636
-0.382500 -0.315525
-0.383500 -0.315416
-0.384500 -0.315309
-0.385500 -0.315204
-0.386500 -0.315101
-0.387500 -0.315000
-0.388500 -0.314901
-0.389500 -0.314804
-0.390500 -0.314709
-0.391500 -0.314616
-0.392500 -0.314525
-0.393500 -0.314436
-0.394500 -0.314349
-0.395500 -0.314264
-0.396500 -0.314181
-0.397500 -0.314100
-0.398500 -0.314021
-0.399500 -0.313944
-0.400500 -0.313869
-0.401500 -0.313796
-0.402500 -0.313725
-0.403500 -0.313656
-0.404500 -0.313589
-0.405500 -0.313524
-0.406500 -0.313461
-0.407500 -0.313400
-0.408500 -0.313341
-0.409500 -0.313284
-0.410500 -0.313229
-0.411500 -0.313176
-0.412500 -0.313125
-0.413500 -0.313076
-0.414500 -0.313029
-0.415500 -0.312984
-0.416500 -0.312941
-0.417500 -0.312900
-0.418500 -0.312861
-0.419500 -0.312824
-0.420500 -0.312789
-0.421500 -0.312756
-0.422500 -0.312725
-0.423500 -0.312696
-0.424500 -0.312669
-0.425500 -0.312644
-0.426500 -0.312621
-0.427500 -0.312600
-0.428500 -0.312581
-0.429500 -0.312564
-0.430500 -0.312549
-0.431500 -0.312536
-0.432500 -0.312525
-0.433500 -0.312516
-0.434500 -0.312509
-0.435500 -0.312504
-0.436500 -0.312501
-0.437500 -0.312500
