-0.875000 0.125000
-0.874000 0.125999
-0.873000 0.126996
-0.872000 0.127991
-0.871000 0.128984
-0.870000 0.129975
-0.869000 0.130964
-0.868000 0.131951
-0.867000 0.132936
-0.866000 0.133919
-0.865000 0.134900
-0.864000 0.135879
-0.863000 0.136856
-0.862000 0.137831
-0.861000 0.138804
-0.860000 0.139775
-0.859000 0.140744
-0.858000 0.141711
-0.857000 0.142676
-0.856000 0.143639
-0.855000 0.144600
-0.854000 0.145559
-0.853000 0.146516
-0.852000 0.147471
-0.851000 0.148424
-0.850000 0.149375
-0.849000 0.150324
-0.848000 0.151271
-0.847000 0.152216
-0.846000 0.153159
-0.845000 0.154100
-0.844000 0.155039
-0.843000 0.155976
-0.842000 0.156911
-0.841000 0.157844
-0.840000 0.158775
-0.839000 0.159704
-0.838000 0.160631
-0.837000 0.161556
-0.836000 0.162479
-0.835000 0.163400
-0.834000 0.164319
-0.833000 0.165236
-0.832000 0.166151
-0.831000 0.167064
-0.830000 0.167975
-0.829000 0.168884
-0.828000 0.169791
-0.827000 0.170696
-0.826000 0.171599
-0.825000 0.172500
-0.824000 0.173399
-0.823000 0.174296
-0.822000 0.175191
-0.821000 0.176084
-0.820000 0.176975
-0.819000 0.177864
-0.818000 0.178751
-0.817000 0.179636
-0.816000 0.180519
-0.815000 0.181400
-0.814000 0.182279
-0.813000 0.183156
-0.812000 0.184031
-0.811000 0.184904
-0.810000 0.185775
-0.809000 0.186644
-0.808000 0.187511
-0.807000 0.188376
-0.806000 0.189239
-0.805000 0.190100
-0.804000 0.190959
-0.803000 0.191816
-0.802000 0.192671
-0.801000 0.193524
-0.800000 0.194375
-0.799000 0.195224
-0.798000 0.196071
-0.797000 0.196916
-0.796000 0.197759
-0.795000 0.198600
-0.794000 0.199439
-0.793000 0.200276
-0.792000 0.201111
-0.791000 0.201944
-0.790000 0.202775
-0.789000 0.203604
-0.788000 0.204431
-0.787000 0.205256
-0.786000 0.206079
-0.785000 0.206900
-0.784000 0.207719
-0.783000 0.208536
-0.782000 0.209351
-0.781000 0.210164
-0.780000 0.210975
-0.779000 0.211784
-0.778000 0.212591
-0.777000 0.213396
-0.776000 0.214199
-0.775000 0.215000
-0.774000 0.215799
-0.773000 0.216596
-0.772000 0.217391
-0.771000 0.218184
-0.770000 0.218975
-0.769000 0.219764
-0.768000 0.220551
-0.767000 0.221336
-0.766000 0.222119
-0.765000 0.222900
-0.764000 0.223679
-0.763000 0.224456
-0.762000 0.225231
-0.761000 0.226004
-0.760000 0.226775
-0.759000 0.227544
-0.758000 0.228311
-0.757000 0.229076
-0.756000 0.229839
-0.755000 0.230600
-0.754000 0.231359
-0.753000 0.232116
-0.752000 0.232871
-0.751000 0.233624
-0.750000 0.234375
-0.749000 0.235124
-0.748000 0.235871
-0.747000 0.236616
-0.746000 0.237359
-0.745000 0.238100
-0.744000 0.238839
-0.743000 0.239576
-0.742000 0.240311
-0.741000 0.241044
-0.740000 0.241775
-0.739000 0.242504
-0.738000 0.243231
-0.737000 0.243956
-0.736000 0.244679
-0.735000 0.245400
-0.734000 0.246119
-0.733000 0.246836
-0.732000 0.247551
-0.731000 0.248264
-0.730000 0.248975
-0.729000 0.249684
-0.728000 0.250391
-0.727000 0.251096
-0.726000 0.251799
-0.725000 0.252500
-0.724000 0.253199
-0.723000 0.253896
-0.722000 0.254591
-0.721000 0.255284
-0.720000 0.255975
-0.719000 0.256664
-0.718000 0.257351
-0.717000 0.258036
-0.716000 0.258719
-0.715000 0.259400
-0.714000 0.260079
-0.713000 0.260756
-0.712000 0.261431
-0.711000 0.262104
-0.710000 0.262775
-0.709000 0.263444
-0.708000 0.264111
-0.707000 0.264776
-0.706000 0.265439
-0.705000 0.266100
-0.704000 0.266759
-0.703000 0.267416
-0.702000 0.268071
-0.701000 0.268724
-0.700000 0.269375
-0.699000 0.270024
-0.698000 0.270671
-0.697000 0.271316
-0.696000 0.271959
-0.695000 0.272600
-0.694000 0.273239
-0.693000 0.273876
-0.692000 0.274511
-0.691000 0.275144
-0.690000 0.275775
-0.689000 0.276404
-0.688000 0.277031
-0.687000 0.277656
-0.686000 0.278279
-0.685000 0.278900
-0.684000 0.279519
-0.683000 0.280136
-0.682000 0.280751
-0.681000 0.281364
-0.680000 0.281975
-0.679000 0.282584
-0.678000 0.283191
-0.677000 0.283796
-0.676000 0.284399
-0.675000 0.285000
-0.674000 0.285599
-0.673000 0.286196
-0.672000 0.286791
-0.671000 0.287384
-0.670000 0.287975
-0.669000 0.288564
-0.668000 0.289151
-0.667000 0.289736
-0.666000 0.290319
-0.665000 0.290900
-0.664000 0.291479
-0.663000 0.292056
-0.662000 0.292631
-0.661000 0.293204
-0.660000 0.293775
-0.659000 0.294344
-0.658000 0.294911
-0.657000 0.295476
-0.656000 0.296039
-0.655000 0.296600
-0.654000 0.297159
-0.653000 0.297716
-0.652000 0.298271
-0.651000 0.298824
-0.650000 0.299375
-0.649000 0.299924
-0.648000 0.300471
-0.647000 0.301016
-0.646000 0.301559
-0.645000 0.302100
-0.644000 0.302639
-0.643000 0.303176
-0.642000 0.303711
-0.641000 0.304244
-0.640000 0.304775
-0.639000 0.305304
-0.638000 0.305831
-0.637000 0.306356
-0.636000 0.306879
-0.635000 0.307400
-0.634000 0.307919
-0.633000 0.308436
-0.632000 0.308951
-0.631000 0.309464
-0.630000 0.309975
-0.629000 0.310484
-0.628000 0.310991
-0.627000 0.311496
-0.626000 0.311999
-0.625000 0.312500
-0.624000 0.312999
-0.623000 0.313496
-0.622000 0.313991
-0.621000 0.314484
-0.620000 0.314975
-0.619000 0.315464
-0.618000 0.315951
-0.617000 0.316436
-0.616000 0.316919
-0.615000 0.317400
-0.614000 0.317879
-0.613000 0.318356
-0.612000 0.318831
-0.611000 0.319304
-0.610000 0.319775
-0.609000 0.320244
-0.608000 0.320711
-0.607000 0.321176
-0.606000 0.321639
-0.605000 0.322100
-0.604000 0.322559
-0.603000 0.323016
-0.602000 0.323471
-0.601000 0.323924
-0.600000 0.324375
-0.599000 0.324824
-0.598000 0.325271
-0.597000 0.325716
-0.596000 0.326159
-0.595000 0.326600
-0.594000 0.327039
-0.593000 0.327476
-0.592000 0.327911
-0.591000 0.328344
-0.590000 0.328775
-0.589000 0.329204
-0.588000 0.329631
-0.587000 0.330056
-0.586000 0.330479
-0.585000 0.330900
-0.584000 0.331319
-0.583000 0.331736
-0.582000 0.332151
-0.581000 0.332564
-0.580000 0.332975
-0.579000 0.333384
-0.578000 0.333791
-0.577000 0.334196
-0.576000 0.334599
-0.575000 0.335000
-0.574000 0.335399
-0.573000 0.335796
-0.572000 0.336191
-0.571000 0.336584
-0.570000 0.336975
-0.569000 0.337364
-0.568000 0.337751
-0.567000 0.338136
-0.566000 0.338519
-0.565000 0.338900
-0.564000 0.339279
-0.563000 0.339656
-0.562000 0.340031
-0.561000 0.340404
-0.560000 0.340775
-0.559000 0.341144
-0.558000 0.341511
-0.557000 0.341876
-0.556000 0.342239
-0.555000 0.342600
-0.554000 0.342959
-0.553000 0.343316
-0.552000 0.343671
-0.551000 0.344024
-0.550000 0.344375
-0.549000 0.344724
-0.548000 0.345071
-0.547000 0.345416
-0.546000 0.345759
-0.545000 0.346100
-0.544000 0.346439
-0.543000 0.346776
-0.542000 0.347111
-0.541000 0.347444
-0.540000 0.347775
-0.539000 0.348104
-0.538000 0.348431
-0.537000 0.348756
-0.536000 0.349079
-0.535000 0.349400
-0.534000 0.349719
-0.533000 0.350036
-0.532000 0.350351
-0.531000 0.350664
-0.530000 0.350975
-0.529000 0.351284
-0.528000 0.351591
-0.527000 0.351896
-0.526000 0.352199
-0.525000 0.352500
-0.524000 0.352799
-0.523000 0.353096
-0.522000 0.353391
-0.521000 0.353684
-0.520000 0.353975
-0.519000 0.354264
-0.518000 0.354551
-0.517000 0.354836
-0.516000 0.355119
-0.515000 0.355400
-0.514000 0.355679
-0.513000 0.355956
-0.512000 0.356231
-0.511000 0.356504
-0.510000 0.356775
-0.509000 0.357044
-0.508000 0.357311
-0.507000 0.357576
-0.506000 0.357839
-0.505000 0.358100
-0.504000 0.358359
-0.503000 0.358616
-0.502000 0.358871
-0.501000 0.359124
-0.500000 0.359375
-0.499000 0.359124
-0.498000 0.358871
-0.497000 0.358616
-0.496000 0.358359
-0.495000 0.358100
-0.494000 0.357839
-0.493000 0.357576
-0.492000 0.357311
-0.491000 0.357044
-0.490000 0.356775
-0.489000 0.356504
-0.488000 0.356231
-0.487000 0.355956
-0.486000 0.355679
-0.485000 0.355400
-0.484000 0.355119
-0.483000 0.354836
-0.482000 0.354551
-0.481000 0.354264
-0.480000 0.353975
-0.479000 0.353684
-0.478000 0.353391
-0.477000 0.353096
-0.476000 0.352799
-0.475000 0.352500
-0.474000 0.352199
-0.473000 0.351896
-0.472000 0.351591
-0.471000 0.351284
-0.470000 0.350975
-0.469000 0.350664
-0.468000 0.350351
-0.467000 0.350036
-0.466000 0.349719
-0.465000 0.349400
-0.464000 0.349079
-0.463000 0.348756
-0.462000 0.348431
-0.461000 0.348104
-0.460000 0.347775
-0.459000 0.347444
-0.458000 0.347111
-0.457000 0.346776
-0.456000 0.346439
-0.455000 0.346100
-0.454000 0.345759
-0.453000 0.345416
-0.452000 0.345071
-0.451000 0.344724
-0.450000 0.344375
-0.449000 0.344024
-0.448000 0.343671
-0.447000 0.343316
-0.446000 0.342959
-0.445000 0.342600
-0.444000 0.342239
-0.443000 0.341876
-0.442000 0.341511
-0.441000 0.341144
-0.440000 0.340775
-0.439000 0.340404
-0.438000 0.340031
-0.437000 0.339656
-0.436000 0.339279
-0.435000 0.338900
-0.434000 0.338519
-0.433000 0.338136
-0.432000 0.337751
-0.431000 0.337364
-0.430000 0.336975
-0.429000 0.336584
-0.428000 0.336191
-0.427000 0.335796
-0.426000 0.335399
-0.425000 0.335000
-0.424000 0.334599
-0.423000 0.334196
-0.422000 0.333791
-0.421000 0.333384
-0.420000 0.332975
-0.419000 0.332564
-0.418000 0.332151
-0.417000 0.331736
-0.416000 0.331319
-0.415000 0.330900
-0.414000 0.330479
-0.413000 0.330056
-0.412000 0.329631
-0.411000 0.329204
-0.410000 0.328775
-0.409000 0.328344
-0.408000 0.327911
-0.407000 0.327476
-0.406000 0.327039
-0.405000 0.326600
-0.404000 0.326159
-0.403000 0.325716
-0.402000 0.325271
-0.401000 0.324824
-0.400000 0.324375
-0.399000 0.323924
-0.398000 0.323471
-0.397000 0.323016
-0.396000 0.322559
-0.395000 0.322100
-0.394000 0.321639
-0.393000 0.321176
-0.392000 0.320711
-0.391000 0.320244
-0.390000 0.319775
-0.389000 0.319304
-0.388000 0.318831
-0.387000 0.318356
-0.386000 0.317879
-0.385000 0.317400
-0.384000 0.316919
-0.383000 0.316436
-0.382000 0.315951
-0.381000 0.315464
-0.380000 0.314975
-0.379000 0.314484
-0.378000 0.313991
-0.377000 0.313496
-0.376000 0.312999
-0.375000 0.312500
-0.374000 0.311999
-0.373000 0.311496
-0.372000 0.310991
-0.371000 0.310484
-0.370000 0.309975
-0.369000 0.309464
-0.368000 0.308951
-0.367000 0.308436
-0.366000 0.307919
-0.365000 0.307400
-0.364000 0.306879
-0.363000 0.306356
-0.362000 0.305831
-0.361000 0.305304
-0.360000 0.304775
-0.359000 0.304244
-0.358000 0.303711
-0.357000 0.303176
-0.356000 0.302639
-0.355000 0.302100
-0.354000 0.301559
-0.353000 0.301016
-0.352000 0.300471
-0.351000 0.299924
-0.350000 0.299375
-0.349000 0.298824
-0.348000 0.298271
-0.347000 0.297716
-0.346000 0.297159
-0.345000 0.296600
-0.344000 0.296039
-0.343000 0.295476
-0.342000 0.294911
-0.341000 0.294344
-0.340000 0.293775
-0.339000 0.293204
-0.338000 0.292631
-0.337000 0.292056
-0.336000 0.291479
-0.335000 0.290900
-0.334000 0.290319
-0.333000 0.289736
-0.332000 0.289151
-0.331000 0.288564
-0.330000 0.287975
-0.329000 0.287384
-0.328000 0.286791
-0.327000 0.286196
-0.326000 0.285599
-0.325000 0.285000
-0.324000 0.284399
-0.323000 0.283796
-0.322000 0.283191
-0.321000 0.282584
-0.320000 0.281975
-0.319000 0.281364
-0.318000 0.280751
-0.317000 0.280136
-0.316000 0.279519
-0.315000 0.278900
-0.314000 0.278279
-0.313000 0.277656
-0.312000 0.277031
-0.311000 0.276404
-0.310000 0.275775
-0.309000 0.275144
-0.308000 0.274511
-0.307000 0.273876
-0.306000 0.273239
-0.305000 0.272600
-0.304000 0.271959
-0.303000 0.271316
-0.302000 0.270671
-0.301000 0.270024
-0.300000 0.269375
-0.299000 0.268724
-0.298000 0.268071
-0.297000 0.267416
-0.296000 0.266759
-0.295000 0.266100
-0.294000 0.265439
-0.293000 0.264776
-0.292000 0.264111
-0.291000 0.263444
-0.290000 0.262775
-0.289000 0.262104
-0.288000 0.261431
-0.287000 0.260756
-0.286000 0.260079
-0.285000 0.259400
-0.284000 0.258719
-0.283000 0.258036
-0.282000 0.257351
-0.281000 0.256664
-0.280000 0.255975
-0.279000 0.255284
-0.278000 0.254591
-0.277000 0.253896
-0.276000 0.253199
-0.275000 0.252500
-0.274000 0.251799
-0.273000 0.251096
-0.272000 0.250391
-0.271000 0.249684
-0.270000 0.248975
-0.269000 0.248264
-0.268000 0.247551
-0.267000 0.246836
-0.266000 0.246119
-0.265000 0.245400
-0.264000 0.244679
-0.263000 0.243956
-0.262000 0.243231
-0.261000 0.242504
-0.260000 0.241775
-0.259000 0.241044
-0.258000 0.240311
-0.257000 0.239576
-0.256000 0.238839
-0.255000 0.238100
-0.254000 0.237359
-0.253000 0.236616
-0.252000 0.235871
-0.251000 0.235124
-0.250000 0.234375
-0.249000 0.233624
-0.248000 0.232871
-0.247000 0.232116
-0.246000 0.231359
-0.245000 0.230600
-0.244000 0.229839
-0.243000 0.229076
-0.242000 0.228311
-0.241000 0.227544
-0.240000 0.226775
-0.239000 0.226004
-0.238000 0.225231
-0.237000 0.224456
-0.236000 0.223679
-0.235000 0.222900
-0.234000 0.222119
-0.233000 0.221336
-0.232000 0.220551
-0.231000 0.219764
-0.230000 0.218975
-0.229000 0.218184
-0.228000 0.217391
-0.227000 0.216596
-0.226000 0.215799
-0.225000 0.215000
-0.224000 0.214199
-0.223000 0.213396
-0.222000 0.212591
-0.221000 0.211784
-0.220000 0.210975
-0.219000 0.210164
-0.218000 0.209351
-0.217000 0.208536
-0.216000 0.207719
-0.215000 0.206900
-0.214000 0.206079
-0.213000 0.205256
-0.212000 0.204431
-0.211000 0.203604
-0.210000 0.202775
-0.209000 0.201944
-0.208000 0.201111
-0.207000 0.200276
-0.206000 0.199439
-0.205000 0.198600
-0.204000 0.197759
-0.203000 0.196916
-0.202000 0.196071
-0.201000 0.195224
-0.200000 0.194375
-0.199000 0.193524
-0.198000 0.192671
-0.197000 0.191816
-0.196000 0.190959
-0.195000 0.190100
-0.194000 0.189239
-0.193000 0.188376
-0.192000 0.187511
-0.191000 0.186644
-0.190000 0.185775
-0.189000 0.184904
-0.188000 0.184031
-0.187000 0.183156
-0.186000 0.182279
-0.185000 0.181400
-0.184000 0.180519
-0.183000 0.179636
-0.182000 0.178751
-0.181000 0.177864
-0.180000 0.176975
-0.179000 0.176084
-0.178000 0.175191
-0.177000 0.174296
-0.176000 0.173399
-0.175000 0.172500
-0.174000 0.171599
-0.173000 0.170696
-0.172000 0.169791
-0.171000 0.168884
-0.170000 0.167975
-0.169000 0.167064
-0.168000 0.166151
-0.167000 0.165236
-0.166000 0.164319
-0.165000 0.163400
-0.164000 0.162479
-0.163000 0.161556
-0.162000 0.160631
-0.161000 0.159704
-0.160000 0.158775
-0.159000 0.157844
-0.158000 0.156911
-0.157000 0.155976
-0.156000 0.155039
-0.155000 0.154100
-0.154000 0.153159
-0.153000 0.152216
-0.152000 0.151271
-0.151000 0.150324
-0.150000 0.149375
-0.149000 0.148424
-0.148000 0.147471
-0.147000 0.146516
-0.146000 0.145559
-0.145000 0.144600
-0.144000 0.143639
-0.143000 0.142676
-0.142000 0.141711
-0.141000 0.140744
-0.140000 0.139775
-0.139000 0.138804
-0.138000 0.137831
-0.137000 0.136856
-0.136000 0.135879
-0.135000 0.134900
-0.134000 0.133919
-0.133000 0.132936
-0.132000 0.131951
-0.131000 0.130964
-0.130000 0.129975
-0.129000 0.128984
-0.128000 0.127991
-0.127000 0.126996
-0.126000 0.125999
-0.125000 0.125000
-0.124000 0.124001
-0.123000 0.123004
-0.122000 0.122009
-0.121000 0.121016
-0.120000 0.120025
-0.119000 0.119036
-0.118000 0.118049
-0.117000 0.117064
-0.116000 0.116081
-0.115000 0.115100
-0.114000 0.114121
-0.113000 0.113144
-0.112000 0.112169
-0.111000 0.111196
-0.110000 0.110225
-0.109000 0.109256
-0.108000 0.108289
-0.107000 0.107324
-0.106000 0.106361
-0.105000 0.105400
-0.104000 0.104441
-0.103000 0.103484
-0.102000 0.102529
-0.101000 0.101576
-0.100000 0.100625
-0.099000 0.099676
-0.098000 0.098729
-0.097000 0.097784
-0.096000 0.096841
-0.095000 0.095900
-0.094000 0.094961
-0.093000 0.094024
-0.092000 0.093089
-0.091000 0.092156
-0.090000 0.091225
-0.089000 0.090296
-0.088000 0.089369
-0.087000 0.088444
-0.086000 0.087521
-0.085000 0.086600
-0.084000 0.085681
-0.083000 0.084764
-0.082000 0.083849
-0.081000 0.082936
-0.080000 0.082025
-0.079000 0.081116
-0.078000 0.080209
-0.077000 0.079304
-0.076000 0.078401
-0.075000 0.077500
-0.074000 0.076601
-0.073000 0.075704
-0.072000 0.074809
-0.071000 0.073916
-0.070000 0.073025
-0.069000 0.072136
-0.068000 0.071249
-0.067000 0.070364
-0.066000 0.069481
-0.065000 0.068600
-0.064000 0.067721
-0.063000 0.066844
-0.062000 0.065969
-0.061000 0.065096
-0.060000 0.064225
-0.059000 0.063356
-0.058000 0.062489
-0.057000 0.061624
-0.056000 0.060761
-0.055000 0.059900
-0.054000 0.059041
-0.053000 0.058184
-0.052000 0.057329
-0.051000 0.056476
-0.050000 0.055625
-0.049000 0.054776
-0.048000 0.053929
-0.047000 0.053084
-0.046000 0.052241
-0.045000 0.051400
-0.044000 0.050561
-0.043000 0.049724
-0.042000 0.048889
-0.041000 0.048056
-0.040000 0.047225
-0.039000 0.046396
-0.038000 0.045569
-0.037000 0.044744
-0.036000 0.043921
-0.035000 0.043100
-0.034000 0.042281
-0.033000 0.041464
-0.032000 0.040649
-0.031000 0.039836
-0.030000 0.039025
-0.029000 0.038216
-0.028000 0.037409
-0.027000 0.036604
-0.026000 0.035801
-0.025000 0.035000
-0.024000 0.034201
-0.023000 0.033404
-0.022000 0.032609
-0.021000 0.031816
-0.020000 0.031025
-0.019000 0.030236
-0.018000 0.029449
-0.017000 0.028664
-0.016000 0.027881
-0.015000 0.027100
-0.014000 0.026321
-0.013000 0.025544
-0.012000 0.024769
-0.011000 0.023996
-0.010000 0.023225
-0.009000 0.022456
-0.008000 0.021689
-0.007000 0.020924
-0.006000 0.020161
-0.005000 0.019400
-0.004000 0.018641
-0.003000 0.017884
-0.002000 0.017129
-0.001000 0.016376
0.000000 0.015625
0.001000 0.014876
0.002000 0.014129
0.003000 0.013384
0.004000 0.012641
0.005000 0.011900
0.006000 0.011161
0.007000 0.010424
0.008000 0.009689
0.009000 0.008956
0.010000 0.008225
0.011000 0.007496
0.012000 0.006769
0.013000 0.006044
0.014000 0.005321
0.015000 0.004600
0.016000 0.003881
0.017000 0.003164
0.018000 0.002449
0.019000 0.001736
0.020000 0.001025
0.021000 0.000316
0.022000 -0.000391
0.023000 -0.001096
0.024000 -0.001799
0.025000 -0.002500
0.026000 -0.003199
0.027000 -0.003896
0.028000 -0.004591
0.029000 -0.005284
0.030000 -0.005975
0.031000 -0.006664
0.032000 -0.007351
0.033000 -0.008036
0.034000 -0.008719
0.035000 -0.009400
0.036000 -0.010079
0.037000 -0.010756
0.038000 -0.011431
0.039000 -0.012104
0.040000 -0.012775
0.041000 -0.013444
0.042000 -0.014111
0.043000 -0.014776
0.044000 -0.015439
0.045000 -0.016100
0.046000 -0.016759
0.047000 -0.017416
0.048000 -0.018071
0.049000 -0.018724
0.050000 -0.019375
0.051000 -0.020024
0.052000 -0.020671
0.053000 -0.021316
0.054000 -0.021959
0.055000 -0.022600
0.056000 -0.023239
0.057000 -0.023876
0.058000 -0.024511
0.059000 -0.025144
0.060000 -0.025775
0.061000 -0.026404
0.062000 -0.027031
0.063000 -0.027656
0.064000 -0.028279
0.065000 -0.028900
0.066000 -0.029519
0.067000 -0.030136
0.068000 -0.030751
0.069000 -0.031364
0.070000 -0.031975
0.071000 -0.032584
0.072000 -0.033191
0.073000 -0.033796
0.074000 -0.034399
0.075000 -0.035000
0.076000 -0.035599
0.077000 -0.036196
0.078000 -0.036791
0.079000 -0.037384
0.080000 -0.037975
0.081000 -0.038564
0.082000 -0.039151
0.083000 -0.039736
0.084000 -0.040319
0.085000 -0.040900
0.086000 -0.041479
0.087000 -0.042056
0.088000 -0.042631
0.089000 -0.043204
0.090000 -0.043775
0.091000 -0.044344
0.092000 -0.044911
0.093000 -0.045476
0.094000 -0.046039
0.095000 -0.046600
0.096000 -0.047159
0.097000 -0.047716
0.098000 -0.048271
0.099000 -0.048824
0.100000 -0.049375
0.101000 -0.049924
0.102000 -0.050471
0.103000 -0.051016
0.104000 -0.051559
0.105000 -0.052100
0.106000 -0.052639
0.107000 -0.053176
0.108000 -0.053711
0.109000 -0.054244
0.110000 -0.054775
0.111000 -0.055304
0.112000 -0.055831
0.113000 -0.056356
0.114000 -0.056879
0.115000 -0.057400
0.116000 -0.057919
0.117000 -0.058436
0.118000 -0.058951
0.119000 -0.059464
0.120000 -0.059975
0.121000 -0.060484
0.122000 -0.060991
0.123000 -0.061496
0.124000 -0.061999
0.125000 -0.062500
0.126000 -0.062999
0.127000 -0.063496
0.128000 -0.063991
0.129000 -0.064484
0.130000 -0.064975
0.131000 -0.065464
0.132000 -0.065951
0.133000 -0.066436
0.134000 -0.066919
0.135000 -0.067400
0.136000 -0.067879
0.137000 -0.068356
0.138000 -0.068831
0.139000 -0.069304
0.140000 -0.069775
0.141000 -0.070244
0.142000 -0.070711
0.143000 -0.071176
0.144000 -0.071639
0.145000 -0.072100
0.146000 -0.072559
0.147000 -0.073016
0.148000 -0.073471
0.149000 -0.073924
0.150000 -0.074375
0.151000 -0.074824
0.152000 -0.075271
0.153000 -0.075716
0.154000 -0.076159
0.155000 -0.076600
0.156000 -0.077039
0.157000 -0.077476
0.158000 -0.077911
0.159000 -0.078344
0.160000 -0.078775
0.161000 -0.079204
0.162000 -0.079631
0.163000 -0.080056
0.164000 -0.080479
0.165000 -0.080900
0.166000 -0.081319
0.167000 -0.081736
0.168000 -0.082151
0.169000 -0.082564
0.170000 -0.082975
0.171000 -0.083384
0.172000 -0.083791
0.173000 -0.084196
0.174000 -0.084599
0.175000 -0.085000
0.176000 -0.085399
0.177000 -0.085796
0.178000 -0.086191
0.179000 -0.086584
0.180000 -0.086975
0.181000 -0.087364
0.182000 -0.087751
0.183000 -0.088136
0.184000 -0.088519
0.185000 -0.088900
0.186000 -0.089279
0.187000 -0.089656
0.188000 -0.090031
0.189000 -0.090404
0.190000 -0.090775
0.191000 -0.091144
0.192000 -0.091511
0.193000 -0.091876
0.194000 -0.092239
0.195000 -0.092600
0.196000 -0.092959
0.197000 -0.093316
0.198000 -0.093671
0.199000 -0.094024
0.200000 -0.094375
0.201000 -0.094724
0.202000 -0.095071
0.203000 -0.095416
0.204000 -0.095759
0.205000 -0.096100
0.206000 -0.096439
0.207000 -0.096776
0.208000 -0.097111
0.209000 -0.097444
0.210000 -0.097775
0.211000 -0.098104
0.212000 -0.098431
0.213000 -0.098756
0.214000 -0.099079
0.215000 -0.099400
0.216000 -0.099719
0.217000 -0.100036
0.218000 -0.100351
0.219000 -0.100664
0.220000 -0.100975
0.221000 -0.101284
0.222000 -0.101591
0.223000 -0.101896
0.224000 -0.102199
0.225000 -0.102500
0.226000 -0.102799
0.227000 -0.103096
0.228000 -0.103391
0.229000 -0.103684
0.230000 -0.103975
0.231000 -0.104264
0.232000 -0.104551
0.233000 -0.104836
0.234000 -0.105119
0.235000 -0.105400
0.236000 -0.105679
0.237000 -0.105956
0.238000 -0.106231
0.239000 -0.106504
0.240000 -0.106775
0.241000 -0.107044
0.242000 -0.107311
0.243000 -0.107576
0.244000 -0.107839
0.245000 -0.108100
0.246000 -0.108359
0.247000 -0.108616
0.248000 -0.108871
0.249000 -0.109124
0.250000 -0.109375
0.251000 -0.109624
0.252000 -0.109871
0.253000 -0.110116
0.254000 -0.110359
0.255000 -0.110600
0.256000 -0.110839
0.257000 -0.111076
0.258000 -0.111311
0.259000 -0.111544
0.260000 -0.111775
0.261000 -0.112004
0.262000 -0.112231
0.263000 -0.112456
0.264000 -0.112679
0.265000 -0.112900
0.266000 -0.113119
0.267000 -0.113336
0.268000 -0.113551
0.269000 -0.113764
0.270000 -0.113975
0.271000 -0.114184
0.272000 -0.114391
0.273000 -0.114596
0.274000 -0.114799
0.275000 -0.115000
0.276000 -0.115199
0.277000 -0.115396
0.278000 -0.115591
0.279000 -0.115784
0.280000 -0.115975
0.281000 -0.116164
0.282000 -0.116351
0.283000 -0.116536
0.284000 -0.116719
0.285000 -0.116900
0.286000 -0.117079
0.287000 -0.117256
0.288000 -0.117431
0.289000 -0.117604
0.290000 -0.117775
0.291000 -0.117944
0.292000 -0.118111
0.293000 -0.118276
0.294000 -0.118439
0.295000 -0.118600
0.296000 -0.118759
0.297000 -0.118916
0.298000 -0.119071
0.299000 -0.119224
0.300000 -0.119375
0.301000 -0.119524
0.302000 -0.119671
0.303000 -0.119816
0.304000 -0.119959
0.305000 -0.120100
0.306000 -0.120239
0.307000 -0.120376
0.308000 -0.120511
0.309000 -0.120644
0.310000 -0.120775
0.311000 -0.120904
0.312000 -0.121031
0.313000 -0.121156
0.314000 -0.121279
0.315000 -0.121400
0.316000 -0.121519
0.317000 -0.121636
0.318000 -0.121751
0.319000 -0.121864
0.320000 -0.121975
0.321000 -0.122084
0.322000 -0.122191
0.323000 -0.122296
0.324000 -0.122399
0.325000 -0.122500
0.326000 -0.122599
0.327000 -0.122696
0.328000 -0.122791
0.329000 -0.122884
0.330000 -0.122975
0.331000 -0.123064
0.332000 -0.123151
0.333000 -0.123236
0.334000 -0.123319
0.335000 -0.123400
0.336000 -0.123479
0.337000 -0.123556
0.338000 -0.123631
0.339000 -0.123704
0.340000 -0.123775
0.341000 -0.123844
0.342000 -0.123911
0.343000 -0.123976
0.344000 -0.124039
0.345000 -0.124100
0.346000 -0.124159
0.347000 -0.124216
0.348000 -0.124271
0.349000 -0.124324
0.350000 -0.124375
0.351000 -0.124424
0.352000 -0.124471
0.353000 -0.124516
0.354000 -0.124559
0.355000 -0.124600
0.356000 -0.124639
0.357000 -0.124676
0.358000 -0.124711
0.359000 -0.124744
0.360000 -0.124775
0.361000 -0.124804
0.362000 -0.124831
0.363000 -0.124856
0.364000 -0.124879
0.365000 -0.124900
0.366000 -0.124919
0.367000 -0.124936
0.368000 -0.124951
0.369000 -0.124964
0.370000 -0.124975
0.371000 -0.124984
0.372000 -0.124991
0.373000 -0.124996
0.374000 -0.124999
0.375000 -0.125000
0.376000 -0.124999
0.377000 -0.124996
0.378000 -0.124991
0.379000 -0.124984
0.380000 -0.124975
0.381000 -0.124964
0.382000 -0.124951
0.383000 -0.124936
0.384000 -0.124919
0.385000 -0.124900
0.386000 -0.124879
0.387000 -0.124856
0.388000 -0.124831
0.389000 -0.124804
0.390000 -0.124775
0.391000 -0.124744
0.392000 -0.124711
0.393000 -0.124676
0.394000 -0.124639
0.395000 -0.124600
0.396000 -0.124559
0.397000 -0.124516
0.398000 -0.124471
0.399000 -0.124424
0.400000 -0.124375
0.401000 -0.124324
0.402000 -0.124271
0.403000 -0.124216
0.404000 -0.124159
0.405000 -0.124100
0.406000 -0.124039
0.407000 -0.123976
0.408000 -0.123911
0.409000 -0.123844
0.410000 -0.123775
0.411000 -0.123704
0.412000 -0.123631
0.413000 -0.123556
0.414000 -0.123479
0.415000 -0.123400
0.416000 -0.123319
0.417000 -0.123236
0.418000 -0.123151
0.419000 -0.123064
0.420000 -0.122975
0.421000 -0.122884
0.422000 -0.122791
0.423000 -0.122696
0.424000 -0.122599
0.425000 -0.122500
0.426000 -0.122399
0.427000 -0.122296
0.428000 -0.122191
0.429000 -0.122084
0.430000 -0.121975
0.431000 -0.121864
0.432000 -0.121751
0.433000 -0.121636
0.434000 -0.121519
0.435000 -0.121400
0.436000 -0.121279
0.437000 -0.121156
0.438000 -0.121031
0.439000 -0.120904
0.440000 -0.120775
0.441000 -0.120644
0.442000 -0.120511
0.443000 -0.120376
0.444000 -0.120239
0.445000 -0.120100
0.446000 -0.119959
0.447000 -0.119816
0.448000 -0.119671
0.449000 -0.119524
0.450000 -0.119375
0.451000 -0.119224
0.452000 -0.119071
0.453000 -0.118916
0.454000 -0.118759
0.455000 -0.118600
0.456000 -0.118439
0.457000 -0.118276
0.458000 -0.118111
0.459000 -0.117944
0.460000 -0.117775
0.461000 -0.117604
0.462000 -0.117431
0.463000 -0.117256
0.464000 -0.117079
0.465000 -0.116900
0.466000 -0.116719
0.467000 -0.116536
0.468000 -0.116351
0.469000 -0.116164
0.470000 -0.115975
0.471000 -0.115784
0.472000 -0.115591
0.473000 -0.115396
0.474000 -0.115199
0.475000 -0.115000
0.476000 -0.114799
0.477000 -0.114596
0.478000 -0.114391
0.479000 -0.114184
0.480000 -0.113975
0.481000 -0.113764
0.482000 -0.113551
0.483000 -0.113336
0.484000 -0.113119
0.485000 -0.112900
0.486000 -0.112679
0.487000 -0.112456
0.488000 -0.112231
0.489000 -0.112004
0.490000 -0.111775
0.491000 -0.111544
0.492000 -0.111311
0.493000 -0.111076
0.494000 -0.110839
0.495000 -0.110600
0.496000 -0.110359
0.497000 -0.110116
0.498000 -0.109871
0.499000 -0.109624
0.500000 -0.109375
0.501000 -0.109624
0.502000 -0.109871
0.503000 -0.110116
0.504000 -0.110359
0.505000 -0.110600
0.506000 -0.110839
0.507000 -0.111076
0.508000 -0.111311
0.509000 -0.111544
0.510000 -0.111775
0.511000 -0.112004
0.512000 -0.112231
0.513000 -0.112456
0.514000 -0.112679
0.515000 -0.112900
0.516000 -0.113119
0.517000 -0.113336
0.518000 -0.113551
0.519000 -0.113764
0.520000 -0.113975
0.521000 -0.114184
0.522000 -0.114391
0.523000 -0.114596
0.524000 -0.114799
0.525000 -0.115000
0.526000 -0.115199
0.527000 -0.115396
0.528000 -0.115591
0.529000 -0.115784
0.530000 -0.115975
0.531000 -0.116164
0.532000 -0.116351
0.533000 -0.116536
0.534000 -0.116719
0.535000 -0.116900
0.536000 -0.117079
0.537000 -0.117256
0.538000 -0.117431
0.539000 -0.117604
0.540000 -0.117775
0.541000 -0.117944
0.542000 -0.118111
0.543000 -0.118276
0.544000 -0.118439
0.545000 -0.118600
0.546000 -0.118759
0.547000 -0.118916
0.548000 -0.119071
0.549000 -0.119224
0.550000 -0.119375
0.551000 -0.119524
0.552000 -0.119671
0.553000 -0.119816
0.554000 -0.119959
0.555000 -0.120100
0.556000 -0.120239
0.557000 -0.120376
0.558000 -0.120511
0.559000 -0.120644
0.560000 -0.120775
0.561000 -0.120904
0.562000 -0.121031
0.563000 -0.121156
0.564000 -0.121279
0.565000 -0.121400
0.566000 -0.121519
0.567000 -0.121636
0.568000 -0.121751
0.569000 -0.121864
0.570000 -0.121975
0.571000 -0.122084
0.572000 -0.122191
0.573000 -0.122296
0.574000 -0.122399
0.575000 -0.122500
0.576000 -0.122599
0.577000 -0.122696
0.578000 -0.122791
0.579000 -0.122884
0.580000 -0.122975
0.581000 -0.123064
0.582000 -0.123151
0.583000 -0.123236
0.584000 -0.123319
0.585000 -0.123400
0.586000 -0.123479
0.587000 -0.123556
0.588000 -0.123631
0.589000 -0.123704
0.590000 -0.123775
0.591000 -0.123844
0.592000 -0.123911
0.593000 -0.123976
0.594000 -0.124039
0.595000 -0.124100
0.596000 -0.124159
0.597000 -0.124216
0.598000 -0.124271
0.599000 -0.124324
0.600000 -0.124375
0.601000 -0.124424
0.602000 -0.124471
0.603000 -0.124516
0.604000 -0.124559
0.605000 -0.124600
0.606000 -0.124639
0.607000 -0.124676
0.608000 -0.124711
0.609000 -0.124744
0.610000 -0.124775
0.611000 -0.124804
0.612000 -0.124831
0.613000 -0.124856
0.614000 -0.124879
0.615000 -0.124900
0.616000 -0.124919
0.617000 -0.124936
0.618000 -0.124951
0.619000 -0.124964
0.620000 -0.124975
0.621000 -0.124984
0.622000 -0.124991
0.623000 -0.124996
0.624000 -0.124999
0.625000 -0.125000
0.626000 -0.124999
0.627000 -0.124996
0.628000 -0.124991
0.629000 -0.124984
0.630000 -0.124975
0.631000 -0.124964
0.632000 -0.124951
0.633000 -0.124936
0.634000 -0.124919
0.635000 -0.124900
0.636000 -0.124879
0.637000 -0.124856
0.638000 -0.124831
0.639000 -0.124804
0.640000 -0.124775
0.641000 -0.124744
0.642000 -0.124711
0.643000 -0.124676
0.644000 -0.124639
0.645000 -0.124600
0.646000 -0.124559
0.647000 -0.124516
0.648000 -0.124471
0.649000 -0.124424
0.650000 -0.124375
0.651000 -0.124324
0.652000 -0.124271
0.653000 -0.124216
0.654000 -0.124159
0.655000 -0.124100
0.656000 -0.124039
0.657000 -0.123976
0.658000 -0.123911
0.659000 -0.123844
0.660000 -0.123775
0.661000 -0.123704
0.662000 -0.123631
0.663000 -0.123556
0.664000 -0.123479
0.665000 -0.123400
0.666000 -0.123319
0.667000 -0.123236
0.668000 -0.123151
0.669000 -0.123064
0.670000 -0.122975
0.671000 -0.122884
0.672000 -0.122791
0.673000 -0.122696
0.674000 -0.122599
0.675000 -0.122500
0.676000 -0.122399
0.677000 -0.122296
0.678000 -0.122191
0.679000 -0.122084
0.680000 -0.121975
0.681000 -0.121864
0.682000 -0.121751
0.683000 -0.121636
0.684000 -0.121519
0.685000 -0.121400
0.686000 -0.121279
0.687000 -0.121156
0.688000 -0.121031
0.689000 -0.120904
0.690000 -0.120775
0.691000 -0.120644
0.692000 -0.120511
0.693000 -0.120376
0.694000 -0.120239
0.695000 -0.120100
0.696000 -0.119959
0.697000 -0.119816
0.698000 -0.119671
0.699000 -0.119524
0.700000 -0.119375
0.701000 -0.119224
0.702000 -0.119071
0.703000 -0.118916
0.704000 -0.118759
0.705000 -0.118600
0.706000 -0.118439
0.707000 -0.118276
0.708000 -0.118111
0.709000 -0.117944
0.710000 -0.117775
0.711000 -0.117604
0.712000 -0.117431
0.713000 -0.117256
0.714000 -0.117079
0.715000 -0.116900
0.716000 -0.116719
0.717000 -0.116536
0.718000 -0.116351
0.719000 -0.116164
0.720000 -0.115975
0.721000 -0.115784
0.722000 -0.115591
0.723000 -0.115396
0.724000 -0.115199
0.725000 -0.115000
0.726000 -0.114799
0.727000 -0.114596
0.728000 -0.114391
0.729000 -0.114184
0.730000 -0.113975
0.731000 -0.113764
0.732000 -0.113551
0.733000 -0.113336
0.734000 -0.113119
0.735000 -0.112900
0.736000 -0.112679
0.737000 -0.112456
0.738000 -0.112231
0.739000 -0.112004
0.740000 -0.111775
0.741000 -0.111544
0.742000 -0.111311
0.743000 -0.111076
0.744000 -0.110839
0.745000 -0.110600
0.746000 -0.110359
0.747000 -0.110116
0.748000 -0.109871
0.749000 -0.109624
0.750000 -0.109375
0.751000 -0.109124
0.752000 -0.108871
0.753000 -0.108616
0.754000 -0.108359
0.755000 -0.108100
0.756000 -0.107839
0.757000 -0.107576
0.758000 -0.107311
0.759000 -0.107044
0.760000 -0.106775
0.761000 -0.106504
0.762000 -0.106231
0.763000 -0.105956
0.764000 -0.105679
0.765000 -0.105400
0.766000 -0.105119
0.767000 -0.104836
0.768000 -0.104551
0.769000 -0.104264
0.770000 -0.103975
0.771000 -0.103684
0.772000 -0.103391
0.773000 -0.103096
0.774000 -0.102799
0.775000 -0.102500
0.776000 -0.102199
0.777000 -0.101896
0.778000 -0.101591
0.779000 -0.101284
0.780000 -0.100975
0.781000 -0.100664
0.782000 -0.100351
0.783000 -0.100036
0.784000 -0.099719
0.785000 -0.099400
0.786000 -0.099079
0.787000 -0.098756
0.788000 -0.098431
0.789000 -0.098104
0.790000 -0.097775
0.791000 -0.097444
0.792000 -0.097111
0.793000 -0.096776
0.794000 -0.096439
0.795000 -0.096100
0.796000 -0.095759
0.797000 -0.095416
0.798000 -0.095071
0.799000 -0.094724
0.800000 -0.094375
0.801000 -0.094024
0.802000 -0.093671
0.803000 -0.093316
0.804000 -0.092959
0.805000 -0.092600
0.806000 -0.092239
0.807000 -0.091876
0.808000 -0.091511
0.809000 -0.091144
0.810000 -0.090775
0.811000 -0.090404
0.812000 -0.090031
0.813000 -0.089656
0.814000 -0.089279
0.815000 -0.088900
0.816000 -0.088519
0.817000 -0.088136
0.818000 -0.087751
0.819000 -0.087364
0.820000 -0.086975
0.821000 -0.086584
0.822000 -0.086191
0.823000 -0.085796
0.824000 -0.085399
0.825000 -0.085000
0.826000 -0.084599
0.827000 -0.084196
0.828000 -0.083791
0.829000 -0.083384
0.830000 -0.082975
0.831000 -0.082564
0.832000 -0.082151
0.833000 -0.081736
0.834000 -0.081319
0.835000 -0.080900
0.836000 -0.080479
0.837000 -0.080056
0.838000 -0.079631
0.839000 -0.079204
0.840000 -0.078775
0.841000 -0.078344
0.842000 -0.077911
0.843000 -0.077476
0.844000 -0.077039
0.845000 -0.076600
0.846000 -0.076159
0.847000 -0.075716
0.848000 -0.075271
0.849000 -0.074824
0.850000 -0.074375
0.851000 -0.073924
0.852000 -0.073471
0.853000 -0.073016
0.854000 -0.072559
0.855000 -0.072100
0.856000 -0.071639
0.857000 -0.071176
0.858000 -0.070711
0.859000 -0.070244
0.860000 -0.069775
0.861000 -0.069304
0.862000 -0.068831
0.863000 -0.068356
0.864000 -0.067879
0.865000 -0.067400
0.866000 -0.066919
0.867000 -0.066436
0.868000 -0.065951
0.869000 -0.065464
0.870000 -0.064975
0.871000 -0.064484
0.872000 -0.063991
0.873000 -0.063496
0.874000 -0.062999
0.874000 -0.125999
0.873000 -0.126996
0.872000 -0.127991
0.871000 -0.128984
0.870000 -0.129975
0.869000 -0.130964
0.868000 -0.131951
0.867000 -0.132936
0.866000 -0.133919
0.865000 -0.134900
0.864000 -0.135879
0.863000 -0.136856
0.862000 -0.137831
0.861000 -0.138804
0.860000 -0.139775
0.859000 -0.140744
0.858000 -0.141711
0.857000 -0.142676
0.856000 -0.143639
0.855000 -0.144600
0.854000 -0.145559
0.853000 -0.146516
0.852000 -0.147471
0.851000 -0.148424
0.850000 -0.149375
0.849000 -0.150324
0.848000 -0.151271
0.847000 -0.152216
0.846000 -0.153159
0.845000 -0.154100
0.844000 -0.155039
0.843000 -0.155976
0.842000 -0.156911
0.841000 -0.157844
0.840000 -0.158775
0.839000 -0.159704
0.838000 -0.160631
0.837000 -0.161556
0.836000 -0.162479
0.835000 -0.163400
0.834000 -0.164319
0.833000 -0.165236
0.832000 -0.166151
0.831000 -0.167064
0.830000 -0.167975
0.829000 -0.168884
0.828000 -0.169791
0.827000 -0.170696
0.826000 -0.171599
0.825000 -0.172500
0.824000 -0.173399
0.823000 -0.174296
0.822000 -0.175191
0.821000 -0.176084
0.820000 -0.176975
0.819000 -0.177864
0.818000 -0.178751
0.817000 -0.179636
0.816000 -0.180519
0.815000 -0.181400
0.814000 -0.182279
0.813000 -0.183156
0.812000 -0.184031
0.811000 -0.184904
0.810000 -0.185775
0.809000 -0.186644
0.808000 -0.187511
0.807000 -0.188376
0.806000 -0.189239
0.805000 -0.190100
0.804000 -0.190959
0.803000 -0.191816
0.802000 -0.192671
0.801000 -0.193524
0.800000 -0.194375
0.799000 -0.195224
0.798000 -0.196071
0.797000 -0.196916
0.796000 -0.197759
0.795000 -0.198600
0.794000 -0.199439
0.793000 -0.200276
0.792000 -0.201111
0.791000 -0.201944
0.790000 -0.202775
0.789000 -0.203604
0.788000 -0.204431
0.787000 -0.205256
0.786000 -0.206079
0.785000 -0.206900
0.784000 -0.207719
0.783000 -0.208536
0.782000 -0.209351
0.781000 -0.210164
0.780000 -0.210975
0.779000 -0.211784
0.778000 -0.212591
0.777000 -0.213396
0.776000 -0.214199
0.775000 -0.215000
0.774000 -0.215799
0.773000 -0.216596
0.772000 -0.217391
0.771000 -0.218184
0.770000 -0.218975
0.769000 -0.219764
0.768000 -0.220551
0.767000 -0.221336
0.766000 -0.222119
0.765000 -0.222900
0.764000 -0.223679
0.763000 -0.224456
0.762000 -0.225231
0.761000 -0.226004
0.760000 -0.226775
0.759000 -0.227544
0.758000 -0.228311
0.757000 -0.229076
0.756000 -0.229839
0.755000 -0.230600
0.754000 -0.231359
0.753000 -0.232116
0.752000 -0.232871
0.751000 -0.233624
0.750000 -0.234375
0.749000 -0.235124
0.748000 -0.235871
0.747000 -0.236616
0.746000 -0.237359
0.745000 -0.238100
0.744000 -0.238839
0.743000 -0.239576
0.742000 -0.240311
0.741000 -0.241044
0.740000 -0.241775
0.739000 -0.242504
0.738000 -0.243231
0.737000 -0.243956
0.736000 -0.244679
0.735000 -0.245400
0.734000 -0.246119
0.733000 -0.246836
0.732000 -0.247551
0.731000 -0.248264
0.730000 -0.248975
0.729000 -0.249684
0.728000 -0.250391
0.727000 -0.251096
0.726000 -0.251799
0.725000 -0.252500
0.724000 -0.253199
0.723000 -0.253896
0.722000 -0.254591
0.721000 -0.255284
0.720000 -0.255975
0.719000 -0.256664
0.718000 -0.257351
0.717000 -0.258036
0.716000 -0.258719
0.715000 -0.259400
0.714000 -0.260079
0.713000 -0.260756
0.712000 -0.261431
0.711000 -0.262104
0.710000 -0.262775
0.709000 -0.263444
0.708000 -0.264111
0.707000 -0.264776
0.706000 -0.265439
0.705000 -0.266100
0.704000 -0.266759
0.703000 -0.267416
0.702000 -0.268071
0.701000 -0.268724
0.700000 -0.269375
0.699000 -0.270024
0.698000 -0.270671
0.697000 -0.271316
0.696000 -0.271959
0.695000 -0.272600
0.694000 -0.273239
0.693000 -0.273876
0.692000 -0.274511
0.691000 -0.275144
0.690000 -0.275775
0.689000 -0.276404
0.688000 -0.277031
0.687000 -0.277656
0.686000 -0.278279
0.685000 -0.278900
0.684000 -0.279519
0.683000 -0.280136
0.682000 -0.280751
0.681000 -0.281364
0.680000 -0.281975
0.679000 -0.282584
0.678000 -0.283191
0.677000 -0.283796
0.676000 -0.284399
0.675000 -0.285000
0.674000 -0.285599
0.673000 -0.286196
0.672000 -0.286791
0.671000 -0.287384
0.670000 -0.287975
0.669000 -0.288564
0.668000 -0.289151
0.667000 -0.289736
0.666000 -0.290319
0.665000 -0.290900
0.664000 -0.291479
0.663000 -0.292056
0.662000 -0.292631
0.661000 -0.293204
0.660000 -0.293775
0.659000 -0.294344
0.658000 -0.294911
0.657000 -0.295476
0.656000 -0.296039
0.655000 -0.296600
0.654000 -0.297159
0.653000 -0.297716
0.652000 -0.298271
0.651000 -0.298824
0.650000 -0.299375
0.649000 -0.299924
0.648000 -0.300471
0.647000 -0.301016
0.646000 -0.301559
0.645000 -0.302100
0.644000 -0.302639
0.643000 -0.303176
0.642000 -0.303711
0.641000 -0.304244
0.640000 -0.304775
0.639000 -0.305304
0.638000 -0.305831
0.637000 -0.306356
0.636000 -0.306879
0.635000 -0.307400
0.634000 -0.307919
0.633000 -0.308436
0.632000 -0.308951
0.631000 -0.309464
0.630000 -0.309975
0.629000 -0.310484
0.628000 -0.310991
0.627000 -0.311496
0.626000 -0.311999
0.625000 -0.312500
0.624000 -0.312999
0.623000 -0.313496
0.622000 -0.313991
0.621000 -0.314484
0.620000 -0.314975
0.619000 -0.315464
0.618000 -0.315951
0.617000 -0.316436
0.616000 -0.316919
0.615000 -0.317400
0.614000 -0.317879
0.613000 -0.318356
0.612000 -0.318831
0.611000 -0.319304
0.610000 -0.319775
0.609000 -0.320244
0.608000 -0.320711
0.607000 -0.321176
0.606000 -0.321639
0.605000 -0.322100
0.604000 -0.322559
0.603000 -0.323016
0.602000 -0.323471
0.601000 -0.323924
0.600000 -0.324375
0.599000 -0.324824
0.598000 -0.325271
0.597000 -0.325716
0.596000 -0.326159
0.595000 -0.326600
0.594000 -0.327039
0.593000 -0.327476
0.592000 -0.327911
0.591000 -0.328344
0.590000 -0.328775
0.589000 -0.329204
0.588000 -0.329631
0.587000 -0.330056
0.586000 -0.330479
0.585000 -0.330900
0.584000 -0.331319
0.583000 -0.331736
0.582000 -0.332151
0.581000 -0.332564
0.580000 -0.332975
0.579000 -0.333384
0.578000 -0.333791
0.577000 -0.334196
0.576000 -0.334599
0.575000 -0.335000
0.574000 -0.335399
0.573000 -0.335796
0.572000 -0.336191
0.571000 -0.336584
0.570000 -0.336975
0.569000 -0.337364
0.568000 -0.337751
0.567000 -0.338136
0.566000 -0.338519
0.565000 -0.338900
0.564000 -0.339279
0.563000 -0.339656
0.562000 -0.340031
0.561000 -0.340404
0.560000 -0.340775
0.559000 -0.341144
0.558000 -0.341511
0.557000 -0.341876
0.556000 -0.342239
0.555000 -0.342600
0.554000 -0.342959
0.553000 -0.343316
0.552000 -0.343671
0.551000 -0.344024
0.550000 -0.344375
0.549000 -0.344724
0.548000 -0.345071
0.547000 -0.345416
0.546000 -0.345759
0.545000 -0.346100
0.544000 -0.346439
0.543000 -0.346776
0.542000 -0.347111
0.541000 -0.347444
0.540000 -0.347775
0.539000 -0.348104
0.538000 -0.348431
0.537000 -0.348756
0.536000 -0.349079
0.535000 -0.349400
0.534000 -0.349719
0.533000 -0.350036
0.532000 -0.350351
0.531000 -0.350664
0.530000 -0.350975
0.529000 -0.351284
0.528000 -0.351591
0.527000 -0.351896
0.526000 -0.352199
0.525000 -0.352500
0.524000 -0.352799
0.523000 -0.353096
0.522000 -0.353391
0.521000 -0.353684
0.520000 -0.353975
0.519000 -0.354264
0.518000 -0.354551
0.517000 -0.354836
0.516000 -0.355119
0.515000 -0.355400
0.514000 -0.355679
0.513000 -0.355956
0.512000 -0.356231
0.511000 -0.356504
0.510000 -0.356775
0.509000 -0.357044
0.508000 -0.357311
0.507000 -0.357576
0.506000 -0.357839
0.505000 -0.358100
0.504000 -0.358359
0.503000 -0.358616
0.502000 -0.358871
0.501000 -0.359124
0.500000 -0.359375
0.499000 -0.359124
0.498000 -0.358871
0.497000 -0.358616
0.496000 -0.358359
0.495000 -0.358100
0.494000 -0.357839
0.493000 -0.357576
0.492000 -0.357311
0.491000 -0.357044
0.490000 -0.356775
0.489000 -0.356504
0.488000 -0.356231
0.487000 -0.355956
0.486000 -0.355679
0.485000 -0.355400
0.484000 -0.355119
0.483000 -0.354836
0.482000 -0.354551
0.481000 -0.354264
0.480000 -0.353975
0.479000 -0.353684
0.478000 -0.353391
0.477000 -0.353096
0.476000 -0.352799
0.475000 -0.352500
0.474000 -0.352199
0.473000 -0.351896
0.472000 -0.351591
0.471000 -0.351284
0.470000 -0.350975
0.469000 -0.350664
0.468000 -0.350351
0.467000 -0.350036
0.466000 -0.349719
0.465000 -0.349400
0.464000 -0.349079
0.463000 -0.348756
0.462000 -0.348431
0.461000 -0.348104
0.460000 -0.347775
0.459000 -0.347444
0.458000 -0.347111
0.457000 -0.346776
0.456000 -0.346439
0.455000 -0.346100
0.454000 -0.345759
0.453000 -0.345416
0.452000 -0.345071
0.451000 -0.344724
0.450000 -0.344375
0.449000 -0.344024
0.448000 -0.343671
0.447000 -0.343316
0.446000 -0.342959
0.445000 -0.342600
0.444000 -0.342239
0.443000 -0.341876
0.442000 -0.341511
0.441000 -0.341144
0.440000 -0.340775
0.439000 -0.340404
0.438000 -0.340031
0.437000 -0.339656
0.436000 -0.339279
0.435000 -0.338900
0.434000 -0.338519
0.433000 -0.338136
0.432000 -0.337751
0.431000 -0.337364
0.430000 -0.336975
0.429000 -0.336584
0.428000 -0.336191
0.427000 -0.335796
0.426000 -0.335399
0.425000 -0.335000
0.424000 -0.334599
0.423000 -0.334196
0.422000 -0.333791
0.421000 -0.333384
0.420000 -0.332975
0.419000 -0.332564
0.418000 -0.332151
0.417000 -0.331736
0.416000 -0.331319
0.415000 -0.330900
0.414000 -0.330479
0.413000 -0.330056
0.412000 -0.329631
0.411000 -0.329204
0.410000 -0.328775
0.409000 -0.328344
0.408000 -0.327911
0.407000 -0.327476
0.406000 -0.327039
0.405000 -0.326600
0.404000 -0.326159
0.403000 -0.325716
0.402000 -0.325271
0.401000 -0.324824
0.400000 -0.324375
0.399000 -0.323924
0.398000 -0.323471
0.397000 -0.323016
0.396000 -0.322559
0.395000 -0.322100
0.394000 -0.321639
0.393000 -0.321176
0.392000 -0.320711
0.391000 -0.320244
0.390000 -0.319775
0.389000 -0.319304
0.388000 -0.318831
0.387000 -0.318356
0.386000 -0.317879
0.385000 -0.317400
0.384000 -0.316919
0.383000 -0.316436
0.382000 -0.315951
0.381000 -0.315464
0.380000 -0.314975
0.379000 -0.314484
0.378000 -0.313991
0.377000 -0.313496
0.376000 -0.312999
0.375000 -0.312500
0.374000 -0.311999
0.373000 -0.311496
0.372000 -0.310991
0.371000 -0.310484
0.370000 -0.309975
0.369000 -0.309464
0.368000 -0.308951
0.367000 -0.308436
0.366000 -0.307919
0.365000 -0.307400
0.364000 -0.306879
0.363000 -0.306356
0.362000 -0.305831
0.361000 -0.305304
0.360000 -0.304775
0.359000 -0.304244
0.358000 -0.303711
0.357000 -0.303176
0.356000 -0.302639
0.355000 -0.302100
0.354000 -0.301559
0.353000 -0.301016
0.352000 -0.300471
0.351000 -0.299924
0.350000 -0.299375
0.349000 -0.298824
0.348000 -0.298271
0.347000 -0.297716
0.346000 -0.297159
0.345000 -0.296600
0.344000 -0.296039
0.343000 -0.295476
0.342000 -0.294911
0.341000 -0.294344
0.340000 -0.293775
0.339000 -0.293204
0.338000 -0.292631
0.337000 -0.292056
0.336000 -0.291479
0.335000 -0.290900
0.334000 -0.290319
0.333000 -0.289736
0.332000 -0.289151
0.331000 -0.288564
0.330000 -0.287975
0.329000 -0.287384
0.328000 -0.286791
0.327000 -0.286196
0.326000 -0.285599
0.325000 -0.285000
0.324000 -0.284399
0.323000 -0.283796
0.322000 -0.283191
0.321000 -0.282584
0.320000 -0.281975
0.319000 -0.281364
0.318000 -0.280751
0.317000 -0.280136
0.316000 -0.279519
0.315000 -0.278900
0.314000 -0.278279
0.313000 -0.277656
0.312000 -0.277031
0.311000 -0.276404
0.310000 -0.275775
0.309000 -0.275144
0.308000 -0.274511
0.307000 -0.273876
0.306000 -0.273239
0.305000 -0.272600
0.304000 -0.271959
0.303000 -0.271316
0.302000 -0.270671
0.301000 -0.270024
0.300000 -0.269375
0.299000 -0.268724
0.298000 -0.268071
0.297000 -0.267416
0.296000 -0.266759
0.295000 -0.266100
0.294000 -0.265439
0.293000 -0.264776
0.292000 -0.264111
0.291000 -0.263444
0.290000 -0.262775
0.289000 -0.262104
0.288000 -0.261431
0.287000 -0.260756
0.286000 -0.260079
0.285000 -0.259400
0.284000 -0.258719
0.283000 -0.258036
0.282000 -0.257351
0.281000 -0.256664
0.280000 -0.255975
0.279000 -0.255284
0.278000 -0.254591
0.277000 -0.253896
0.276000 -0.253199
0.275000 -0.252500
0.274000 -0.251799
0.273000 -0.251096
0.272000 -0.250391
0.271000 -0.249684
0.270000 -0.248975
0.269000 -0.248264
0.268000 -0.247551
0.267000 -0.246836
0.266000 -0.246119
0.265000 -0.245400
0.264000 -0.244679
0.263000 -0.243956
0.262000 -0.243231
0.261000 -0.242504
0.260000 -0.241775
0.259000 -0.241044
0.258000 -0.240311
0.257000 -0.239576
0.256000 -0.238839
0.255000 -0.238100
0.254000 -0.237359
0.253000 -0.236616
0.252000 -0.235871
0.251000 -0.235124
0.250000 -0.234375
0.249000 -0.233624
0.248000 -0.232871
0.247000 -0.232116
0.246000 -0.231359
0.245000 -0.230600
0.244000 -0.229839
0.243000 -0.229076
0.242000 -0.228311
0.241000 -0.227544
0.240000 -0.226775
0.239000 -0.226004
0.238000 -0.225231
0.237000 -0.224456
0.236000 -0.223679
0.235000 -0.222900
0.234000 -0.222119
0.233000 -0.221336
0.232000 -0.220551
0.231000 -0.219764
0.230000 -0.218975
0.229000 -0.218184
0.228000 -0.217391
0.227000 -0.216596
0.226000 -0.215799
0.225000 -0.215000
0.224000 -0.214199
0.223000 -0.213396
0.222000 -0.212591
0.221000 -0.211784
0.220000 -0.210975
0.219000 -0.210164
0.218000 -0.209351
0.217000 -0.208536
0.216000 -0.207719
0.215000 -0.206900
0.214000 -0.206079
0.213000 -0.205256
0.212000 -0.204431
0.211000 -0.203604
0.210000 -0.202775
0.209000 -0.201944
0.208000 -0.201111
0.207000 -0.200276
0.206000 -0.199439
0.205000 -0.198600
0.204000 -0.197759
0.203000 -0.196916
0.202000 -0.196071
0.201000 -0.195224
0.200000 -0.194375
0.199000 -0.193524
0.198000 -0.192671
0.197000 -0.191816
0.196000 -0.190959
0.195000 -0.190100
0.194000 -0.189239
0.193000 -0.188376
0.192000 -0.187511
0.191000 -0.186644
0.190000 -0.185775
0.189000 -0.184904
0.188000 -0.184031
0.187000 -0.183156
0.186000 -0.182279
0.185000 -0.181400
0.184000 -0.180519
0.183000 -0.179636
0.182000 -0.178751
0.181000 -0.177864
0.180000 -0.176975
0.179000 -0.176084
0.178000 -0.175191
0.177000 -0.174296
0.176000 -0.173399
0.175000 -0.172500
0.174000 -0.171599
0.173000 -0.170696
0.172000 -0.169791
0.171000 -0.168884
0.170000 -0.167975
0.169000 -0.167064
0.168000 -0.166151
0.167000 -0.165236
0.166000 -0.164319
0.165000 -0.163400
0.164000 -0.162479
0.163000 -0.161556
0.162000 -0.160631
0.161000 -0.159704
0.160000 -0.158775
0.159000 -0.157844
0.158000 -0.156911
0.157000 -0.155976
0.156000 -0.155039
0.155000 -0.154100
0.154000 -0.153159
0.153000 -0.152216
0.152000 -0.151271
0.151000 -0.150324
0.150000 -0.149375
0.149000 -0.148424
0.148000 -0.147471
0.147000 -0.146516
0.146000 -0.145559
0.145000 -0.144600
0.144000 -0.143639
0.143000 -0.142676
0.142000 -0.141711
0.141000 -0.140744
0.140000 -0.139775
0.139000 -0.138804
0.138000 -0.137831
0.137000 -0.136856
0.136000 -0.135879
0.135000 -0.134900
0.134000 -0.133919
0.133000 -0.132936
0.132000 -0.131951
0.131000 -0.130964
0.130000 -0.129975
0.129000 -0.128984
0.128000 -0.127991
0.127000 -0.126996
0.126000 -0.125999
0.125000 -0.125000
0.124000 -0.124001
0.123000 -0.123004
0.122000 -0.122009
0.121000 -0.121016
0.120000 -0.120025
0.119000 -0.119036
0.118000 -0.118049
0.117000 -0.117064
0.116000 -0.116081
0.115000 -0.115100
0.114000 -0.114121
0.113000 -0.113144
0.112000 -0.112169
0.111000 -0.111196
0.110000 -0.110225
0.109000 -0.109256
0.108000 -0.108289
0.107000 -0.107324
0.106000 -0.106361
0.105000 -0.105400
0.104000 -0.104441
0.103000 -0.103484
0.102000 -0.102529
0.101000 -0.101576
0.100000 -0.100625
0.099000 -0.099676
0.098000 -0.098729
0.097000 -0.097784
0.096000 -0.096841
0.095000 -0.095900
0.094000 -0.094961
0.093000 -0.094024
0.092000 -0.093089
0.091000 -0.092156
0.090000 -0.091225
0.089000 -0.090296
0.088000 -0.089369
0.087000 -0.088444
0.086000 -0.087521
0.085000 -0.086600
0.084000 -0.085681
0.083000 -0.084764
0.082000 -0.083849
0.081000 -0.082936
0.080000 -0.082025
0.079000 -0.081116
0.078000 -0.080209
0.077000 -0.079304
0.076000 -0.078401
0.075000 -0.077500
0.074000 -0.076601
0.073000 -0.075704
0.072000 -0.074809
0.071000 -0.073916
0.070000 -0.073025
0.069000 -0.072136
0.068000 -0.071249
0.067000 -0.070364
0.066000 -0.069481
0.065000 -0.068600
0.064000 -0.067721
0.063000 -0.066844
0.062000 -0.065969
0.061000 -0.065096
0.060000 -0.064225
0.059000 -0.063356
0.058000 -0.062489
0.057000 -0.061624
0.056000 -0.060761
0.055000 -0.059900
0.054000 -0.059041
0.053000 -0.058184
0.052000 -0.057329
0.051000 -0.056476
0.050000 -0.055625
0.049000 -0.054776
0.048000 -0.053929
0.047000 -0.053084
0.046000 -0.052241
0.045000 -0.051400
0.044000 -0.050561
0.043000 -0.049724
0.042000 -0.048889
0.041000 -0.048056
0.040000 -0.047225
0.039000 -0.046396
0.038000 -0.045569
0.037000 -0.044744
0.036000 -0.043921
0.035000 -0.043100
0.034000 -0.042281
0.033000 -0.041464
0.032000 -0.040649
0.031000 -0.039836
0.030000 -0.039025
0.029000 -0.038216
0.028000 -0.037409
0.027000 -0.036604
0.026000 -0.035801
0.025000 -0.035000
0.024000 -0.034201
0.023000 -0.033404
0.022000 -0.032609
0.021000 -0.031816
0.020000 -0.031025
0.019000 -0.030236
0.018000 -0.029449
0.017000 -0.028664
0.016000 -0.027881
0.015000 -0.027100
0.014000 -0.026321
0.013000 -0.025544
0.012000 -0.024769
0.011000 -0.023996
0.010000 -0.023225
0.009000 -0.022456
0.008000 -0.021689
0.007000 -0.020924
0.006000 -0.020161
0.005000 -0.019400
0.004000 -0.018641
0.003000 -0.017884
0.002000 -0.017129
0.001000 -0.016376
0.000000 -0.015625
-0.001000 -0.014876
-0.002000 -0.014129
-0.003000 -0.013384
-0.004000 -0.012641
-0.005000 -0.011900
-0.006000 -0.011161
-0.007000 -0.010424
-0.008000 -0.009689
-0.009000 -0.008956
-0.010000 -0.008225
-0.011000 -0.007496
-0.012000 -0.006769
-0.013000 -0.006044
-0.014000 -0.005321
-0.015000 -0.004600
-0.016000 -0.003881
-0.017000 -0.003164
-0.018000 -0.002449
-0.019000 -0.001736
-0.020000 -0.001025
-0.021000 -0.000316
-0.022000 0.000391
-0.023000 0.001096
-0.024000 0.001799
-0.025000 0.002500
-0.026000 0.003199
-0.027000 0.003896
-0.028000 0.004591
-0.029000 0.005284
-0.030000 0.005975
-0.031000 0.006664
-0.032000 0.007351
-0.033000 0.008036
-0.034000 0.008719
-0.035000 0.009400
-0.036000 0.010079
-0.037000 0.010756
-0.038000 0.011431
-0.039000 0.012104
-0.040000 0.012775
-0.041000 0.013444
-0.042000 0.014111
-0.043000 0.014776
-0.044000 0.015439
-0.045000 0.016100
-0.046000 0.016759
-0.047000 0.017416
-0.048000 0.018071
-0.049000 0.018724
-0.050000 0.019375
-0.051000 0.020024
-0.052000 0.020671
-0.053000 0.021316
-0.054000 0.021959
-0.055000 0.022600
-0.056000 0.023239
-0.057000 0.023876
-0.058000 0.024511
-0.059000 0.025144
-0.060000 0.025775
-0.061000 0.026404
-0.062000 0.027031
-0.063000 0.027656
-0.064000 0.028279
-0.065000 0.028900
-0.066000 0.029519
-0.067000 0.030136
-0.068000 0.030751
-0.069000 0.031364
-0.070000 0.031975
-0.071000 0.032584
-0.072000 0.033191
-0.073000 0.033796
-0.074000 0.034399
-0.075000 0.035000
-0.076000 0.035599
-0.077000 0.036196
-0.078000 0.036791
-0.079000 0.037384
-0.080000 0.037975
-0.081000 0.038564
-0.082000 0.039151
-0.083000 0.039736
-0.084000 0.040319
-0.085000 0.040900
-0.086000 0.041479
-0.087000 0.042056
-0.088000 0.042631
-0.089000 0.043204
-0.090000 0.043775
-0.091000 0.044344
-0.092000 0.044911
-0.093000 0.045476
-0.094000 0.046039
-0.095000 0.046600
-0.096000 0.047159
-0.097000 0.047716
-0.098000 0.048271
-0.099000 0.048824
-0.100000 0.049375
-0.101000 0.049924
-0.102000 0.050471
-0.103000 0.051016
-0.104000 0.051559
-0.105000 0.052100
-0.106000 0.052639
-0.107000 0.053176
-0.108000 0.053711
-0.109000 0.054244
-0.110000 0.054775
-0.111000 0.055304
-0.112000 0.055831
-0.113000 0.056356
-0.114000 0.056879
-0.115000 0.057400
-0.116000 0.057919
-0.117000 0.058436
-0.118000 0.058951
-0.119000 0.059464
-0.120000 0.059975
-0.121000 0.060484
-0.122000 0.060991
-0.123000 0.061496
-0.124000 0.061999
-0.125000 0.062500
-0.126000 0.062999
-0.127000 0.063496
-0.128000 0.063991
-0.129000 0.064484
-0.130000 0.064975
-0.131000 0.065464
-0.132000 0.065951
-0.133000 0.066436
-0.134000 0.066919
-0.135000 0.067400
-0.136000 0.067879
-0.137000 0.068356
-0.138000 0.068831
-0.139000 0.069304
-0.140000 0.069775
-0.141000 0.070244
-0.142000 0.070711
-0.143000 0.071176
-0.144000 0.071639
-0.145000 0.072100
-0.146000 0.072559
-0.147000 0.073016
-0.148000 0.073471
-0.149000 0.073924
-0.150000 0.074375
-0.151000 0.074824
-0.152000 0.075271
-0.153000 0.075716
-0.154000 0.076159
-0.155000 0.076600
-0.156000 0.077039
-0.157000 0.077476
-0.158000 0.077911
-0.159000 0.078344
-0.160000 0.078775
-0.161000 0.079204
-0.162000 0.079631
-0.163000 0.080056
-0.164000 0.080479
-0.165000 0.080900
-0.166000 0.081319
-0.167000 0.081736
-0.168000 0.082151
-0.169000 0.082564
-0.170000 0.082975
-0.171000 0.083384
-0.172000 0.083791
-0.173000 0.084196
-0.174000 0.084599
-0.175000 0.085000
-0.176000 0.085399
-0.177000 0.085796
-0.178000 0.086191
-0.179000 0.086584
-0.180000 0.086975
-0.181000 0.087364
-0.182000 0.087751
-0.183000 0.088136
-0.184000 0.088519
-0.185000 0.088900
-0.186000 0.089279
-0.187000 0.089656
-0.188000 0.090031
-0.189000 0.090404
-0.190000 0.090775
-0.191000 0.091144
-0.192000 0.091511
-0.193000 0.091876
-0.194000 0.092239
-0.195000 0.092600
-0.196000 0.092959
-0.197000 0.093316
-0.198000 0.093671
-0.199000 0.094024
-0.200000 0.094375
-0.201000 0.094724
-0.202000 0.095071
-0.203000 0.095416
-0.204000 0.095759
-0.205000 0.096100
-0.206000 0.096439
-0.207000 0.096776
-0.208000 0.097111
-0.209000 0.097444
-0.210000 0.097775
-0.211000 0.098104
-0.212000 0.098431
-0.213000 0.098756
-0.214000 0.099079
-0.215000 0.099400
-0.216000 0.099719
-0.217000 0.100036
-0.218000 0.100351
-0.219000 0.100664
-0.220000 0.100975
-0.221000 0.101284
-0.222000 0.101591
-0.223000 0.101896
-0.224000 0.102199
-0.225000 0.102500
-0.226000 0.102799
-0.227000 0.103096
-0.228000 0.103391
-0.229000 0.103684
-0.230000 0.103975
-0.231000 0.104264
-0.232000 0.104551
-0.233000 0.104836
-0.234000 0.105119
-0.235000 0.105400
-0.236000 0.105679
-0.237000 0.105956
-0.238000 0.106231
-0.239000 0.106504
-0.240000 0.106775
-0.241000 0.107044
-0.242000 0.107311
-0.243000 0.107576
-0.244000 0.107839
-0.245000 0.108100
-0.246000 0.108359
-0.247000 0.108616
-0.248000 0.108871
-0.249000 0.109124
-0.250000 0.109375
-0.251000 0.109624
-0.252000 0.109871
-0.253000 0.110116
-0.254000 0.110359
-0.255000 0.110600
-0.256000 0.110839
-0.257000 0.111076
-0.258000 0.111311
-0.259000 0.111544
-0.260000 0.111775
-0.261000 0.112004
-0.262000 0.112231
-0.263000 0.112456
-0.264000 0.112679
-0.265000 0.112900
-0.266000 0.113119
-0.267000 0.113336
-0.268000 0.113551
-0.269000 0.113764
-0.270000 0.113975
-0.271000 0.114184
-0.272000 0.114391
-0.273000 0.114596
-0.274000 0.114799
-0.275000 0.115000
-0.276000 0.115199
-0.277000 0.115396
-0.278000 0.115591
-0.279000 0.115784
-0.280000 0.115975
-0.281000 0.116164
-0.282000 0.116351
-0.283000 0.116536
-0.284000 0.116719
-0.285000 0.116900
-0.286000 0.117079
-0.287000 0.117256
-0.288000 0.117431
-0.289000 0.117604
-0.290000 0.117775
-0.291000 0.117944
-0.292000 0.118111
-0.293000 0.118276
-0.294000 0.118439
-0.295000 0.118600
-0.296000 0.118759
-0.297000 0.118916
-0.298000 0.119071
-0.299000 0.119224
-0.300000 0.119375
-0.301000 0.119524
-0.302000 0.119671
-0.303000 0.119816
-0.304000 0.119959
-0.305000 0.120100
-0.306000 0.120239
-0.307000 0.120376
-0.308000 0.120511
-0.309000 0.120644
-0.310000 0.120775
-0.311000 0.120904
-0.312000 0.121031
-0.313000 0.121156
-0.314000 0.121279
-0.315000 0.121400
-0.316000 0.121519
-0.317000 0.121636
-0.318000 0.121751
-0.319000 0.121864
-0.320000 0.121975
-0.321000 0.122084
-0.322000 0.122191
-0.323000 0.122296
-0.324000 0.122399
-0.325000 0.122500
-0.326000 0.122599
-0.327000 0.122696
-0.328000 0.122791
-0.329000 0.122884
-0.330000 0.122975
-0.331000 0.123064
-0.332000 0.123151
-0.333000 0.123236
-0.334000 0.123319
-0.335000 0.123400
-0.336000 0.123479
-0.337000 0.123556
-0.338000 0.123631
-0.339000 0.123704
-0.340000 0.123775
-0.341000 0.123844
-0.342000 0.123911
-0.343000 0.123976
-0.344000 0.124039
-0.345000 0.124100
-0.346000 0.124159
-0.347000 0.124216
-0.348000 0.124271
-0.349000 0.124324
-0.350000 0.124375
-0.351000 0.124424
-0.352000 0.124471
-0.353000 0.124516
-0.354000 0.124559
-0.355000 0.124600
-0.356000 0.124639
-0.357000 0.124676
-0.358000 0.124711
-0.359000 0.124744
-0.360000 0.124775
-0.361000 0.124804
-0.362000 0.124831
-0.363000 0.124856
-0.364000 0.124879
-0.365000 0.124900
-0.366000 0.124919
-0.367000 0.124936
-0.368000 0.124951
-0.369000 0.124964
-0.370000 0.124975
-0.371000 0.124984
-0.372000 0.124991
-0.373000 0.124996
-0.374000 0.124999
-0.375000 0.125000
-0.376000 0.124999
-0.377000 0.124996
-0.378000 0.124991
-0.379000 0.124984
-0.380000 0.124975
-0.381000 0.124964
-0.382000 0.124951
-0.383000 0.124936
-0.384000 0.124919
-0.385000 0.124900
-0.386000 0.124879
-0.387000 0.124856
-0.388000 0.124831
-0.389000 0.124804
-0.390000 0.124775
-0.391000 0.124744
-0.392000 0.124711
-0.393000 0.124676
-0.394000 0.124639
-0.395000 0.124600
-0.396000 0.124559
-0.397000 0.124516
-0.398000 0.124471
-0.399000 0.124424
-0.400000 0.124375
-0.401000 0.124324
-0.402000 0.124271
-0.403000 0.124216
-0.404000 0.124159
-0.405000 0.124100
-0.406000 0.124039
-0.407000 0.123976
-0.408000 0.123911
-0.409000 0.123844
-0.410000 0.123775
-0.411000 0.123704
-0.412000 0.123631
-0.413000 0.123556
-0.414000 0.123479
-0.415000 0.123400
-0.416000 0.123319
-0.417000 0.123236
-0.418000 0.123151
-0.419000 0.123064
-0.420000 0.122975
-0.421000 0.122884
-0.422000 0.122791
-0.423000 0.122696
-0.424000 0.122599
-0.425000 0.122500
-0.426000 0.122399
-0.427000 0.122296
-0.428000 0.122191
-0.429000 0.122084
-0.430000 0.121975
-0.431000 0.121864
-0.432000 0.121751
-0.433000 0.121636
-0.434000 0.121519
-0.435000 0.121400
-0.436000 0.121279
-0.437000 0.121156
-0.438000 0.121031
-0.439000 0.120904
-0.440000 0.120775
-0.441000 0.120644
-0.442000 0.120511
-0.443000 0.120376
-0.444000 0.120239
-0.445000 0.120100
-0.446000 0.119959
-0.447000 0.119816
-0.448000 0.119671
-0.449000 0.119524
-0.450000 0.119375
-0.451000 0.119224
-0.452000 0.119071
-0.453000 0.118916
-0.454000 0.118759
-0.455000 0.118600
-0.456000 0.118439
-0.457000 0.118276
-0.458000 0.118111
-0.459000 0.117944
-0.460000 0.117775
-0.461000 0.117604
-0.462000 0.117431
-0.463000 0.117256
-0.464000 0.117079
-0.465000 0.116900
-0.466000 0.116719
-0.467000 0.116536
-0.468000 0.116351
-0.469000 0.116164
-0.470000 0.115975
-0.471000 0.115784
-0.472000 0.115591
-0.473000 0.115396
-0.474000 0.115199
-0.475000 0.115000
-0.476000 0.114799
-0.477000 0.114596
-0.478000 0.114391
-0.479000 0.114184
-0.480000 0.113975
-0.481000 0.113764
-0.482000 0.113551
-0.483000 0.113336
-0.484000 0.113119
-0.485000 0.112900
-0.486000 0.112679
-0.487000 0.112456
-0.488000 0.112231
-0.489000 0.112004
-0.490000 0.111775
-0.491000 0.111544
-0.492000 0.111311
-0.493000 0.111076
-0.494000 0.110839
-0.495000 0.110600
-0.496000 0.110359
-0.497000 0.110116
-0.498000 0.109871
-0.499000 0.109624
-0.500000 0.109375
-0.501000 0.109624
-0.502000 0.109871
-0.503000 0.110116
-0.504000 0.110359
-0.505000 0.110600
-0.506000 0.110839
-0.507000 0.111076
-0.508000 0.111311
-0.509000 0.111544
-0.510000 0.111775
-0.511000 0.112004
-0.512000 0.112231
-0.513000 0.112456
-0.514000 0.112679
-0.515000 0.112900
-0.516000 0.113119
-0.517000 0.113336
-0.518000 0.113551
-0.519000 0.113764
-0.520000 0.113975
-0.521000 0.114184
-0.522000 0.114391
-0.523000 0.114596
-0.524000 0.114799
-0.525000 0.115000
-0.526000 0.115199
-0.527000 0.115396
-0.528000 0.115591
-0.529000 0.115784
-0.530000 0.115975
-0.531000 0.116164
-0.532000 0.116351
-0.533000 0.116536
-0.534000 0.116719
-0.535000 0.116900
-0.536000 0.117079
-0.537000 0.117256
-0.538000 0.117431
-0.539000 0.117604
-0.540000 0.117775
-0.541000 0.117944
-0.542000 0.118111
-0.543000 0.118276
-0.544000 0.118439
-0.545000 0.118600
-0.546000 0.118759
-0.547000 0.118916
-0.548000 0.119071
-0.549000 0.119224
-0.550000 0.119375
-0.551000 0.119524
-0.552000 0.119671
-0.553000 0.119816
-0.554000 0.119959
-0.555000 0.120100
-0.556000 0.120239
-0.557000 0.120376
-0.558000 0.120511
-0.559000 0.120644
-0.560000 0.120775
-0.561000 0.120904
-0.562000 0.121031
-0.563000 0.121156
-0.564000 0.121279
-0.565000 0.121400
-0.566000 0.121519
-0.567000 0.121636
-0.568000 0.121751
-0.569000 0.121864
-0.570000 0.121975
-0.571000 0.122084
-0.572000 0.122191
-0.573000 0.122296
-0.574000 0.122399
-0.575000 0.122500
-0.576000 0.122599
-0.577000 0.122696
-0.578000 0.122791
-0.579000 0.122884
-0.580000 0.122975
-0.581000 0.123064
-0.582000 0.123151
-0.583000 0.123236
-0.584000 0.123319
-0.585000 0.123400
-0.586000 0.123479
-0.587000 0.123556
-0.588000 0.123631
-0.589000 0.123704
-0.590000 0.123775
-0.591000 0.123844
-0.592000 0.123911
-0.593000 0.123976
-0.594000 0.124039
-0.595000 0.124100
-0.596000 0.124159
-0.597000 0.124216
-0.598000 0.124271
-0.599000 0.124324
-0.600000 0.124375
-0.601000 0.124424
-0.602000 0.124471
-0.603000 0.124516
-0.604000 0.124559
-0.605000 0.124600
-0.606000 0.124639
-0.607000 0.124676
-0.608000 0.124711
-0.609000 0.124744
-0.610000 0.124775
-0.611000 0.124804
-0.612000 0.124831
-0.613000 0.124856
-0.614000 0.124879
-0.615000 0.124900
-0.616000 0.124919
-0.617000 0.124936
-0.618000 0.124951
-0.619000 0.124964
-0.620000 0.124975
-0.621000 0.124984
-0.622000 0.124991
-0.623000 0.124996
-0.624000 0.124999
-0.625000 0.125000
-0.626000 0.124999
-0.627000 0.124996
-0.628000 0.124991
-0.629000 0.124984
-0.630000 0.124975
-0.631000 0.124964
-0.632000 0.124951
-0.633000 0.124936
-0.634000 0.124919
-0.635000 0.124900
-0.636000 0.124879
-0.637000 0.124856
-0.638000 0.124831
-0.639000 0.124804
-0.640000 0.124775
-0.641000 0.124744
-0.642000 0.124711
-0.643000 0.124676
-0.644000 0.124639
-0.645000 0.124600
-0.646000 0.124559
-0.647000 0.124516
-0.648000 0.124471
-0.649000 0.124424
-0.650000 0.124375
-0.651000 0.124324
-0.652000 0.124271
-0.653000 0.124216
-0.654000 0.124159
-0.655000 0.124100
-0.656000 0.124039
-0.657000 0.123976
-0.658000 0.123911
-0.659000 0.123844
-0.660000 0.123775
-0.661000 0.123704
-0.662000 0.123631
-0.663000 0.123556
-0.664000 0.123479
-0.665000 0.123400
-0.666000 0.123319
-0.667000 0.123236
-0.668000 0.123151
-0.669000 0.123064
-0.670000 0.122975
-0.671000 0.122884
-0.672000 0.122791
-0.673000 0.122696
-0.674000 0.122599
-0.675000 0.122500
-0.676000 0.122399
-0.677000 0.122296
-0.678000 0.122191
-0.679000 0.122084
-0.680000 0.121975
-0.681000 0.121864
-0.682000 0.121751
-0.683000 0.121636
-0.684000 0.121519
-0.685000 0.121400
-0.686000 0.121279
-0.687000 0.121156
-0.688000 0.121031
-0.689000 0.120904
-0.690000 0.120775
-0.691000 0.120644
-0.692000 0.120511
-0.693000 0.120376
-0.694000 0.120239
-0.695000 0.120100
-0.696000 0.119959
-0.697000 0.119816
-0.698000 0.119671
-0.699000 0.119524
-0.700000 0.119375
-0.701000 0.119224
-0.702000 0.119071
-0.703000 0.118916
-0.704000 0.118759
-0.705000 0.118600
-0.706000 0.118439
-0.707000 0.118276
-0.708000 0.118111
-0.709000 0.117944
-0.710000 0.117775
-0.711000 0.117604
-0.712000 0.117431
-0.713000 0.117256
-0.714000 0.117079
-0.715000 0.116900
-0.716000 0.116719
-0.717000 0.116536
-0.718000 0.116351
-0.719000 0.116164
-0.720000 0.115975
-0.721000 0.115784
-0.722000 0.115591
-0.723000 0.115396
-0.724000 0.115199
-0.725000 0.115000
-0.726000 0.114799
-0.727000 0.114596
-0.728000 0.114391
-0.729000 0.114184
-0.730000 0.113975
-0.731000 0.113764
-0.732000 0.113551
-0.733000 0.113336
-0.734000 0.113119
-0.735000 0.112900
-0.736000 0.112679
-0.737000 0.112456
-0.738000 0.112231
-0.739000 0.112004
-0.740000 0.111775
-0.741000 0.111544
-0.742000 0.111311
-0.743000 0.111076
-0.744000 0.110839
-0.745000 0.110600
-0.746000 0.110359
-0.747000 0.110116
-0.748000 0.109871
-0.749000 0.109624
-0.750000 0.109375
-0.751000 0.109124
-0.752000 0.108871
-0.753000 0.108616
-0.754000 0.108359
-0.755000 0.108100
-0.756000 0.107839
-0.757000 0.107576
-0.758000 0.107311
-0.759000 0.107044
-0.760000 0.106775
-0.761000 0.106504
-0.762000 0.106231
-0.763000 0.105956
-0.764000 0.105679
-0.765000 0.105400
-0.766000 0.105119
-0.767000 0.104836
-0.768000 0.104551
-0.769000 0.104264
-0.770000 0.103975
-0.771000 0.103684
-0.772000 0.103391
-0.773000 0.103096
-0.774000 0.102799
-0.775000 0.102500
-0.776000 0.102199
-0.777000 0.101896
-0.778000 0.101591
-0.779000 0.101284
-0.780000 0.100975
-0.781000 0.100664
-0.782000 0.100351
-0.783000 0.100036
-0.784000 0.099719
-0.785000 0.099400
-0.786000 0.099079
-0.787000 0.098756
-0.788000 0.098431
-0.789000 0.098104
-0.790000 0.097775
-0.791000 0.097444
-0.792000 0.097111
-0.793000 0.096776
-0.794000 0.096439
-0.795000 0.096100
-0.796000 0.095759
-0.797000 0.095416
-0.798000 0.095071
-0.799000 0.094724
-0.800000 0.094375
-0.801000 0.094024
-0.802000 0.093671
-0.803000 0.093316
-0.804000 0.092959
-0.805000 0.092600
-0.806000 0.092239
-0.807000 0.091876
-0.808000 0.091511
-0.809000 0.091144
-0.810000 0.090775
-0.811000 0.090404
-0.812000 0.090031
-0.813000 0.089656
-0.814000 0.089279
-0.815000 0.088900
-0.816000 0.088519
-0.817000 0.088136
-0.818000 0.087751
-0.819000 0.087364
-0.820000 0.086975
-0.821000 0.086584
-0.822000 0.086191
-0.823000 0.085796
-0.824000 0.085399
-0.825000 0.085000
-0.826000 0.084599
-0.827000 0.084196
-0.828000 0.083791
-0.829000 0.083384
-0.830000 0.082975
-0.831000 0.082564
-0.832000 0.082151
-0.833000 0.081736
-0.834000 0.081319
-0.835000 0.080900
-0.836000 0.080479
-0.837000 0.080056
-0.838000 0.079631
-0.839000 0.079204
-0.840000 0.078775
-0.841000 0.078344
-0.842000 0.077911
-0.843000 0.077476
-0.844000 0.077039
-0.845000 0.076600
-0.846000 0.076159
-0.847000 0.075716
-0.848000 0.075271
-0.849000 0.074824
-0.850000 0.074375
-0.851000 0.073924
-0.852000 0.073471
-0.853000 0.073016
-0.854000 0.072559
-0.855000 0.072100
-0.856000 0.071639
-0.857000 0.071176
-0.858000 0.070711
-0.859000 0.070244
-0.860000 0.069775
-0.861000 0.069304
-0.862000 0.068831
-0.863000 0.068356
-0.864000 0.067879
-0.865000 0.067400
-0.866000 0.066919
-0.867000 0.066436
-0.868000 0.065951
-0.869000 0.065464
-0.870000 0.064975
-0.871000 0.064484
-0.872000 0.063991
-0.873000 0.063496
-0.874000 0.062999
-0.875000 0.062500
