-0.125000 0.625000
-0.124000 0.625001
-0.123000 0.625004
-0.122000 0.625009
-0.121000 0.625016
-0.120000 0.625025
-0.119000 0.625036
-0.118000 0.625049
-0.117000 0.625064
-0.116000 0.625081
-0.115000 0.625100
-0.114000 0.625121
-0.113000 0.625144
-0.112000 0.625169
-0.111000 0.625196
-0.110000 0.625225
-0.109000 0.625256
-0.108000 0.625289
-0.107000 0.625324
-0.106000 0.625361
-0.105000 0.625400
-0.104000 0.625441
-0.103000 0.625484
-0.102000 0.625529
-0.101000 0.625576
-0.100000 0.625625
-0.099000 0.625676
-0.098000 0.625729
-0.097000 0.625784
-0.096000 0.625841
-0.095000 0.625900
-0.094000 0.625961
-0.093000 0.626024
-0.092000 0.626089
-0.091000 0.626156
-0.090000 0.626225
-0.089000 0.626296
-0.088000 0.626369
-0.087000 0.626444
-0.086000 0.626521
-0.085000 0.626600
-0.084000 0.626681
-0.083000 0.626764
-0.082000 0.626849
-0.081000 0.626936
-0.080000 0.627025
-0.079000 0.627116
-0.078000 0.627209
-0.077000 0.627304
-0.076000 0.627401
-0.075000 0.627500
-0.074000 0.627601
-0.073000 0.627704
-0.072000 0.627809
-0.071000 0.627916
-0.070000 0.628025
-0.069000 0.628136
-0.068000 0.628249
-0.067000 0.628364
-0.066000 0.628481
-0.065000 0.628600
-0.064000 0.628721
-0.063000 0.628844
-0.062000 0.628969
-0.061000 0.629096
-0.060000 0.629225
-0.059000 0.629356
-0.058000 0.629489
-0.057000 0.629624
-0.056000 0.629761
-0.055000 0.629900
-0.054000 0.630041
-0.053000 0.630184
-0.052000 0.630329
-0.051000 0.630476
-0.050000 0.630625
-0.049000 0.630776
-0.048000 0.630929
-0.047000 0.631084
-0.046000 0.631241
-0.045000 0.631400
-0.044000 0.631561
-0.043000 0.631724
-0.042000 0.631889
-0.041000 0.632056
-0.040000 0.632225
-0.039000 0.632396
-0.038000 0.632569
-0.037000 0.632744
-0.036000 0.632921
-0.035000 0.633100
-0.034000 0.633281
-0.033000 0.633464
-0.032000 0.633649
-0.031000 0.633836
-0.030000 0.634025
-0.029000 0.634216
-0.028000 0.634409
-0.027000 0.634604
-0.026000 0.634801
-0.025000 0.635000
-0.024000 0.635201
-0.023000 0.635404
-0.022000 0.635609
-0.021000 0.635816
-0.020000 0.636025
-0.019000 0.636236
-0.018000 0.636449
-0.017000 0.636664
-0.016000 0.636881
-0.015000 0.637100
-0.014000 0.637321
-0.013000 0.637544
-0.012000 0.637769
-0.011000 0.637996
-0.010000 0.638225
-0.009000 0.638456
-0.008000 0.638689
-0.007000 0.638924
-0.006000 0.639161
-0.005000 0.639400
-0.004000 0.639641
-0.003000 0.639884
-0.002000 0.640129
-0.001000 0.640376
0.000000 0.640625
0.001000 0.640376
0.002000 0.640129
0.003000 0.639884
0.004000 0.639641
0.005000 0.639400
0.006000 0.639161
0.007000 0.638924
0.008000 0.638689
0.009000 0.638456
0.010000 0.638225
0.011000 0.637996
0.012000 0.637769
0.013000 0.637544
0.014000 0.637321
0.015000 0.637100
0.016000 0.636881
0.017000 0.636664
0.018000 0.636449
0.019000 0.636236
0.020000 0.636025
0.021000 0.635816
0.022000 0.635609
0.023000 0.635404
0.024000 0.635201
0.025000 0.635000
0.026000 0.634801
0.027000 0.634604
0.028000 0.634409
0.029000 0.634216
0.030000 0.634025
0.031000 0.633836
0.032000 0.633649
0.033000 0.633464
0.034000 0.633281
0.035000 0.633100
0.036000 0.632921
0.037000 0.632744
0.038000 0.632569
0.039000 0.632396
0.040000 0.632225
0.041000 0.632056
0.042000 0.631889
0.043000 0.631724
0.044000 0.631561
0.045000 0.631400
0.046000 0.631241
0.047000 0.631084
0.048000 0.630929
0.049000 0.630776
0.050000 0.630625
0.051000 0.630476
0.052000 0.630329
0.053000 0.630184
0.054000 0.630041
0.055000 0.629900
0.056000 0.629761
0.057000 0.629624
0.058000 0.629489
0.059000 0.629356
0.060000 0.629225
0.061000 0.629096
0.062000 0.628969
0.063000 0.628844
0.064000 0.628721
0.065000 0.628600
0.066000 0.628481
0.067000 0.628364
0.068000 0.628249
0.069000 0.628136
0.070000 0.628025
0.071000 0.627916
0.072000 0.627809
0.073000 0.627704
0.074000 0.627601
0.075000 0.627500
0.076000 0.627401
0.077000 0.627304
0.078000 0.627209
0.079000 0.627116
0.080000 0.627025
0.081000 0.626936
0.082000 0.626849
0.083000 0.626764
0.084000 0.626681
0.085000 0.626600
0.086000 0.626521
0.087000 0.626444
0.088000 0.626369
0.089000 0.626296
0.090000 0.626225
0.091000 0.626156
0.092000 0.626089
0.093000 0.626024
0.094000 0.625961
0.095000 0.625900
0.096000 0.625841
0.097000 0.625784
0.098000 0.625729
0.099000 0.625676
0.100000 0.625625
0.101000 0.625576
0.102000 0.625529
0.103000 0.625484
0.104000 0.625441
0.105000 0.625400
0.106000 0.625361
0.107000 0.625324
0.108000 0.625289
0.109000 0.625256
0.110000 0.625225
0.111000 0.625196
0.112000 0.625169
0.113000 0.625144
0.114000 0.625121
0.115000 0.625100
0.116000 0.625081
0.117000 0.625064
0.118000 0.625049
0.119000 0.625036
0.120000 0.625025
0.121000 0.625016
0.122000 0.625009
0.123000 0.625004
0.124000 0.625001
0.124000 -0.625001
0.123000 -0.625004
0.122000 -0.625009
0.121000 -0.625016
0.120000 -0.625025
0.119000 -0.625036
0.118000 -0.625049
0.117000 -0.625064
0.116000 -0.625081
0.115000 -0.625100
0.114000 -0.625121
0.113000 -0.625144
0.112000 -0.625169
0.111000 -0.625196
0.110000 -0.625225
0.109000 -0.625256
0.108000 -0.625289
0.107000 -0.625324
0.106000 -0.625361
0.105000 -0.625400
0.104000 -0.625441
0.103000 -0.625484
0.102000 -0.625529
0.101000 -0.625576
0.100000 -0.625625
0.099000 -0.625676
0.098000 -0.625729
0.097000 -0.625784
0.096000 -0.625841
0.095000 -0.625900
0.094000 -0.625961
0.093000 -0.626024
0.092000 -0.626089
0.091000 -0.626156
0.090000 -0.626225
0.089000 -0.626296
0.088000 -0.626369
0.087000 -0.626444
0.086000 -0.626521
0.085000 -0.626600
0.084000 -0.626681
0.083000 -0.626764
0.082000 -0.626849
0.081000 -0.626936
0.080000 -0.627025
0.079000 -0.627116
0.078000 -0.627209
0.077000 -0.627304
0.076000 -0.627401
0.075000 -0.627500
0.074000 -0.627601
0.073000 -0.627704
0.072000 -0.627809
0.071000 -0.627916
0.070000 -0.628025
0.069000 -0.628136
0.068000 -0.628249
0.067000 -0.628364
0.066000 -0.628481
0.065000 -0.628600
0.064000 -0.628721
0.063000 -0.628844
0.062000 -0.628969
0.061000 -0.629096
0.060000 -0.629225
0.059000 -0.629356
0.058000 -0.629489
0.057000 -0.629624
0.056000 -0.629761
0.055000 -0.629900
0.054000 -0.630041
0.053000 -0.630184
0.052000 -0.630329
0.051000 -0.630476
0.050000 -0.630625
0.049000 -0.630776
0.048000 -0.630929
0.047000 -0.631084
0.046000 -0.631241
0.045000 -0.631400
0.044000 -0.631561
0.043000 -0.631724
0.042000 -0.631889
0.041000 -0.632056
0.040000 -0.632225
0.039000 -0.632396
0.038000 -0.632569
0.037000 -0.632744
0.036000 -0.632921
0.035000 -0.633100
0.034000 -0.633281
0.033000 -0.633464
0.032000 -0.633649
0.031000 -0.633836
0.030000 -0.634025
0.029000 -0.634216
0.028000 -0.634409
0.027000 -0.634604
0.026000 -0.634801
0.025000 -0.635000
0.024000 -0.635201
0.023000 -0.635404
0.022000 -0.635609
0.021000 -0.635816
0.020000 -0.636025
0.019000 -0.636236
0.018000 -0.636449
0.017000 -0.636664
0.016000 -0.636881
0.015000 -0.637100
0.014000 -0.637321
0.013000 -0.637544
0.012000 -0.637769
0.011000 -0.637996
0.010000 -0.638225
0.009000 -0.638456
0.008000 -0.638689
0.007000 -0.638924
0.006000 -0.639161
0.005000 -0.639400
0.004000 -0.639641
0.003000 -0.639884
0.002000 -0.640129
0.001000 -0.640376
0.000000 -0.640625
-0.001000 -0.640376
-0.002000 -0.640129
-0.003000 -0.639884
-0.004000 -0.639641
-0.005000 -0.639400
-0.006000 -0.639161
-0.007000 -0.638924
-0.008000 -0.638689
-0.009000 -0.638456
-0.010000 -0.638225
-0.011000 -0.637996
-0.012000 -0.637769
-0.013000 -0.637544
-0.014000 -0.637321
-0.015000 -0.637100
-0.016000 -0.636881
-0.017000 -0.636664
-0.018000 -0.636449
-0.019000 -0.636236
-0.020000 -0.636025
-0.021000 -0.635816
-0.022000 -0.635609
-0.023000 -0.635404
-0.024000 -0.635201
-0.025000 -0.635000
-0.026000 -0.634801
-0.027000 -0.634604
-0.028000 -0.634409
-0.029000 -0.634216
-0.030000 -0.634025
-0.031000 -0.633836
-0.032000 -0.633649
-0.033000 -0.633464
-0.034000 -0.633281
-0.035000 -0.633100
-0.036000 -0.632921
-0.037000 -0.632744
-0.038000 -0.632569
-0.039000 -0.632396
-0.040000 -0.632225
-0.041000 -0.632056
-0.042000 -0.631889
-0.043000 -0.631724
-0.044000 -0.631561
-0.045000 -0.631400
-0.046000 -0.631241
-0.047000 -0.631084
-0.048000 -0.630929
-0.049000 -0.630776
-0.050000 -0.630625
-0.051000 -0.630476
-0.052000 -0.630329
-0.053000 -0.630184
-0.054000 -0.630041
-0.055000 -0.629900
-0.056000 -0.629761
-0.057000 -0.629624
-0.058000 -0.629489
-0.059000 -0.629356
-0.060000 -0.629225
-0.061000 -0.629096
-0.062000 -0.628969
-0.063000 -0.628844
-0.064000 -0.628721
-0.065000 -0.628600
-0.066000 -0.628481
-0.067000 -0.628364
-0.068000 -0.628249
-0.069000 -0.628136
-0.070000 -0.628025
-0.071000 -0.627916
-0.072000 -0.627809
-0.073000 -0.627704
-0.074000 -0.627601
-0.075000 -0.627500
-0.076000 -0.627401
-0.077000 -0.627304
-0.078000 -0.627209
-0.079000 -0.627116
-0.080000 -0.627025
-0.081000 -0.626936
-0.082000 -0.626849
-0.083000 -0.626764
-0.084000 -0.626681
-0.085000 -0.626600
-0.086000 -0.626521
-0.087000 -0.626444
-0.088000 -0.626369
-0.089000 -0.626296
-0.090000 -0.626225
-0.091000 -0.626156
-0.092000 -0.626089
-0.093000 -0.626024
-0.094000 -0.625961
-0.095000 -0.625900
-0.096000 -0.625841
-0.097000 -0.625784
-0.098000 -0.625729
-0.099000 -0.625676
-0.100000 -0.625625
-0.101000 -0.625576
-0.102000 -0.625529
-0.103000 -0.625484
-0.104000 -0.625441
-0.105000 -0.625400
-0.106000 -0.625361
-0.107000 -0.625324
-0.108000 -0.625289
-0.109000 -0.625256
-0.110000 -0.625225
-0.111000 -0.625196
-0.112000 -0.625169
-0.113000 -0.625144
-0.114000 -0.625121
-0.115000 -0.625100
-0.116000 -0.625081
-0.117000 -0.625064
-0.118000 -0.625049
-0.119000 -0.625036
-0.120000 -0.625025
-0.121000 -0.625016
-0.122000 -0.625009
-0.123000 -0.625004
-0.124000 -0.625001
-0.125000 -0.625000
