-0.187500 0.562500
-0.186500 0.562501
-0.185500 0.562504
-0.184500 0.562509
-0.183500 0.562516
-0.182500 0.562525
-0.181500 0.562536
-0.180500 0.562549
-0.179500 0.562564
-0.178500 0.562581
-0.177500 0.562600
-0.176500 0.562621
-0.175500 0.562644
-0.174500 0.562669
-0.173500 0.562696
-0.172500 0.562725
-0.171500 0.562756
-0.170500 0.562789
-0.169500 0.562824
-0.168500 0.562861
-0.167500 0.562900
-0.166500 0.562941
-0.165500 0.562984
-0.164500 0.563029
-0.163500 0.563076
-0.162500 0.563125
-0.161500 0.563176
-0.160500 0.563229
-0.159500 0.563284
-0.158500 0.563341
-0.157500 0.563400
-0.156500 0.563461
-0.155500 0.563524
-0.154500 0.563589
-0.153500 0.563656
-0.152500 0.563725
-0.151500 0.563796
-0.150500 0.563869
-0.149500 0.563944
-0.148500 0.564021
-0.147500 0.564100
-0.146500 0.564181
-0.145500 0.564264
-0.144500 0.564349
-0.143500 0.564436
-0.142500 0.564525
-0.141500 0.564616
-0.140500 0.564709
-0.139500 0.564804
-0.138500 0.564901
-0.137500 0.565000
-0.136500 0.565101
-0.135500 0.565204
-0.134500 0.565309
-0.133500 0.565416
-0.132500 0.565525
-0.131500 0.565636
-0.130500 0.565749
-0.129500 0.565864
-0.128500 0.565981
-0.127500 0.566100
-0.126500 0.566221
-0.125500 0.566344
-0.124500 0.566344
-0.123500 0.566221
-0.122500 0.566100
-0.121500 0.565981
-0.120500 0.565864
-0.119500 0.565749
-0.118500 0.565636
-0.117500 0.565525
-0.116500 0.565416
-0.115500 0.565309
-0.114500 0.565204
-0.113500 0.565101
-0.112500 0.565000
-0.111500 0.564901
-0.110500 0.564804
-0.109500 0.564709
-0.108500 0.564616
-0.107500 0.564525
-0.106500 0.564436
-0.105500 0.564349
-0.104500 0.564264
-0.103500 0.564181
-0.102500 0.564100
-0.101500 0.564021
-0.100500 0.563944
-0.099500 0.563869
-0.098500 0.563796
-0.097500 0.563725
-0.096500 0.563656
-0.095500 0.563589
-0.094500 0.563524
-0.093500 0.563461
-0.092500 0.563400
-0.091500 0.563341
-0.090500 0.563284
-0.089500 0.563229
-0.088500 0.563176
-0.087500 0.563125
-0.086500 0.563076
-0.085500 0.563029
-0.084500 0.562984
-0.083500 0.562941
-0.082500 0.562900
-0.081500 0.562861
-0.080500 0.562824
-0.079500 0.562789
-0.078500 0.562756
-0.077500 0.562725
-0.076500 0.562696
-0.075500 0.562669
-0.074500 0.562644
-0.073500 0.562621
-0.072500 0.562600
-0.071500 0.562581
-0.070500 0.562564
-0.069500 0.562549
-0.068500 0.562536
-0.067500 0.562525
-0.066500 0.562516
-0.065500 0.562509
-0.064500 0.562504
-0.063500 0.562501
-0.062500 0.562500
-0.061500 0.562501
-0.060500 0.562504
-0.059500 0.562509
-0.058500 0.562516
-0.057500 0.562525
-0.056500 0.562536
-0.055500 0.562549
-0.054500 0.562564
-0.053500 0.562581
-0.052500 0.562600
-0.051500 0.562621
-0.050500 0.562644
-0.049500 0.562669
-0.048500 0.562696
-0.047500 0.562725
-0.046500 0.562756
-0.045500 0.562789
-0.044500 0.562824
-0.043500 0.562861
-0.042500 0.562900
-0.041500 0.562941
-0.040500 0.562984
-0.039500 0.563029
-0.038500 0.563076
-0.037500 0.563125
-0.036500 0.563176
-0.035500 0.563229
-0.034500 0.563284
-0.033500 0.563341
-0.032500 0.563400
-0.031500 0.563461
-0.030500 0.563524
-0.029500 0.563589
-0.028500 0.563656
-0.027500 0.563725
-0.026500 0.563796
-0.025500 0.563869
-0.024500 0.563944
-0.023500 0.564021
-0.022500 0.564100
-0.021500 0.564181
-0.020500 0.564264
-0.019500 0.564349
-0.018500 0.564436
-0.017500 0.564525
-0.016500 0.564616
-0.015500 0.564709
-0.014500 0.564804
-0.013500 0.564901
-0.012500 0.565000
-0.011500 0.565101
-0.010500 0.565204
-0.009500 0.565309
-0.008500 0.565416
-0.007500 0.565525
-0.006500 0.565636
-0.005500 0.565749
-0.004500 0.565864
-0.003500 0.565981
-0.002500 0.566100
-0.001500 0.566221
-0.000500 0.566344
0.000500 0.566344
0.001500 0.566221
0.002500 0.566100
0.003500 0.565981
0.004500 0.565864
0.005500 0.565749
0.006500 0.565636
0.007500 0.565525
0.008500 0.565416
0.009500 0.565309
0.010500 0.565204
0.011500 0.565101
0.012500 0.565000
0.013500 0.564901
0.014500 0.564804
0.015500 0.564709
0.016500 0.564616
0.017500 0.564525
0.018500 0.564436
0.019500 0.564349
0.020500 0.564264
0.021500 0.564181
0.022500 0.564100
0.023500 0.564021
0.024500 0.563944
0.025500 0.563869
0.026500 0.563796
0.027500 0.563725
0.028500 0.563656
0.029500 0.563589
0.030500 0.563524
0.031500 0.563461
0.032500 0.563400
0.033500 0.563341
0.034500 0.563284
0.035500 0.563229
0.036500 0.563176
0.037500 0.563125
0.038500 0.563076
0.039500 0.563029
0.040500 0.562984
0.041500 0.562941
0.042500 0.562900
0.043500 0.562861
0.044500 0.562824
0.045500 0.562789
0.046500 0.562756
0.047500 0.562725
0.048500 0.562696
0.049500 0.562669
0.050500 0.562644
0.051500 0.562621
0.052500 0.562600
0.053500 0.562581
0.054500 0.562564
0.055500 0.562549
0.056500 0.562536
0.057500 0.562525
0.058500 0.562516
0.059500 0.562509
0.060500 0.562504
0.061500 0.562501
0.062500 0.562500
0.063500 0.562501
0.064500 0.562504
0.065500 0.562509
0.066500 0.562516
0.067500 0.562525
0.068500 0.562536
0.069500 0.562549
0.070500 0.562564
0.071500 0.562581
0.072500 0.562600
0.073500 0.562621
0.074500 0.562644
0.075500 0.562669
0.076500 0.562696
0.077500 0.562725
0.078500 0.562756
0.079500 0.562789
0.080500 0.562824
0.081500 0.562861
0.082500 0.562900
0.083500 0.562941
0.084500 0.562984
0.085500 0.563029
0.086500 0.563076
0.087500 0.563125
0.088500 0.563176
0.089500 0.563229
0.090500 0.563284
0.091500 0.563341
0.092500 0.563400
0.093500 0.563461
0.094500 0.563524
0.095500 0.563589
0.096500 0.563656
0.097500 0.563725
0.098500 0.563796
0.099500 0.563869
0.100500 0.563944
0.101500 0.564021
0.102500 0.564100
0.103500 0.564181
0.104500 0.564264
0.105500 0.564349
0.106500 0.564436
0.107500 0.564525
0.108500 0.564616
0.109500 0.564709
0.110500 0.564804
0.111500 0.564901
0.112500 0.565000
0.113500 0.565101
0.114500 0.565204
0.115500 0.565309
0.116500 0.565416
0.117500 0.565525
0.118500 0.565636
0.119500 0.565749
0.120500 0.565864
0.121500 0.565981
0.122500 0.566100
0.123500 0.566221
0.124500 0.566344
0.125500 0.566344
0.126500 0.566221
0.127500 0.566100
0.128500 0.565981
0.129500 0.565864
0.130500 0.565749
0.131500 0.565636
0.132500 0.565525
0.133500 0.565416
0.134500 0.565309
0.135500 0.565204
0.136500 0.565101
0.137500 0.565000
0.138500 0.564901
0.139500 0.564804
0.140500 0.564709
0.141500 0.564616
0.142500 0.564525
0.143500 0.564436
0.144500 0.564349
0.145500 0.564264
0.146500 0.564181
0.147500 0.564100
0.148500 0.564021
0.149500 0.563944
0.150500 0.563869
0.151500 0.563796
0.152500 0.563725
0.153500 0.563656
0.154500 0.563589
0.155500 0.563524
0.156500 0.563461
0.157500 0.563400
0.158500 0.563341
0.159500 0.563284
0.160500 0.563229
0.161500 0.563176
0.162500 0.563125
0.163500 0.563076
0.164500 0.563029
0.165500 0.562984
0.166500 0.562941
0.167500 0.562900
0.168500 0.562861
0.169500 0.562824
0.170500 0.562789
0.171500 0.562756
0.172500 0.562725
0.173500 0.562696
0.174500 0.562669
0.175500 0.562644
0.176500 0.562621
0.177500 0.562600
0.178500 0.562581
0.179500 0.562564
0.180500 0.562549
0.181500 0.562536
0.182500 0.562525
0.183500 0.562516
0.184500 0.562509
0.185500 0.562504
0.186500 0.562501
0.186500 -0.562501
0.185500 -0.562504
0.184500 -0.562509
0.183500 -0.562516
0.182500 -0.562525
0.181500 -0.562536
0.180500 -0.562549
0.179500 -0.562564
0.178500 -0.562581
0.177500 -0.562600
0.176500 -0.562621
0.175500 -0.562644
0.174500 -0.562669
0.173500 -0.562696
0.172500 -0.562725
0.171500 -0.562756
0.170500 -0.562789
0.169500 -0.562824
0.168500 -0.562861
0.167500 -0.562900
0.166500 -0.562941
0.165500 -0.562984
0.164500 -0.563029
0.163500 -0.563076
0.162500 -0.563125
0.161500 -0.563176
0.160500 -0.563229
0.159500 -0.563284
0.158500 -0.563341
0.157500 -0.563400
0.156500 -0.563461
0.155500 -0.563524
0.154500 -0.563589
0.153500 -0.563656
0.152500 -0.563725
0.151500 -0.563796
0.150500 -0.563869
0.149500 -0.563944
0.148500 -0.564021
0.147500 -0.564100
0.146500 -0.564181
0.145500 -0.564264
0.144500 -0.564349
0.143500 -0.564436
0.142500 -0.564525
0.141500 -0.564616
0.140500 -0.564709
0.139500 -0.564804
0.138500 -0.564901
0.137500 -0.565000
0.136500 -0.565101
0.135500 -0.565204
0.134500 -0.565309
0.133500 -0.565416
0.132500 -0.565525
0.131500 -0.565636
0.130500 -0.565749
0.129500 -0.565864
0.128500 -0.565981
0.127500 -0.566100
0.126500 -0.566221
0.125500 -0.566344
0.124500 -0.566344
0.123500 -0.566221
0.122500 -0.566100
0.121500 -0.565981
0.120500 -0.565864
0.119500 -0.565749
0.118500 -0.565636
0.117500 -0.565525
0.116500 -0.565416
0.115500 -0.565309
0.114500 -0.565204
0.113500 -0.565101
0.112500 -0.565000
0.111500 -0.564901
0.110500 -0.564804
0.109500 -0.564709
0.108500 -0.564616
0.107500 -0.564525
0.106500 -0.564436
0.105500 -0.564349
0.104500 -0.564264
0.103500 -0.564181
0.102500 -0.564100
0.101500 -0.564021
0.100500 -0.563944
0.099500 -0.563869
0.098500 -0.563796
0.097500 -0.563725
0.096500 -0.563656
0.095500 -0.563589
0.094500 -0.563524
0.093500 -0.563461
0.092500 -0.563400
0.091500 -0.563341
0.090500 -0.563284
0.089500 -0.563229
0.088500 -0.563176
0.087500 -0.563125
0.086500 -0.563076
0.085500 -0.563029
0.084500 -0.562984
0.083500 -0.562941
0.082500 -0.562900
0.081500 -0.562861
0.080500 -0.562824
0.079500 -0.562789
0.078500 -0.562756
0.077500 -0.562725
0.076500 -0.562696
0.075500 -0.562669
0.074500 -0.562644
0.073500 -0.562621
0.072500 -0.562600
0.071500 -0.562581
0.070500 -0.562564
0.069500 -0.562549
0.068500 -0.562536
0.067500 -0.562525
0.066500 -0.562516
0.065500 -0.562509
0.064500 -0.562504
0.063500 -0.562501
0.062500 -0.562500
0.061500 -0.562501
0.060500 -0.562504
0.059500 -0.562509
0.058500 -0.562516
0.057500 -0.562525
0.056500 -0.562536
0.055500 -0.562549
0.054500 -0.562564
0.053500 -0.562581
0.052500 -0.562600
0.051500 -0.562621
0.050500 -0.562644
0.049500 -0.562669
0.048500 -0.562696
0.047500 -0.562725
0.046500 -0.562756
0.045500 -0.562789
0.044500 -0.562824
0.043500 -0.562861
0.042500 -0.562900
0.041500 -0.562941
0.040500 -0.562984
0.039500 -0.563029
0.038500 -0.563076
0.037500 -0.563125
0.036500 -0.563176
0.035500 -0.563229
0.034500 -0.563284
0.033500 -0.563341
0.032500 -0.563400
0.031500 -0.563461
0.030500 -0.563524
0.029500 -0.563589
0.028500 -0.563656
0.027500 -0.563725
0.026500 -0.563796
0.025500 -0.563869
0.024500 -0.563944
0.023500 -0.564021
0.022500 -0.564100
0.021500 -0.564181
0.020500 -0.564264
0.019500 -0.564349
0.018500 -0.564436
0.017500 -0.564525
0.016500 -0.564616
0.015500 -0.564709
0.014500 -0.564804
0.013500 -0.564901
0.012500 -0.565000
0.011500 -0.565101
0.010500 -0.565204
0.009500 -0.565309
0.008500 -0.565416
0.007500 -0.565525
0.006500 -0.565636
0.005500 -0.565749
0.004500 -0.565864
0.003500 -0.565981
0.002500 -0.566100
0.001500 -0.566221
0.000500 -0.566344
-0.000500 -0.566344
-0.001500 -0.566221
-0.002500 -0.566100
-0.003500 -0.565981
-0.004500 -0.565864
-0.005500 -0.565749
-0.006500 -0.565636
-0.007500 -0.565525
-0.008500 -0.565416
-0.009500 -0.565309
-0.010500 -0.565204
-0.011500 -0.565101
-0.012500 -0.565000
-0.013500 -0.564901
-0.014500 -0.564804
-0.015500 -0.564709
-0.016500 -0.564616
-0.017500 -0.564525
-0.018500 -0.564436
-0.019500 -0.564349
-0.020500 -0.564264
-0.021500 -0.564181
-0.022500 -0.564100
-0.023500 -0.564021
-0.024500 -0.563944
-0.025500 -0.563869
-0.026500 -0.563796
-0.027500 -0.563725
-0.028500 -0.563656
-0.029500 -0.563589
-0.030500 -0.563524
-0.031500 -0.563461
-0.032500 -0.563400
-0.033500 -0.563341
-0.034500 -0.563284
-0.035500 -0.563229
-0.036500 -0.563176
-0.037500 -0.563125
-0.038500 -0.563076
-0.039500 -0.563029
-0.040500 -0.562984
-0.041500 -0.562941
-0.042500 -0.562900
-0.043500 -0.562861
-0.044500 -0.562824
-0.045500 -0.562789
-0.046500 -0.562756
-0.047500 -0.562725
-0.048500 -0.562696
-0.049500 -0.562669
-0.050500 -0.562644
-0.051500 -0.562621
-0.052500 -0.562600
-0.053500 -0.562581
-0.054500 -0.562564
-0.055500 -0.562549
-0.056500 -0.562536
-0.057500 -0.562525
-0.058500 -0.562516
-0.059500 -0.562509
-0.060500 -0.562504
-0.061500 -0.562501
-0.062500 -0.562500
-0.063500 -0.562501
-0.064500 -0.562504
-0.065500 -0.562509
-0.066500 -0.562516
-0.067500 -0.562525
-0.068500 -0.562536
-0.069500 -0.562549
-0.070500 -0.562564
-0.071500 -0.562581
-0.072500 -0.562600
-0.073500 -0.562621
-0.074500 -0.562644
-0.075500 -0.562669
-0.076500 -0.562696
-0.077500 -0.562725
-0.078500 -0.562756
-0.079500 -0.562789
-0.080500 -0.562824
-0.081500 -0.562861
-0.082500 -0.562900
-0.083500 -0.562941
-0.084500 -0.562984
-0.085500 -0.563029
-0.086500 -0.563076
-0.087500 -0.563125
-0.088500 -0.563176
-0.089500 -0.563229
-0.090500 -0.563284
-0.091500 -0.563341
-0.092500 -0.563400
-0.093500 -0.563461
-0.094500 -0.563524
-0.095500 -0.563589
-0.096500 -0.563656
-0.097500 -0.563725
-0.098500 -0.563796
-0.099500 -0.563869
-0.100500 -0.563944
-0.101500 -0.564021
-0.102500 -0.564100
-0.103500 -0.564181
-0.104500 -0.564264
-0.105500 -0.564349
-0.106500 -0.564436
-0.107500 -0.564525
-0.108500 -0.564616
-0.109500 -0.564709
-0.110500 -0.564804
-0.111500 -0.564901
-0.112500 -0.565000
-0.113500 -0.565101
-0.114500 -0.565204
-0.115500 -0.565309
-0.116500 -0.565416
-0.117500 -0.565525
-0.118500 -0.565636
-0.119500 -0.565749
-0.120500 -0.565864
-0.121500 -0.565981
-0.122500 -0.566100
-0.123500 -0.566221
-0.124500 -0.566344
-0.125500 -0.566344
-0.126500 -0.566221
-0.127500 -0.566100
-0.128500 -0.565981
-0.129500 -0.565864
-0.130500 -0.565749
-0.131500 -0.565636
-0.132500 -0.565525
-0.133500 -0.565416
-0.134500 -0.565309
-0.135500 -0.565204
-0.136500 -0.565101
-0.137500 -0.565000
-0.138500 -0.564901
-0.139500 -0.564804
-0.140500 -0.564709
-0.141500 -0.564616
-0.142500 -0.564525
-0.143500 -0.564436
-0.144500 -0.564349
-0.145500 -0.564264
-0.146500 -0.564181
-0.147500 -0.564100
-0.148500 -0.564021
-0.149500 -0.563944
-0.150500 -0.563869
-0.151500 -0.563796
-0.152500 -0.563725
-0.153500 -0.563656
-0.154500 -0.563589
-0.155500 -0.563524
-0.156500 -0.563461
-0.157500 -0.563400
-0.158500 -0.563341
-0.159500 -0.563284
-0.160500 -0.563229
-0.161500 -0.563176
-0.162500 -0.563125
-0.163500 -0.563076
-0.164500 -0.563029
-0.165500 -0.562984
-0.166500 -0.562941
-0.167500 -0.562900
-0.168500 -0.562861
-0.169500 -0.562824
-0.170500 -0.562789
-0.171500 -0.562756
-0.172500 -0.562725
-0.173500 -0.562696
-0.174500 -0.562669
-0.175500 -0.562644
-0.176500 -0.562621
-0.177500 -0.562600
-0.178500 -0.562581
-0.179500 -0.562564
-0.180500 -0.562549
-0.181500 -0.562536
-0.182500 -0.562525
-0.183500 -0.562516
-0.184500 -0.562509
-0.185500 -0.562504
-0.186500 -0.562501
-0.187500 -0.562500
