-0.062500 0.687500
-0.061500 0.687501
-0.060500 0.687504
-0.059500 0.687509
-0.058500 0.687516
-0.057500 0.687525
-0.056500 0.687536
-0.055500 0.687549
-0.054500 0.687564
-0.053500 0.687581
-0.052500 0.687600
-0.051500 0.687621
-0.050500 0.687644
-0.049500 0.687669
-0.048500 0.687696
-0.047500 0.687725
-0.046500 0.687756
-0.045500 0.687789
-0.044500 0.687824
-0.043500 0.687861
-0.042500 0.687900
-0.041500 0.687941
-0.040500 0.687984
-0.039500 0.688029
-0.038500 0.688076
-0.037500 0.688125
-0.036500 0.688176
-0.035500 0.688229
-0.034500 0.688284
-0.033500 0.688341
-0.032500 0.688400
-0.031500 0.688461
-0.030500 0.688524
-0.029500 0.688589
-0.028500 0.688656
-0.027500 0.688725
-0.026500 0.688796
-0.025500 0.688869
-0.024500 0.688944
-0.023500 0.689021
-0.022500 0.689100
-0.021500 0.689181
-0.020500 0.689264
-0.019500 0.689349
-0.018500 0.689436
-0.017500 0.689525
-0.016500 0.689616
-0.015500 0.689709
-0.014500 0.689804
-0.013500 0.689901
-0.012500 0.690000
-0.011500 0.690101
-0.010500 0.690204
-0.009500 0.690309
-0.008500 0.690416
-0.007500 0.690525
-0.006500 0.690636
-0.005500 0.690749
-0.004500 0.690864
-0.003500 0.690981
-0.002500 0.691100
-0.001500 0.691221
-0.000500 0.691344
0.000500 0.691344
0.001500 0.691221
0.002500 0.691100
0.003500 0.690981
0.004500 0.690864
0.005500 0.690749
0.006500 0.690636
0.007500 0.690525
0.008500 0.690416
0.009500 0.690309
0.010500 0.690204
0.011500 0.690101
0.012500 0.690000
0.013500 0.689901
0.014500 0.689804
0.015500 0.689709
0.016500 0.689616
0.017500 0.689525
0.018500 0.689436
0.019500 0.689349
0.020500 0.689264
0.021500 0.689181
0.022500 0.689100
0.023500 0.689021
0.024500 0.688944
0.025500 0.688869
0.026500 0.688796
0.027500 0.688725
0.028500 0.688656
0.029500 0.688589
0.030500 0.688524
0.031500 0.688461
0.032500 0.688400
0.033500 0.688341
0.034500 0.688284
0.035500 0.688229
0.036500 0.688176
0.037500 0.688125
0.038500 0.688076
0.039500 0.688029
0.040500 0.687984
0.041500 0.687941
0.042500 0.687900
0.043500 0.687861
0.044500 0.687824
0.045500 0.687789
0.046500 0.687756
0.047500 0.687725
0.048500 0.687696
0.049500 0.687669
0.050500 0.687644
0.051500 0.687621
0.052500 0.687600
0.053500 0.687581
0.054500 0.687564
0.055500 0.687549
0.056500 0.687536
0.057500 0.687525
0.058500 0.687516
0.059500 0.687509
0.060500 0.687504
0.061500 0.687501
0.061500 -0.687501
0.060500 -0.687504
0.059500 -0.687509
0.058500 -0.687516
0.057500 -0.687525
0.056500 -0.687536
0.055500 -0.687549
0.054500 -0.687564
0.053500 -0.687581
0.052500 -0.687600
0.051500 -0.687621
0.050500 -0.687644
0.049500 -0.687669
0.048500 -0.687696
0.047500 -0.687725
0.046500 -0.687756
0.045500 -0.687789
0.044500 -0.687824
0.043500 -0.687861
0.042500 -0.687900
0.041500 -0.687941
0.040500 -0.687984
0.039500 -0.688029
0.038500 -0.688076
0.037500 -0.688125
0.036500 -0.688176
0.035500 -0.688229
0.034500 -0.688284
0.033500 -0.688341
0.032500 -0.688400
0.031500 -0.688461
0.030500 -0.688524
0.029500 -0.688589
0.028500 -0.688656
0.027500 -0.688725
0.026500 -0.688796
0.025500 -0.688869
0.024500 -0.688944
0.023500 -0.689021
0.022500 -0.689100
0.021500 -0.689181
0.020500 -0.689264
0.019500 -0.689349
0.018500 -0.689436
0.017500 -0.689525
0.016500 -0.689616
0.015500 -0.689709
0.014500 -0.689804
0.013500 -0.689901
0.012500 -0.690000
0.011500 -0.690101
0.010500 -0.690204
0.009500 -0.690309
0.008500 -0.690416
0.007500 -0.690525
0.006500 -0.690636
0.005500 -0.690749
0.004500 -0.690864
0.003500 -0.690981
0.002500 -0.691100
0.001500 -0.691221
0.000500 -0.691344
-0.000500 -0.691344
-0.001500 -0.691221
-0.002500 -0.691100
-0.003500 -0.690981
-0.004500 -0.690864
-0.005500 -0.690749
-0.006500 -0.690636
-0.007500 -0.690525
-0.008500 -0.690416
-0.009500 -0.690309
-0.010500 -0.690204
-0.011500 -0.690101
-0.012500 -0.690000
-0.013500 -0.689901
-0.014500 -0.689804
-0.015500 -0.689709
-0.016500 -0.689616
-0.017500 -0.689525
-0.018500 -0.689436
-0.019500 -0.689349
-0.020500 -0.689264
-0.021500 -0.689181
-0.022500 -0.689100
-0.023500 -0.689021
-0.024500 -0.688944
-0.025500 -0.688869
-0.026500 -0.688796
-0.027500 -0.688725
-0.028500 -0.688656
-0.029500 -0.688589
-0.030500 -0.688524
-0.031500 -0.688461
-0.032500 -0.688400
-0.033500 -0.688341
-0.034500 -0.688284
-0.035500 -0.688229
-0.036500 -0.688176
-0.037500 -0.688125
-0.038500 -0.688076
-0.039500 -0.688029
-0.040500 -0.687984
-0.041500 -0.687941
-0.042500 -0.687900
-0.043500 -0.687861
-0.044500 -0.687824
-0.045500 -0.687789
-0.046500 -0.687756
-0.047500 -0.687725
-0.048500 -0.687696
-0.049500 -0.687669
-0.050500 -0.687644
-0.051500 -0.687621
-0.052500 -0.687600
-0.053500 -0.687581
-0.054500 -0.687564
-0.055500 -0.687549
-0.056500 -0.687536
-0.057500 -0.687525
-0.058500 -0.687516
-0.059500 -0.687509
-0.060500 -0.687504
-0.061500 -0.687501
-0.062500 -0.687500
