-0.812500 0.187500
-0.811500 0.188499
-0.810500 0.189496
-0.809500 0.190491
-0.808500 0.191484
-0.807500 0.192475
-0.806500 0.193464
-0.805500 0.194451
-0.804500 0.195436
-0.803500 0.196419
-0.802500 0.197400
-0.801500 0.198379
-0.800500 0.199356
-0.799500 0.200331
-0.798500 0.201304
-0.797500 0.202275
-0.796500 0.203244
-0.795500 0.204211
-0.794500 0.205176
-0.793500 0.206139
-0.792500 0.207100
-0.791500 0.208059
-0.790500 0.209016
-0.789500 0.209971
-0.788500 0.210924
-0.787500 0.211875
-0.786500 0.212824
-0.785500 0.213771
-0.784500 0.214716
-0.783500 0.215659
-0.782500 0.216600
-0.781500 0.217539
-0.780500 0.218476
-0.779500 0.219411
-0.778500 0.220344
-0.777500 0.221275
-0.776500 0.222204
-0.775500 0.223131
-0.774500 0.224056
-0.773500 0.224979
-0.772500 0.225900
-0.771500 0.226819
-0.770500 0.227736
-0.769500 0.228651
-0.768500 0.229564
-0.767500 0.230475
-0.766500 0.231384
-0.765500 0.232291
-0.764500 0.233196
-0.763500 0.234099
-0.762500 0.235000
-0.761500 0.235899
-0.760500 0.236796
-0.759500 0.237691
-0.758500 0.238584
-0.757500 0.239475
-0.756500 0.240364
-0.755500 0.241251
-0.754500 0.242136
-0.753500 0.243019
-0.752500 0.243900
-0.751500 0.244779
-0.750500 0.245656
-0.749500 0.246531
-0.748500 0.247404
-0.747500 0.248275
-0.746500 0.249144
-0.745500 0.250011
-0.744500 0.250876
-0.743500 0.251739
-0.742500 0.252600
-0.741500 0.253459
-0.740500 0.254316
-0.739500 0.255171
-0.738500 0.256024
-0.737500 0.256875
-0.736500 0.257724
-0.735500 0.258571
-0.734500 0.259416
-0.733500 0.260259
-0.732500 0.261100
-0.731500 0.261939
-0.730500 0.262776
-0.729500 0.263611
-0.728500 0.264444
-0.727500 0.265275
-0.726500 0.266104
-0.725500 0.266931
-0.724500 0.267756
-0.723500 0.268579
-0.722500 0.269400
-0.721500 0.270219
-0.720500 0.271036
-0.719500 0.271851
-0.718500 0.272664
-0.717500 0.273475
-0.716500 0.274284
-0.715500 0.275091
-0.714500 0.275896
-0.713500 0.276699
-0.712500 0.277500
-0.711500 0.278299
-0.710500 0.279096
-0.709500 0.279891
-0.708500 0.280684
-0.707500 0.281475
-0.706500 0.282264
-0.705500 0.283051
-0.704500 0.283836
-0.703500 0.284619
-0.702500 0.285400
-0.701500 0.286179
-0.700500 0.286956
-0.699500 0.287731
-0.698500 0.288504
-0.697500 0.289275
-0.696500 0.290044
-0.695500 0.290811
-0.694500 0.291576
-0.693500 0.292339
-0.692500 0.293100
-0.691500 0.293859
-0.690500 0.294616
-0.689500 0.295371
-0.688500 0.296124
-0.687500 0.296875
-0.686500 0.297624
-0.685500 0.298371
-0.684500 0.299116
-0.683500 0.299859
-0.682500 0.300600
-0.681500 0.301339
-0.680500 0.302076
-0.679500 0.302811
-0.678500 0.303544
-0.677500 0.304275
-0.676500 0.305004
-0.675500 0.305731
-0.674500 0.306456
-0.673500 0.307179
-0.672500 0.307900
-0.671500 0.308619
-0.670500 0.309336
-0.669500 0.310051
-0.668500 0.310764
-0.667500 0.311475
-0.666500 0.312184
-0.665500 0.312891
-0.664500 0.313596
-0.663500 0.314299
-0.662500 0.315000
-0.661500 0.315699
-0.660500 0.316396
-0.659500 0.317091
-0.658500 0.317784
-0.657500 0.318475
-0.656500 0.319164
-0.655500 0.319851
-0.654500 0.320536
-0.653500 0.321219
-0.652500 0.321900
-0.651500 0.322579
-0.650500 0.323256
-0.649500 0.323931
-0.648500 0.324604
-0.647500 0.325275
-0.646500 0.325944
-0.645500 0.326611
-0.644500 0.327276
-0.643500 0.327939
-0.642500 0.328600
-0.641500 0.329259
-0.640500 0.329916
-0.639500 0.330571
-0.638500 0.331224
-0.637500 0.331875
-0.636500 0.332524
-0.635500 0.333171
-0.634500 0.333816
-0.633500 0.334459
-0.632500 0.335100
-0.631500 0.335739
-0.630500 0.336376
-0.629500 0.337011
-0.628500 0.337644
-0.627500 0.338275
-0.626500 0.338904
-0.625500 0.339531
-0.624500 0.340156
-0.623500 0.340779
-0.622500 0.341400
-0.621500 0.342019
-0.620500 0.342636
-0.619500 0.343251
-0.618500 0.343864
-0.617500 0.344475
-0.616500 0.345084
-0.615500 0.345691
-0.614500 0.346296
-0.613500 0.346899
-0.612500 0.347500
-0.611500 0.348099
-0.610500 0.348696
-0.609500 0.349291
-0.608500 0.349884
-0.607500 0.350475
-0.606500 0.351064
-0.605500 0.351651
-0.604500 0.352236
-0.603500 0.352819
-0.602500 0.353400
-0.601500 0.353979
-0.600500 0.354556
-0.599500 0.355131
-0.598500 0.355704
-0.597500 0.356275
-0.596500 0.356844
-0.595500 0.357411
-0.594500 0.357976
-0.593500 0.358539
-0.592500 0.359100
-0.591500 0.359659
-0.590500 0.360216
-0.589500 0.360771
-0.588500 0.361324
-0.587500 0.361875
-0.586500 0.362424
-0.585500 0.362971
-0.584500 0.363516
-0.583500 0.364059
-0.582500 0.364600
-0.581500 0.365139
-0.580500 0.365676
-0.579500 0.366211
-0.578500 0.366744
-0.577500 0.367275
-0.576500 0.367804
-0.575500 0.368331
-0.574500 0.368856
-0.573500 0.369379
-0.572500 0.369900
-0.571500 0.370419
-0.570500 0.370936
-0.569500 0.371451
-0.568500 0.371964
-0.567500 0.372475
-0.566500 0.372984
-0.565500 0.373491
-0.564500 0.373996
-0.563500 0.374499
-0.562500 0.375000
-0.561500 0.375499
-0.560500 0.375996
-0.559500 0.376491
-0.558500 0.376984
-0.557500 0.377475
-0.556500 0.377964
-0.555500 0.378451
-0.554500 0.378936
-0.553500 0.379419
-0.552500 0.379900
-0.551500 0.380379
-0.550500 0.380856
-0.549500 0.381331
-0.548500 0.381804
-0.547500 0.382275
-0.546500 0.382744
-0.545500 0.383211
-0.544500 0.383676
-0.543500 0.384139
-0.542500 0.384600
-0.541500 0.385059
-0.540500 0.385516
-0.539500 0.385971
-0.538500 0.386424
-0.537500 0.386875
-0.536500 0.387324
-0.535500 0.387771
-0.534500 0.388216
-0.533500 0.388659
-0.532500 0.389100
-0.531500 0.389539
-0.530500 0.389976
-0.529500 0.390411
-0.528500 0.390844
-0.527500 0.391275
-0.526500 0.391704
-0.525500 0.392131
-0.524500 0.392556
-0.523500 0.392979
-0.522500 0.393400
-0.521500 0.393819
-0.520500 0.394236
-0.519500 0.394651
-0.518500 0.395064
-0.517500 0.395475
-0.516500 0.395884
-0.515500 0.396291
-0.514500 0.396696
-0.513500 0.397099
-0.512500 0.397500
-0.511500 0.397899
-0.510500 0.398296
-0.509500 0.398691
-0.508500 0.399084
-0.507500 0.399475
-0.506500 0.399864
-0.505500 0.400251
-0.504500 0.400636
-0.503500 0.401019
-0.502500 0.401400
-0.501500 0.401779
-0.500500 0.402156
-0.499500 0.402156
-0.498500 0.401779
-0.497500 0.401400
-0.496500 0.401019
-0.495500 0.400636
-0.494500 0.400251
-0.493500 0.399864
-0.492500 0.399475
-0.491500 0.399084
-0.490500 0.398691
-0.489500 0.398296
-0.488500 0.397899
-0.487500 0.397500
-0.486500 0.397099
-0.485500 0.396696
-0.484500 0.396291
-0.483500 0.395884
-0.482500 0.395475
-0.481500 0.395064
-0.480500 0.394651
-0.479500 0.394236
-0.478500 0.393819
-0.477500 0.393400
-0.476500 0.392979
-0.475500 0.392556
-0.474500 0.392131
-0.473500 0.391704
-0.472500 0.391275
-0.471500 0.390844
-0.470500 0.390411
-0.469500 0.389976
-0.468500 0.389539
-0.467500 0.389100
-0.466500 0.388659
-0.465500 0.388216
-0.464500 0.387771
-0.463500 0.387324
-0.462500 0.386875
-0.461500 0.386424
-0.460500 0.385971
-0.459500 0.385516
-0.458500 0.385059
-0.457500 0.384600
-0.456500 0.384139
-0.455500 0.383676
-0.454500 0.383211
-0.453500 0.382744
-0.452500 0.382275
-0.451500 0.381804
-0.450500 0.381331
-0.449500 0.380856
-0.448500 0.380379
-0.447500 0.379900
-0.446500 0.379419
-0.445500 0.378936
-0.444500 0.378451
-0.443500 0.377964
-0.442500 0.377475
-0.441500 0.376984
-0.440500 0.376491
-0.439500 0.375996
-0.438500 0.375499
-0.437500 0.375000
-0.436500 0.374499
-0.435500 0.373996
-0.434500 0.373491
-0.433500 0.372984
-0.432500 0.372475
-0.431500 0.371964
-0.430500 0.371451
-0.429500 0.370936
-0.428500 0.370419
-0.427500 0.369900
-0.426500 0.369379
-0.425500 0.368856
-0.424500 0.368331
-0.423500 0.367804
-0.422500 0.367275
-0.421500 0.366744
-0.420500 0.366211
-0.419500 0.365676
-0.418500 0.365139
-0.417500 0.364600
-0.416500 0.364059
-0.415500 0.363516
-0.414500 0.362971
-0.413500 0.362424
-0.412500 0.361875
-0.411500 0.361324
-0.410500 0.360771
-0.409500 0.360216
-0.408500 0.359659
-0.407500 0.359100
-0.406500 0.358539
-0.405500 0.357976
-0.404500 0.357411
-0.403500 0.356844
-0.402500 0.356275
-0.401500 0.355704
-0.400500 0.355131
-0.399500 0.354556
-0.398500 0.353979
-0.397500 0.353400
-0.396500 0.352819
-0.395500 0.352236
-0.394500 0.351651
-0.393500 0.351064
-0.392500 0.350475
-0.391500 0.349884
-0.390500 0.349291
-0.389500 0.348696
-0.388500 0.348099
-0.387500 0.347500
-0.386500 0.346899
-0.385500 0.346296
-0.384500 0.345691
-0.383500 0.345084
-0.382500 0.344475
-0.381500 0.343864
-0.380500 0.343251
-0.379500 0.342636
-0.378500 0.342019
-0.377500 0.341400
-0.376500 0.340779
-0.375500 0.340156
-0.374500 0.339531
-0.373500 0.338904
-0.372500 0.338275
-0.371500 0.337644
-0.370500 0.337011
-0.369500 0.336376
-0.368500 0.335739
-0.367500 0.335100
-0.366500 0.334459
-0.365500 0.333816
-0.364500 0.333171
-0.363500 0.332524
-0.362500 0.331875
-0.361500 0.331224
-0.360500 0.330571
-0.359500 0.329916
-0.358500 0.329259
-0.357500 0.328600
-0.356500 0.327939
-0.355500 0.327276
-0.354500 0.326611
-0.353500 0.325944
-0.352500 0.325275
-0.351500 0.324604
-0.350500 0.323931
-0.349500 0.323256
-0.348500 0.322579
-0.347500 0.321900
-0.346500 0.321219
-0.345500 0.320536
-0.344500 0.319851
-0.343500 0.319164
-0.342500 0.318475
-0.341500 0.317784
-0.340500 0.317091
-0.339500 0.316396
-0.338500 0.315699
-0.337500 0.315000
-0.336500 0.314299
-0.335500 0.313596
-0.334500 0.312891
-0.333500 0.312184
-0.332500 0.311475
-0.331500 0.310764
-0.330500 0.310051
-0.329500 0.309336
-0.328500 0.308619
-0.327500 0.307900
-0.326500 0.307179
-0.325500 0.306456
-0.324500 0.305731
-0.323500 0.305004
-0.322500 0.304275
-0.321500 0.303544
-0.320500 0.302811
-0.319500 0.302076
-0.318500 0.301339
-0.317500 0.300600
-0.316500 0.299859
-0.315500 0.299116
-0.314500 0.298371
-0.313500 0.297624
-0.312500 0.296875
-0.311500 0.296124
-0.310500 0.295371
-0.309500 0.294616
-0.308500 0.293859
-0.307500 0.293100
-0.306500 0.292339
-0.305500 0.291576
-0.304500 0.290811
-0.303500 0.290044
-0.302500 0.289275
-0.301500 0.288504
-0.300500 0.287731
-0.299500 0.286956
-0.298500 0.286179
-0.297500 0.285400
-0.296500 0.284619
-0.295500 0.283836
-0.294500 0.283051
-0.293500 0.282264
-0.292500 0.281475
-0.291500 0.280684
-0.290500 0.279891
-0.289500 0.279096
-0.288500 0.278299
-0.287500 0.277500
-0.286500 0.276699
-0.285500 0.275896
-0.284500 0.275091
-0.283500 0.274284
-0.282500 0.273475
-0.281500 0.272664
-0.280500 0.271851
-0.279500 0.271036
-0.278500 0.270219
-0.277500 0.269400
-0.276500 0.268579
-0.275500 0.267756
-0.274500 0.266931
-0.273500 0.266104
-0.272500 0.265275
-0.271500 0.264444
-0.270500 0.263611
-0.269500 0.262776
-0.268500 0.261939
-0.267500 0.261100
-0.266500 0.260259
-0.265500 0.259416
-0.264500 0.258571
-0.263500 0.257724
-0.262500 0.256875
-0.261500 0.256024
-0.260500 0.255171
-0.259500 0.254316
-0.258500 0.253459
-0.257500 0.252600
-0.256500 0.251739
-0.255500 0.250876
-0.254500 0.250011
-0.253500 0.249144
-0.252500 0.248275
-0.251500 0.247404
-0.250500 0.246531
-0.249500 0.245656
-0.248500 0.244779
-0.247500 0.243900
-0.246500 0.243019
-0.245500 0.242136
-0.244500 0.241251
-0.243500 0.240364
-0.242500 0.239475
-0.241500 0.238584
-0.240500 0.237691
-0.239500 0.236796
-0.238500 0.235899
-0.237500 0.235000
-0.236500 0.234099
-0.235500 0.233196
-0.234500 0.232291
-0.233500 0.231384
-0.232500 0.230475
-0.231500 0.229564
-0.230500 0.228651
-0.229500 0.227736
-0.228500 0.226819
-0.227500 0.225900
-0.226500 0.224979
-0.225500 0.224056
-0.224500 0.223131
-0.223500 0.222204
-0.222500 0.221275
-0.221500 0.220344
-0.220500 0.219411
-0.219500 0.218476
-0.218500 0.217539
-0.217500 0.216600
-0.216500 0.215659
-0.215500 0.214716
-0.214500 0.213771
-0.213500 0.212824
-0.212500 0.211875
-0.211500 0.210924
-0.210500 0.209971
-0.209500 0.209016
-0.208500 0.208059
-0.207500 0.207100
-0.206500 0.206139
-0.205500 0.205176
-0.204500 0.204211
-0.203500 0.203244
-0.202500 0.202275
-0.201500 0.201304
-0.200500 0.200331
-0.199500 0.199356
-0.198500 0.198379
-0.197500 0.197400
-0.196500 0.196419
-0.195500 0.195436
-0.194500 0.194451
-0.193500 0.193464
-0.192500 0.192475
-0.191500 0.191484
-0.190500 0.190491
-0.189500 0.189496
-0.188500 0.188499
-0.187500 0.187500
-0.186500 0.186501
-0.185500 0.185504
-0.184500 0.184509
-0.183500 0.183516
-0.182500 0.182525
-0.181500 0.181536
-0.180500 0.180549
-0.179500 0.179564
-0.178500 0.178581
-0.177500 0.177600
-0.176500 0.176621
-0.175500 0.175644
-0.174500 0.174669
-0.173500 0.173696
-0.172500 0.172725
-0.171500 0.171756
-0.170500 0.170789
-0.169500 0.169824
-0.168500 0.168861
-0.167500 0.167900
-0.166500 0.166941
-0.165500 0.165984
-0.164500 0.165029
-0.163500 0.164076
-0.162500 0.163125
-0.161500 0.162176
-0.160500 0.161229
-0.159500 0.160284
-0.158500 0.159341
-0.157500 0.158400
-0.156500 0.157461
-0.155500 0.156524
-0.154500 0.155589
-0.153500 0.154656
-0.152500 0.153725
-0.151500 0.152796
-0.150500 0.151869
-0.149500 0.150944
-0.148500 0.150021
-0.147500 0.149100
-0.146500 0.148181
-0.145500 0.147264
-0.144500 0.146349
-0.143500 0.145436
-0.142500 0.144525
-0.141500 0.143616
-0.140500 0.142709
-0.139500 0.141804
-0.138500 0.140901
-0.137500 0.140000
-0.136500 0.139101
-0.135500 0.138204
-0.134500 0.137309
-0.133500 0.136416
-0.132500 0.135525
-0.131500 0.134636
-0.130500 0.133749
-0.129500 0.132864
-0.128500 0.131981
-0.127500 0.131100
-0.126500 0.130221
-0.125500 0.129344
-0.124500 0.128469
-0.123500 0.127596
-0.122500 0.126725
-0.121500 0.125856
-0.120500 0.124989
-0.119500 0.124124
-0.118500 0.123261
-0.117500 0.122400
-0.116500 0.121541
-0.115500 0.120684
-0.114500 0.119829
-0.113500 0.118976
-0.112500 0.118125
-0.111500 0.117276
-0.110500 0.116429
-0.109500 0.115584
-0.108500 0.114741
-0.107500 0.113900
-0.106500 0.113061
-0.105500 0.112224
-0.104500 0.111389
-0.103500 0.110556
-0.102500 0.109725
-0.101500 0.108896
-0.100500 0.108069
-0.099500 0.107244
-0.098500 0.106421
-0.097500 0.105600
-0.096500 0.104781
-0.095500 0.103964
-0.094500 0.103149
-0.093500 0.102336
-0.092500 0.101525
-0.091500 0.100716
-0.090500 0.099909
-0.089500 0.099104
-0.088500 0.098301
-0.087500 0.097500
-0.086500 0.096701
-0.085500 0.095904
-0.084500 0.095109
-0.083500 0.094316
-0.082500 0.093525
-0.081500 0.092736
-0.080500 0.091949
-0.079500 0.091164
-0.078500 0.090381
-0.077500 0.089600
-0.076500 0.088821
-0.075500 0.088044
-0.074500 0.087269
-0.073500 0.086496
-0.072500 0.085725
-0.071500 0.084956
-0.070500 0.084189
-0.069500 0.083424
-0.068500 0.082661
-0.067500 0.081900
-0.066500 0.081141
-0.065500 0.080384
-0.064500 0.079629
-0.063500 0.078876
-0.062500 0.078125
-0.061500 0.077376
-0.060500 0.076629
-0.059500 0.075884
-0.058500 0.075141
-0.057500 0.074400
-0.056500 0.073661
-0.055500 0.072924
-0.054500 0.072189
-0.053500 0.071456
-0.052500 0.070725
-0.051500 0.069996
-0.050500 0.069269
-0.049500 0.068544
-0.048500 0.067821
-0.047500 0.067100
-0.046500 0.066381
-0.045500 0.065664
-0.044500 0.064949
-0.043500 0.064236
-0.042500 0.063525
-0.041500 0.062816
-0.040500 0.062109
-0.039500 0.061404
-0.038500 0.060701
-0.037500 0.060000
-0.036500 0.059301
-0.035500 0.058604
-0.034500 0.057909
-0.033500 0.057216
-0.032500 0.056525
-0.031500 0.055836
-0.030500 0.055149
-0.029500 0.054464
-0.028500 0.053781
-0.027500 0.053100
-0.026500 0.052421
-0.025500 0.051744
-0.024500 0.051069
-0.023500 0.050396
-0.022500 0.049725
-0.021500 0.049056
-0.020500 0.048389
-0.019500 0.047724
-0.018500 0.047061
-0.017500 0.046400
-0.016500 0.045741
-0.015500 0.045084
-0.014500 0.044429
-0.013500 0.043776
-0.012500 0.043125
-0.011500 0.042476
-0.010500 0.041829
-0.009500 0.041184
-0.008500 0.040541
-0.007500 0.039900
-0.006500 0.039261
-0.005500 0.038624
-0.004500 0.037989
-0.003500 0.037356
-0.002500 0.036725
-0.001500 0.036096
-0.000500 0.035469
0.000500 0.034844
0.001500 0.034221
0.002500 0.033600
0.003500 0.032981
0.004500 0.032364
0.005500 0.031749
0.006500 0.031136
0.007500 0.030525
0.008500 0.029916
0.009500 0.029309
0.010500 0.028704
0.011500 0.028101
0.012500 0.027500
0.013500 0.026901
0.014500 0.026304
0.015500 0.025709
0.016500 0.025116
0.017500 0.024525
0.018500 0.023936
0.019500 0.023349
0.020500 0.022764
0.021500 0.022181
0.022500 0.021600
0.023500 0.021021
0.024500 0.020444
0.025500 0.019869
0.026500 0.019296
0.027500 0.018725
0.028500 0.018156
0.029500 0.017589
0.030500 0.017024
0.031500 0.016461
0.032500 0.015900
0.033500 0.015341
0.034500 0.014784
0.035500 0.014229
0.036500 0.013676
0.037500 0.013125
0.038500 0.012576
0.039500 0.012029
0.040500 0.011484
0.041500 0.010941
0.042500 0.010400
0.043500 0.009861
0.044500 0.009324
0.045500 0.008789
0.046500 0.008256
0.047500 0.007725
0.048500 0.007196
0.049500 0.006669
0.050500 0.006144
0.051500 0.005621
0.052500 0.005100
0.053500 0.004581
0.054500 0.004064
0.055500 0.003549
0.056500 0.003036
0.057500 0.002525
0.058500 0.002016
0.059500 0.001509
0.060500 0.001004
0.061500 0.000501
0.062500 -0.000000
0.063500 -0.000499
0.064500 -0.000996
0.065500 -0.001491
0.066500 -0.001984
0.067500 -0.002475
0.068500 -0.002964
0.069500 -0.003451
0.070500 -0.003936
0.071500 -0.004419
0.072500 -0.004900
0.073500 -0.005379
0.074500 -0.005856
0.075500 -0.006331
0.076500 -0.006804
0.077500 -0.007275
0.078500 -0.007744
0.079500 -0.008211
0.080500 -0.008676
0.081500 -0.009139
0.082500 -0.009600
0.083500 -0.010059
0.084500 -0.010516
0.085500 -0.010971
0.086500 -0.011424
0.087500 -0.011875
0.088500 -0.012324
0.089500 -0.012771
0.090500 -0.013216
0.091500 -0.013659
0.092500 -0.014100
0.093500 -0.014539
0.094500 -0.014976
0.095500 -0.015411
0.096500 -0.015844
0.097500 -0.016275
0.098500 -0.016704
0.099500 -0.017131
0.100500 -0.017556
0.101500 -0.017979
0.102500 -0.018400
0.103500 -0.018819
0.104500 -0.019236
0.105500 -0.019651
0.106500 -0.020064
0.107500 -0.020475
0.108500 -0.020884
0.109500 -0.021291
0.110500 -0.021696
0.111500 -0.022099
0.112500 -0.022500
0.113500 -0.022899
0.114500 -0.023296
0.115500 -0.023691
0.116500 -0.024084
0.117500 -0.024475
0.118500 -0.024864
0.119500 -0.025251
0.120500 -0.025636
0.121500 -0.026019
0.122500 -0.026400
0.123500 -0.026779
0.124500 -0.027156
0.125500 -0.027531
0.126500 -0.027904
0.127500 -0.028275
0.128500 -0.028644
0.129500 -0.029011
0.130500 -0.029376
0.131500 -0.029739
0.132500 -0.030100
0.133500 -0.030459
0.134500 -0.030816
0.135500 -0.031171
0.136500 -0.031524
0.137500 -0.031875
0.138500 -0.032224
0.139500 -0.032571
0.140500 -0.032916
0.141500 -0.033259
0.142500 -0.033600
0.143500 -0.033939
0.144500 -0.034276
0.145500 -0.034611
0.146500 -0.034944
0.147500 -0.035275
0.148500 -0.035604
0.149500 -0.035931
0.150500 -0.036256
0.151500 -0.036579
0.152500 -0.036900
0.153500 -0.037219
0.154500 -0.037536
0.155500 -0.037851
0.156500 -0.038164
0.157500 -0.038475
0.158500 -0.038784
0.159500 -0.039091
0.160500 -0.039396
0.161500 -0.039699
0.162500 -0.040000
0.163500 -0.040299
0.164500 -0.040596
0.165500 -0.040891
0.166500 -0.041184
0.167500 -0.041475
0.168500 -0.041764
0.169500 -0.042051
0.170500 -0.042336
0.171500 -0.042619
0.172500 -0.042900
0.173500 -0.043179
0.174500 -0.043456
0.175500 -0.043731
0.176500 -0.044004
0.177500 -0.044275
0.178500 -0.044544
0.179500 -0.044811
0.180500 -0.045076
0.181500 -0.045339
0.182500 -0.045600
0.183500 -0.045859
0.184500 -0.046116
0.185500 -0.046371
0.186500 -0.046624
0.187500 -0.046875
0.188500 -0.047124
0.189500 -0.047371
0.190500 -0.047616
0.191500 -0.047859
0.192500 -0.048100
0.193500 -0.048339
0.194500 -0.048576
0.195500 -0.048811
0.196500 -0.049044
0.197500 -0.049275
0.198500 -0.049504
0.199500 -0.049731
0.200500 -0.049956
0.201500 -0.050179
0.202500 -0.050400
0.203500 -0.050619
0.204500 -0.050836
0.205500 -0.051051
0.206500 -0.051264
0.207500 -0.051475
0.208500 -0.051684
0.209500 -0.051891
0.210500 -0.052096
0.211500 -0.052299
0.212500 -0.052500
0.213500 -0.052699
0.214500 -0.052896
0.215500 -0.053091
0.216500 -0.053284
0.217500 -0.053475
0.218500 -0.053664
0.219500 -0.053851
0.220500 -0.054036
0.221500 -0.054219
0.222500 -0.054400
0.223500 -0.054579
0.224500 -0.054756
0.225500 -0.054931
0.226500 -0.055104
0.227500 -0.055275
0.228500 -0.055444
0.229500 -0.055611
0.230500 -0.055776
0.231500 -0.055939
0.232500 -0.056100
0.233500 -0.056259
0.234500 -0.056416
0.235500 -0.056571
0.236500 -0.056724
0.237500 -0.056875
0.238500 -0.057024
0.239500 -0.057171
0.240500 -0.057316
0.241500 -0.057459
0.242500 -0.057600
0.243500 -0.057739
0.244500 -0.057876
0.245500 -0.058011
0.246500 -0.058144
0.247500 -0.058275
0.248500 -0.058404
0.249500 -0.058531
0.250500 -0.058656
0.251500 -0.058779
0.252500 -0.058900
0.253500 -0.059019
0.254500 -0.059136
0.255500 -0.059251
0.256500 -0.059364
0.257500 -0.059475
0.258500 -0.059584
0.259500 -0.059691
0.260500 -0.059796
0.261500 -0.059899
0.262500 -0.060000
0.263500 -0.060099
0.264500 -0.060196
0.265500 -0.060291
0.266500 -0.060384
0.267500 -0.060475
0.268500 -0.060564
0.269500 -0.060651
0.270500 -0.060736
0.271500 -0.060819
0.272500 -0.060900
0.273500 -0.060979
0.274500 -0.061056
0.275500 -0.061131
0.276500 -0.061204
0.277500 -0.061275
0.278500 -0.061344
0.279500 -0.061411
0.280500 -0.061476
0.281500 -0.061539
0.282500 -0.061600
0.283500 -0.061659
0.284500 -0.061716
0.285500 -0.061771
0.286500 -0.061824
0.287500 -0.061875
0.288500 -0.061924
0.289500 -0.061971
0.290500 -0.062016
0.291500 -0.062059
0.292500 -0.062100
0.293500 -0.062139
0.294500 -0.062176
0.295500 -0.062211
0.296500 -0.062244
0.297500 -0.062275
0.298500 -0.062304
0.299500 -0.062331
0.300500 -0.062356
0.301500 -0.062379
0.302500 -0.062400
0.303500 -0.062419
0.304500 -0.062436
0.305500 -0.062451
0.306500 -0.062464
0.307500 -0.062475
0.308500 -0.062484
0.309500 -0.062491
0.310500 -0.062496
0.311500 -0.062499
0.312500 -0.062500
0.313500 -0.062499
0.314500 -0.062496
0.315500 -0.062491
0.316500 -0.062484
0.317500 -0.062475
0.318500 -0.062464
0.319500 -0.062451
0.320500 -0.062436
0.321500 -0.062419
0.322500 -0.062400
0.323500 -0.062379
0.324500 -0.062356
0.325500 -0.062331
0.326500 -0.062304
0.327500 -0.062275
0.328500 -0.062244
0.329500 -0.062211
0.330500 -0.062176
0.331500 -0.062139
0.332500 -0.062100
0.333500 -0.062059
0.334500 -0.062016
0.335500 -0.061971
0.336500 -0.061924
0.337500 -0.061875
0.338500 -0.061824
0.339500 -0.061771
0.340500 -0.061716
0.341500 -0.061659
0.342500 -0.061600
0.343500 -0.061539
0.344500 -0.061476
0.345500 -0.061411
0.346500 -0.061344
0.347500 -0.061275
0.348500 -0.061204
0.349500 -0.061131
0.350500 -0.061056
0.351500 -0.060979
0.352500 -0.060900
0.353500 -0.060819
0.354500 -0.060736
0.355500 -0.060651
0.356500 -0.060564
0.357500 -0.060475
0.358500 -0.060384
0.359500 -0.060291
0.360500 -0.060196
0.361500 -0.060099
0.362500 -0.060000
0.363500 -0.059899
0.364500 -0.059796
0.365500 -0.059691
0.366500 -0.059584
0.367500 -0.059475
0.368500 -0.059364
0.369500 -0.059251
0.370500 -0.059136
0.371500 -0.059019
0.372500 -0.058900
0.373500 -0.058779
0.374500 -0.058656
0.375500 -0.058656
0.376500 -0.058779
0.377500 -0.058900
0.378500 -0.059019
0.379500 -0.059136
0.380500 -0.059251
0.381500 -0.059364
0.382500 -0.059475
0.383500 -0.059584
0.384500 -0.059691
0.385500 -0.059796
0.386500 -0.059899
0.387500 -0.060000
0.388500 -0.060099
0.389500 -0.060196
0.390500 -0.060291
0.391500 -0.060384
0.392500 -0.060475
0.393500 -0.060564
0.394500 -0.060651
0.395500 -0.060736
0.396500 -0.060819
0.397500 -0.060900
0.398500 -0.060979
0.399500 -0.061056
0.400500 -0.061131
0.401500 -0.061204
0.402500 -0.061275
0.403500 -0.061344
0.404500 -0.061411
0.405500 -0.061476
0.406500 -0.061539
0.407500 -0.061600
0.408500 -0.061659
0.409500 -0.061716
0.410500 -0.061771
0.411500 -0.061824
0.412500 -0.061875
0.413500 -0.061924
0.414500 -0.061971
0.415500 -0.062016
0.416500 -0.062059
0.417500 -0.062100
0.418500 -0.062139
0.419500 -0.062176
0.420500 -0.062211
0.421500 -0.062244
0.422500 -0.062275
0.423500 -0.062304
0.424500 -0.062331
0.425500 -0.062356
0.426500 -0.062379
0.427500 -0.062400
0.428500 -0.062419
0.429500 -0.062436
0.430500 -0.062451
0.431500 -0.062464
0.432500 -0.062475
0.433500 -0.062484
0.434500 -0.062491
0.435500 -0.062496
0.436500 -0.062499
0.437500 -0.062500
0.438500 -0.062499
0.439500 -0.062496
0.440500 -0.062491
0.441500 -0.062484
0.442500 -0.062475
0.443500 -0.062464
0.444500 -0.062451
0.445500 -0.062436
0.446500 -0.062419
0.447500 -0.062400
0.448500 -0.062379
0.449500 -0.062356
0.450500 -0.062331
0.451500 -0.062304
0.452500 -0.062275
0.453500 -0.062244
0.454500 -0.062211
0.455500 -0.062176
0.456500 -0.062139
0.457500 -0.062100
0.458500 -0.062059
0.459500 -0.062016
0.460500 -0.061971
0.461500 -0.061924
0.462500 -0.061875
0.463500 -0.061824
0.464500 -0.061771
0.465500 -0.061716
0.466500 -0.061659
0.467500 -0.061600
0.468500 -0.061539
0.469500 -0.061476
0.470500 -0.061411
0.471500 -0.061344
0.472500 -0.061275
0.473500 -0.061204
0.474500 -0.061131
0.475500 -0.061056
0.476500 -0.060979
0.477500 -0.060900
0.478500 -0.060819
0.479500 -0.060736
0.480500 -0.060651
0.481500 -0.060564
0.482500 -0.060475
0.483500 -0.060384
0.484500 -0.060291
0.485500 -0.060196
0.486500 -0.060099
0.487500 -0.060000
0.488500 -0.059899
0.489500 -0.059796
0.490500 -0.059691
0.491500 -0.059584
0.492500 -0.059475
0.493500 -0.059364
0.494500 -0.059251
0.495500 -0.059136
0.496500 -0.059019
0.497500 -0.058900
0.498500 -0.058779
0.499500 -0.058656
0.500500 -0.058656
0.501500 -0.058779
0.502500 -0.058900
0.503500 -0.059019
0.504500 -0.059136
0.505500 -0.059251
0.506500 -0.059364
0.507500 -0.059475
0.508500 -0.059584
0.509500 -0.059691
0.510500 -0.059796
0.511500 -0.059899
0.512500 -0.060000
0.513500 -0.060099
0.514500 -0.060196
0.515500 -0.060291
0.516500 -0.060384
0.517500 -0.060475
0.518500 -0.060564
0.519500 -0.060651
0.520500 -0.060736
0.521500 -0.060819
0.522500 -0.060900
0.523500 -0.060979
0.524500 -0.061056
0.525500 -0.061131
0.526500 -0.061204
0.527500 -0.061275
0.528500 -0.061344
0.529500 -0.061411
0.530500 -0.061476
0.531500 -0.061539
0.532500 -0.061600
0.533500 -0.061659
0.534500 -0.061716
0.535500 -0.061771
0.536500 -0.061824
0.537500 -0.061875
0.538500 -0.061924
0.539500 -0.061971
0.540500 -0.062016
0.541500 -0.062059
0.542500 -0.062100
0.543500 -0.062139
0.544500 -0.062176
0.545500 -0.062211
0.546500 -0.062244
0.547500 -0.062275
0.548500 -0.062304
0.549500 -0.062331
0.550500 -0.062356
0.551500 -0.062379
0.552500 -0.062400
0.553500 -0.062419
0.554500 -0.062436
0.555500 -0.062451
0.556500 -0.062464
0.557500 -0.062475
0.558500 -0.062484
0.559500 -0.062491
0.560500 -0.062496
0.561500 -0.062499
0.562500 -0.062500
0.563500 -0.062499
0.564500 -0.062496
0.565500 -0.062491
0.566500 -0.062484
0.567500 -0.062475
0.568500 -0.062464
0.569500 -0.062451
0.570500 -0.062436
0.571500 -0.062419
0.572500 -0.062400
0.573500 -0.062379
0.574500 -0.062356
0.575500 -0.062331
0.576500 -0.062304
0.577500 -0.062275
0.578500 -0.062244
0.579500 -0.062211
0.580500 -0.062176
0.581500 -0.062139
0.582500 -0.062100
0.583500 -0.062059
0.584500 -0.062016
0.585500 -0.061971
0.586500 -0.061924
0.587500 -0.061875
0.588500 -0.061824
0.589500 -0.061771
0.590500 -0.061716
0.591500 -0.061659
0.592500 -0.061600
0.593500 -0.061539
0.594500 -0.061476
0.595500 -0.061411
0.596500 -0.061344
0.597500 -0.061275
0.598500 -0.061204
0.599500 -0.061131
0.600500 -0.061056
0.601500 -0.060979
0.602500 -0.060900
0.603500 -0.060819
0.604500 -0.060736
0.605500 -0.060651
0.606500 -0.060564
0.607500 -0.060475
0.608500 -0.060384
0.609500 -0.060291
0.610500 -0.060196
0.611500 -0.060099
0.612500 -0.060000
0.613500 -0.059899
0.614500 -0.059796
0.615500 -0.059691
0.616500 -0.059584
0.617500 -0.059475
0.618500 -0.059364
0.619500 -0.059251
0.620500 -0.059136
0.621500 -0.059019
0.622500 -0.058900
0.623500 -0.058779
0.624500 -0.058656
0.625500 -0.058656
0.626500 -0.058779
0.627500 -0.058900
0.628500 -0.059019
0.629500 -0.059136
0.630500 -0.059251
0.631500 -0.059364
0.632500 -0.059475
0.633500 -0.059584
0.634500 -0.059691
0.635500 -0.059796
0.636500 -0.059899
0.637500 -0.060000
0.638500 -0.060099
0.639500 -0.060196
0.640500 -0.060291
0.641500 -0.060384
0.642500 -0.060475
0.643500 -0.060564
0.644500 -0.060651
0.645500 -0.060736
0.646500 -0.060819
0.647500 -0.060900
0.648500 -0.060979
0.649500 -0.061056
0.650500 -0.061131
0.651500 -0.061204
0.652500 -0.061275
0.653500 -0.061344
0.654500 -0.061411
0.655500 -0.061476
0.656500 -0.061539
0.657500 -0.061600
0.658500 -0.061659
0.659500 -0.061716
0.660500 -0.061771
0.661500 -0.061824
0.662500 -0.061875
0.663500 -0.061924
0.664500 -0.061971
0.665500 -0.062016
0.666500 -0.062059
0.667500 -0.062100
0.668500 -0.062139
0.669500 -0.062176
0.670500 -0.062211
0.671500 -0.062244
0.672500 -0.062275
0.673500 -0.062304
0.674500 -0.062331
0.675500 -0.062356
0.676500 -0.062379
0.677500 -0.062400
0.678500 -0.062419
0.679500 -0.062436
0.680500 -0.062451
0.681500 -0.062464
0.682500 -0.062475
0.683500 -0.062484
0.684500 -0.062491
0.685500 -0.062496
0.686500 -0.062499
0.687500 -0.062500
0.688500 -0.062499
0.689500 -0.062496
0.690500 -0.062491
0.691500 -0.062484
0.692500 -0.062475
0.693500 -0.062464
0.694500 -0.062451
0.695500 -0.062436
0.696500 -0.062419
0.697500 -0.062400
0.698500 -0.062379
0.699500 -0.062356
0.700500 -0.062331
0.701500 -0.062304
0.702500 -0.062275
0.703500 -0.062244
0.704500 -0.062211
0.705500 -0.062176
0.706500 -0.062139
0.707500 -0.062100
0.708500 -0.062059
0.709500 -0.062016
0.710500 -0.061971
0.711500 -0.061924
0.712500 -0.061875
0.713500 -0.061824
0.714500 -0.061771
0.715500 -0.061716
0.716500 -0.061659
0.717500 -0.061600
0.718500 -0.061539
0.719500 -0.061476
0.720500 -0.061411
0.721500 -0.061344
0.722500 -0.061275
0.723500 -0.061204
0.724500 -0.061131
0.725500 -0.061056
0.726500 -0.060979
0.727500 -0.060900
0.728500 -0.060819
0.729500 -0.060736
0.730500 -0.060651
0.731500 -0.060564
0.732500 -0.060475
0.733500 -0.060384
0.734500 -0.060291
0.735500 -0.060196
0.736500 -0.060099
0.737500 -0.060000
0.738500 -0.059899
0.739500 -0.059796
0.740500 -0.059691
0.741500 -0.059584
0.742500 -0.059475
0.743500 -0.059364
0.744500 -0.059251
0.745500 -0.059136
0.746500 -0.059019
0.747500 -0.058900
0.748500 -0.058779
0.749500 -0.058656
0.750500 -0.058531
0.751500 -0.058404
0.752500 -0.058275
0.753500 -0.058144
0.754500 -0.058011
0.755500 -0.057876
0.756500 -0.057739
0.757500 -0.057600
0.758500 -0.057459
0.759500 -0.057316
0.760500 -0.057171
0.761500 -0.057024
0.762500 -0.056875
0.763500 -0.056724
0.764500 -0.056571
0.765500 -0.056416
0.766500 -0.056259
0.767500 -0.056100
0.768500 -0.055939
0.769500 -0.055776
0.770500 -0.055611
0.771500 -0.055444
0.772500 -0.055275
0.773500 -0.055104
0.774500 -0.054931
0.775500 -0.054756
0.776500 -0.054579
0.777500 -0.054400
0.778500 -0.054219
0.779500 -0.054036
0.780500 -0.053851
0.781500 -0.053664
0.782500 -0.053475
0.783500 -0.053284
0.784500 -0.053091
0.785500 -0.052896
0.786500 -0.052699
0.787500 -0.052500
0.788500 -0.052299
0.789500 -0.052096
0.790500 -0.051891
0.791500 -0.051684
0.792500 -0.051475
0.793500 -0.051264
0.794500 -0.051051
0.795500 -0.050836
0.796500 -0.050619
0.797500 -0.050400
0.798500 -0.050179
0.799500 -0.049956
0.800500 -0.049731
0.801500 -0.049504
0.802500 -0.049275
0.803500 -0.049044
0.804500 -0.048811
0.805500 -0.048576
0.806500 -0.048339
0.807500 -0.048100
0.808500 -0.047859
0.809500 -0.047616
0.810500 -0.047371
0.811500 -0.047124
0.811500 -0.188499
0.810500 -0.189496
0.809500 -0.190491
0.808500 -0.191484
0.807500 -0.192475
0.806500 -0.193464
0.805500 -0.194451
0.804500 -0.195436
0.803500 -0.196419
0.802500 -0.197400
0.801500 -0.198379
0.800500 -0.199356
0.799500 -0.200331
0.798500 -0.201304
0.797500 -0.202275
0.796500 -0.203244
0.795500 -0.204211
0.794500 -0.205176
0.793500 -0.206139
0.792500 -0.207100
0.791500 -0.208059
0.790500 -0.209016
0.789500 -0.209971
0.788500 -0.210924
0.787500 -0.211875
0.786500 -0.212824
0.785500 -0.213771
0.784500 -0.214716
0.783500 -0.215659
0.782500 -0.216600
0.781500 -0.217539
0.780500 -0.218476
0.779500 -0.219411
0.778500 -0.220344
0.777500 -0.221275
0.776500 -0.222204
0.775500 -0.223131
0.774500 -0.224056
0.773500 -0.224979
0.772500 -0.225900
0.771500 -0.226819
0.770500 -0.227736
0.769500 -0.228651
0.768500 -0.229564
0.767500 -0.230475
0.766500 -0.231384
0.765500 -0.232291
0.764500 -0.233196
0.763500 -0.234099
0.762500 -0.235000
0.761500 -0.235899
0.760500 -0.236796
0.759500 -0.237691
0.758500 -0.238584
0.757500 -0.239475
0.756500 -0.240364
0.755500 -0.241251
0.754500 -0.242136
0.753500 -0.243019
0.752500 -0.243900
0.751500 -0.244779
0.750500 -0.245656
0.749500 -0.246531
0.748500 -0.247404
0.747500 -0.248275
0.746500 -0.249144
0.745500 -0.250011
0.744500 -0.250876
0.743500 -0.251739
0.742500 -0.252600
0.741500 -0.253459
0.740500 -0.254316
0.739500 -0.255171
0.738500 -0.256024
0.737500 -0.256875
0.736500 -0.257724
0.735500 -0.258571
0.734500 -0.259416
0.733500 -0.260259
0.732500 -0.261100
0.731500 -0.261939
0.730500 -0.262776
0.729500 -0.263611
0.728500 -0.264444
0.727500 -0.265275
0.726500 -0.266104
0.725500 -0.266931
0.724500 -0.267756
0.723500 -0.268579
0.722500 -0.269400
0.721500 -0.270219
0.720500 -0.271036
0.719500 -0.271851
0.718500 -0.272664
0.717500 -0.273475
0.716500 -0.274284
0.715500 -0.275091
0.714500 -0.275896
0.713500 -0.276699
0.712500 -0.277500
0.711500 -0.278299
0.710500 -0.279096
0.709500 -0.279891
0.708500 -0.280684
0.707500 -0.281475
0.706500 -0.282264
0.705500 -0.283051
0.704500 -0.283836
0.703500 -0.284619
0.702500 -0.285400
0.701500 -0.286179
0.700500 -0.286956
0.699500 -0.287731
0.698500 -0.288504
0.697500 -0.289275
0.696500 -0.290044
0.695500 -0.290811
0.694500 -0.291576
0.693500 -0.292339
0.692500 -0.293100
0.691500 -0.293859
0.690500 -0.294616
0.689500 -0.295371
0.688500 -0.296124
0.687500 -0.296875
0.686500 -0.297624
0.685500 -0.298371
0.684500 -0.299116
0.683500 -0.299859
0.682500 -0.300600
0.681500 -0.301339
0.680500 -0.302076
0.679500 -0.302811
0.678500 -0.303544
0.677500 -0.304275
0.676500 -0.305004
0.675500 -0.305731
0.674500 -0.306456
0.673500 -0.307179
0.672500 -0.307900
0.671500 -0.308619
0.670500 -0.309336
0.669500 -0.310051
0.668500 -0.310764
0.667500 -0.311475
0.666500 -0.312184
0.665500 -0.312891
0.664500 -0.313596
0.663500 -0.314299
0.662500 -0.315000
0.661500 -0.315699
0.660500 -0.316396
0.659500 -0.317091
0.658500 -0.317784
0.657500 -0.318475
0.656500 -0.319164
0.655500 -0.319851
0.654500 -0.320536
0.653500 -0.321219
0.652500 -0.321900
0.651500 -0.322579
0.650500 -0.323256
0.649500 -0.323931
0.648500 -0.324604
0.647500 -0.325275
0.646500 -0.325944
0.645500 -0.326611
0.644500 -0.327276
0.643500 -0.327939
0.642500 -0.328600
0.641500 -0.329259
0.640500 -0.329916
0.639500 -0.330571
0.638500 -0.331224
0.637500 -0.331875
0.636500 -0.332524
0.635500 -0.333171
0.634500 -0.333816
0.633500 -0.334459
0.632500 -0.335100
0.631500 -0.335739
0.630500 -0.336376
0.629500 -0.337011
0.628500 -0.337644
0.627500 -0.338275
0.626500 -0.338904
0.625500 -0.339531
0.624500 -0.340156
0.623500 -0.340779
0.622500 -0.341400
0.621500 -0.342019
0.620500 -0.342636
0.619500 -0.343251
0.618500 -0.343864
0.617500 -0.344475
0.616500 -0.345084
0.615500 -0.345691
0.614500 -0.346296
0.613500 -0.346899
0.612500 -0.347500
0.611500 -0.348099
0.610500 -0.348696
0.609500 -0.349291
0.608500 -0.349884
0.607500 -0.350475
0.606500 -0.351064
0.605500 -0.351651
0.604500 -0.352236
0.603500 -0.352819
0.602500 -0.353400
0.601500 -0.353979
0.600500 -0.354556
0.599500 -0.355131
0.598500 -0.355704
0.597500 -0.356275
0.596500 -0.356844
0.595500 -0.357411
0.594500 -0.357976
0.593500 -0.358539
0.592500 -0.359100
0.591500 -0.359659
0.590500 -0.360216
0.589500 -0.360771
0.588500 -0.361324
0.587500 -0.361875
0.586500 -0.362424
0.585500 -0.362971
0.584500 -0.363516
0.583500 -0.364059
0.582500 -0.364600
0.581500 -0.365139
0.580500 -0.365676
0.579500 -0.366211
0.578500 -0.366744
0.577500 -0.367275
0.576500 -0.367804
0.575500 -0.368331
0.574500 -0.368856
0.573500 -0.369379
0.572500 -0.369900
0.571500 -0.370419
0.570500 -0.370936
0.569500 -0.371451
0.568500 -0.371964
0.567500 -0.372475
0.566500 -0.372984
0.565500 -0.373491
0.564500 -0.373996
0.563500 -0.374499
0.562500 -0.375000
0.561500 -0.375499
0.560500 -0.375996
0.559500 -0.376491
0.558500 -0.376984
0.557500 -0.377475
0.556500 -0.377964
0.555500 -0.378451
0.554500 -0.378936
0.553500 -0.379419
0.552500 -0.379900
0.551500 -0.380379
0.550500 -0.380856
0.549500 -0.381331
0.548500 -0.381804
0.547500 -0.382275
0.546500 -0.382744
0.545500 -0.383211
0.544500 -0.383676
0.543500 -0.384139
0.542500 -0.384600
0.541500 -0.385059
0.540500 -0.385516
0.539500 -0.385971
0.538500 -0.386424
0.537500 -0.386875
0.536500 -0.387324
0.535500 -0.387771
0.534500 -0.388216
0.533500 -0.388659
0.532500 -0.389100
0.531500 -0.389539
0.530500 -0.389976
0.529500 -0.390411
0.528500 -0.390844
0.527500 -0.391275
0.526500 -0.391704
0.525500 -0.392131
0.524500 -0.392556
0.523500 -0.392979
0.522500 -0.393400
0.521500 -0.393819
0.520500 -0.394236
0.519500 -0.394651
0.518500 -0.395064
0.517500 -0.395475
0.516500 -0.395884
0.515500 -0.396291
0.514500 -0.396696
0.513500 -0.397099
0.512500 -0.397500
0.511500 -0.397899
0.510500 -0.398296
0.509500 -0.398691
0.508500 -0.399084
0.507500 -0.399475
0.506500 -0.399864
0.505500 -0.400251
0.504500 -0.400636
0.503500 -0.401019
0.502500 -0.401400
0.501500 -0.401779
0.500500 -0.402156
0.499500 -0.402156
0.498500 -0.401779
0.497500 -0.401400
0.496500 -0.401019
0.495500 -0.400636
0.494500 -0.400251
0.493500 -0.399864
0.492500 -0.399475
0.491500 -0.399084
0.490500 -0.398691
0.489500 -0.398296
0.488500 -0.397899
0.487500 -0.397500
0.486500 -0.397099
0.485500 -0.396696
0.484500 -0.396291
0.483500 -0.395884
0.482500 -0.395475
0.481500 -0.395064
0.480500 -0.394651
0.479500 -0.394236
0.478500 -0.393819
0.477500 -0.393400
0.476500 -0.392979
0.475500 -0.392556
0.474500 -0.392131
0.473500 -0.391704
0.472500 -0.391275
0.471500 -0.390844
0.470500 -0.390411
0.469500 -0.389976
0.468500 -0.389539
0.467500 -0.389100
0.466500 -0.388659
0.465500 -0.388216
0.464500 -0.387771
0.463500 -0.387324
0.462500 -0.386875
0.461500 -0.386424
0.460500 -0.385971
0.459500 -0.385516
0.458500 -0.385059
0.457500 -0.384600
0.456500 -0.384139
0.455500 -0.383676
0.454500 -0.383211
0.453500 -0.382744
0.452500 -0.382275
0.451500 -0.381804
0.450500 -0.381331
0.449500 -0.380856
0.448500 -0.380379
0.447500 -0.379900
0.446500 -0.379419
0.445500 -0.378936
0.444500 -0.378451
0.443500 -0.377964
0.442500 -0.377475
0.441500 -0.376984
0.440500 -0.376491
0.439500 -0.375996
0.438500 -0.375499
0.437500 -0.375000
0.436500 -0.374499
0.435500 -0.373996
0.434500 -0.373491
0.433500 -0.372984
0.432500 -0.372475
0.431500 -0.371964
0.430500 -0.371451
0.429500 -0.370936
0.428500 -0.370419
0.427500 -0.369900
0.426500 -0.369379
0.425500 -0.368856
0.424500 -0.368331
0.423500 -0.367804
0.422500 -0.367275
0.421500 -0.366744
0.420500 -0.366211
0.419500 -0.365676
0.418500 -0.365139
0.417500 -0.364600
0.416500 -0.364059
0.415500 -0.363516
0.414500 -0.362971
0.413500 -0.362424
0.412500 -0.361875
0.411500 -0.361324
0.410500 -0.360771
0.409500 -0.360216
0.408500 -0.359659
0.407500 -0.359100
0.406500 -0.358539
0.405500 -0.357976
0.404500 -0.357411
0.403500 -0.356844
0.402500 -0.356275
0.401500 -0.355704
0.400500 -0.355131
0.399500 -0.354556
0.398500 -0.353979
0.397500 -0.353400
0.396500 -0.352819
0.395500 -0.352236
0.394500 -0.351651
0.393500 -0.351064
0.392500 -0.350475
0.391500 -0.349884
0.390500 -0.349291
0.389500 -0.348696
0.388500 -0.348099
0.387500 -0.347500
0.386500 -0.346899
0.385500 -0.346296
0.384500 -0.345691
0.383500 -0.345084
0.382500 -0.344475
0.381500 -0.343864
0.380500 -0.343251
0.379500 -0.342636
0.378500 -0.342019
0.377500 -0.341400
0.376500 -0.340779
0.375500 -0.340156
0.374500 -0.339531
0.373500 -0.338904
0.372500 -0.338275
0.371500 -0.337644
0.370500 -0.337011
0.369500 -0.336376
0.368500 -0.335739
0.367500 -0.335100
0.366500 -0.334459
0.365500 -0.333816
0.364500 -0.333171
0.363500 -0.332524
0.362500 -0.331875
0.361500 -0.331224
0.360500 -0.330571
0.359500 -0.329916
0.358500 -0.329259
0.357500 -0.328600
0.356500 -0.327939
0.355500 -0.327276
0.354500 -0.326611
0.353500 -0.325944
0.352500 -0.325275
0.351500 -0.324604
0.350500 -0.323931
0.349500 -0.323256
0.348500 -0.322579
0.347500 -0.321900
0.346500 -0.321219
0.345500 -0.320536
0.344500 -0.319851
0.343500 -0.319164
0.342500 -0.318475
0.341500 -0.317784
0.340500 -0.317091
0.339500 -0.316396
0.338500 -0.315699
0.337500 -0.315000
0.336500 -0.314299
0.335500 -0.313596
0.334500 -0.312891
0.333500 -0.312184
0.332500 -0.311475
0.331500 -0.310764
0.330500 -0.310051
0.329500 -0.309336
0.328500 -0.308619
0.327500 -0.307900
0.326500 -0.307179
0.325500 -0.306456
0.324500 -0.305731
0.323500 -0.305004
0.322500 -0.304275
0.321500 -0.303544
0.320500 -0.302811
0.319500 -0.302076
0.318500 -0.301339
0.317500 -0.300600
0.316500 -0.299859
0.315500 -0.299116
0.314500 -0.298371
0.313500 -0.297624
0.312500 -0.296875
0.311500 -0.296124
0.310500 -0.295371
0.309500 -0.294616
0.308500 -0.293859
0.307500 -0.293100
0.306500 -0.292339
0.305500 -0.291576
0.304500 -0.290811
0.303500 -0.290044
0.302500 -0.289275
0.301500 -0.288504
0.300500 -0.287731
0.299500 -0.286956
0.298500 -0.286179
0.297500 -0.285400
0.296500 -0.284619
0.295500 -0.283836
0.294500 -0.283051
0.293500 -0.282264
0.292500 -0.281475
0.291500 -0.280684
0.290500 -0.279891
0.289500 -0.279096
0.288500 -0.278299
0.287500 -0.277500
0.286500 -0.276699
0.285500 -0.275896
0.284500 -0.275091
0.283500 -0.274284
0.282500 -0.273475
0.281500 -0.272664
0.280500 -0.271851
0.279500 -0.271036
0.278500 -0.270219
0.277500 -0.269400
0.276500 -0.268579
0.275500 -0.267756
0.274500 -0.266931
0.273500 -0.266104
0.272500 -0.265275
0.271500 -0.264444
0.270500 -0.263611
0.269500 -0.262776
0.268500 -0.261939
0.267500 -0.261100
0.266500 -0.260259
0.265500 -0.259416
0.264500 -0.258571
0.263500 -0.257724
0.262500 -0.256875
0.261500 -0.256024
0.260500 -0.255171
0.259500 -0.254316
0.258500 -0.253459
0.257500 -0.252600
0.256500 -0.251739
0.255500 -0.250876
0.254500 -0.250011
0.253500 -0.249144
0.252500 -0.248275
0.251500 -0.247404
0.250500 -0.246531
0.249500 -0.245656
0.248500 -0.244779
0.247500 -0.243900
0.246500 -0.243019
0.245500 -0.242136
0.244500 -0.241251
0.243500 -0.240364
0.242500 -0.239475
0.241500 -0.238584
0.240500 -0.237691
0.239500 -0.236796
0.238500 -0.235899
0.237500 -0.235000
0.236500 -0.234099
0.235500 -0.233196
0.234500 -0.232291
0.233500 -0.231384
0.232500 -0.230475
0.231500 -0.229564
0.230500 -0.228651
0.229500 -0.227736
0.228500 -0.226819
0.227500 -0.225900
0.226500 -0.224979
0.225500 -0.224056
0.224500 -0.223131
0.223500 -0.222204
0.222500 -0.221275
0.221500 -0.220344
0.220500 -0.219411
0.219500 -0.218476
0.218500 -0.217539
0.217500 -0.216600
0.216500 -0.215659
0.215500 -0.214716
0.214500 -0.213771
0.213500 -0.212824
0.212500 -0.211875
0.211500 -0.210924
0.210500 -0.209971
0.209500 -0.209016
0.208500 -0.208059
0.207500 -0.207100
0.206500 -0.206139
0.205500 -0.205176
0.204500 -0.204211
0.203500 -0.203244
0.202500 -0.202275
0.201500 -0.201304
0.200500 -0.200331
0.199500 -0.199356
0.198500 -0.198379
0.197500 -0.197400
0.196500 -0.196419
0.195500 -0.195436
0.194500 -0.194451
0.193500 -0.193464
0.192500 -0.192475
0.191500 -0.191484
0.190500 -0.190491
0.189500 -0.189496
0.188500 -0.188499
0.187500 -0.187500
0.186500 -0.186501
0.185500 -0.185504
0.184500 -0.184509
0.183500 -0.183516
0.182500 -0.182525
0.181500 -0.181536
0.180500 -0.180549
0.179500 -0.179564
0.178500 -0.178581
0.177500 -0.177600
0.176500 -0.176621
0.175500 -0.175644
0.174500 -0.174669
0.173500 -0.173696
0.172500 -0.172725
0.171500 -0.171756
0.170500 -0.170789
0.169500 -0.169824
0.168500 -0.168861
0.167500 -0.167900
0.166500 -0.166941
0.165500 -0.165984
0.164500 -0.165029
0.163500 -0.164076
0.162500 -0.163125
0.161500 -0.162176
0.160500 -0.161229
0.159500 -0.160284
0.158500 -0.159341
0.157500 -0.158400
0.156500 -0.157461
0.155500 -0.156524
0.154500 -0.155589
0.153500 -0.154656
0.152500 -0.153725
0.151500 -0.152796
0.150500 -0.151869
0.149500 -0.150944
0.148500 -0.150021
0.147500 -0.149100
0.146500 -0.148181
0.145500 -0.147264
0.144500 -0.146349
0.143500 -0.145436
0.142500 -0.144525
0.141500 -0.143616
0.140500 -0.142709
0.139500 -0.141804
0.138500 -0.140901
0.137500 -0.140000
0.136500 -0.139101
0.135500 -0.138204
0.134500 -0.137309
0.133500 -0.136416
0.132500 -0.135525
0.131500 -0.134636
0.130500 -0.133749
0.129500 -0.132864
0.128500 -0.131981
0.127500 -0.131100
0.126500 -0.130221
0.125500 -0.129344
0.124500 -0.128469
0.123500 -0.127596
0.122500 -0.126725
0.121500 -0.125856
0.120500 -0.124989
0.119500 -0.124124
0.118500 -0.123261
0.117500 -0.122400
0.116500 -0.121541
0.115500 -0.120684
0.114500 -0.119829
0.113500 -0.118976
0.112500 -0.118125
0.111500 -0.117276
0.110500 -0.116429
0.109500 -0.115584
0.108500 -0.114741
0.107500 -0.113900
0.106500 -0.113061
0.105500 -0.112224
0.104500 -0.111389
0.103500 -0.110556
0.102500 -0.109725
0.101500 -0.108896
0.100500 -0.108069
0.099500 -0.107244
0.098500 -0.106421
0.097500 -0.105600
0.096500 -0.104781
0.095500 -0.103964
0.094500 -0.103149
0.093500 -0.102336
0.092500 -0.101525
0.091500 -0.100716
0.090500 -0.099909
0.089500 -0.099104
0.088500 -0.098301
0.087500 -0.097500
0.086500 -0.096701
0.085500 -0.095904
0.084500 -0.095109
0.083500 -0.094316
0.082500 -0.093525
0.081500 -0.092736
0.080500 -0.091949
0.079500 -0.091164
0.078500 -0.090381
0.077500 -0.089600
0.076500 -0.088821
0.075500 -0.088044
0.074500 -0.087269
0.073500 -0.086496
0.072500 -0.085725
0.071500 -0.084956
0.070500 -0.084189
0.069500 -0.083424
0.068500 -0.082661
0.067500 -0.081900
0.066500 -0.081141
0.065500 -0.080384
0.064500 -0.079629
0.063500 -0.078876
0.062500 -0.078125
0.061500 -0.077376
0.060500 -0.076629
0.059500 -0.075884
0.058500 -0.075141
0.057500 -0.074400
0.056500 -0.073661
0.055500 -0.072924
0.054500 -0.072189
0.053500 -0.071456
0.052500 -0.070725
0.051500 -0.069996
0.050500 -0.069269
0.049500 -0.068544
0.048500 -0.067821
0.047500 -0.067100
0.046500 -0.066381
0.045500 -0.065664
0.044500 -0.064949
0.043500 -0.064236
0.042500 -0.063525
0.041500 -0.062816
0.040500 -0.062109
0.039500 -0.061404
0.038500 -0.060701
0.037500 -0.060000
0.036500 -0.059301
0.035500 -0.058604
0.034500 -0.057909
0.033500 -0.057216
0.032500 -0.056525
0.031500 -0.055836
0.030500 -0.055149
0.029500 -0.054464
0.028500 -0.053781
0.027500 -0.053100
0.026500 -0.052421
0.025500 -0.051744
0.024500 -0.051069
0.023500 -0.050396
0.022500 -0.049725
0.021500 -0.049056
0.020500 -0.048389
0.019500 -0.047724
0.018500 -0.047061
0.017500 -0.046400
0.016500 -0.045741
0.015500 -0.045084
0.014500 -0.044429
0.013500 -0.043776
0.012500 -0.043125
0.011500 -0.042476
0.010500 -0.041829
0.009500 -0.041184
0.008500 -0.040541
0.007500 -0.039900
0.006500 -0.039261
0.005500 -0.038624
0.004500 -0.037989
0.003500 -0.037356
0.002500 -0.036725
0.001500 -0.036096
0.000500 -0.035469
-0.000500 -0.034844
-0.001500 -0.034221
-0.002500 -0.033600
-0.003500 -0.032981
-0.004500 -0.032364
-0.005500 -0.031749
-0.006500 -0.031136
-0.007500 -0.030525
-0.008500 -0.029916
-0.009500 -0.029309
-0.010500 -0.028704
-0.011500 -0.028101
-0.012500 -0.027500
-0.013500 -0.026901
-0.014500 -0.026304
-0.015500 -0.025709
-0.016500 -0.025116
-0.017500 -0.024525
-0.018500 -0.023936
-0.019500 -0.023349
-0.020500 -0.022764
-0.021500 -0.022181
-0.022500 -0.021600
-0.023500 -0.021021
-0.024500 -0.020444
-0.025500 -0.019869
-0.026500 -0.019296
-0.027500 -0.018725
-0.028500 -0.018156
-0.029500 -0.017589
-0.030500 -0.017024
-0.031500 -0.016461
-0.032500 -0.015900
-0.033500 -0.015341
-0.034500 -0.014784
-0.035500 -0.014229
-0.036500 -0.013676
-0.037500 -0.013125
-0.038500 -0.012576
-0.039500 -0.012029
-0.040500 -0.011484
-0.041500 -0.010941
-0.042500 -0.010400
-0.043500 -0.009861
-0.044500 -0.009324
-0.045500 -0.008789
-0.046500 -0.008256
-0.047500 -0.007725
-0.048500 -0.007196
-0.049500 -0.006669
-0.050500 -0.006144
-0.051500 -0.005621
-0.052500 -0.005100
-0.053500 -0.004581
-0.054500 -0.004064
-0.055500 -0.003549
-0.056500 -0.003036
-0.057500 -0.002525
-0.058500 -0.002016
-0.059500 -0.001509
-0.060500 -0.001004
-0.061500 -0.000501
-0.062500 -0.000000
-0.063500 0.000499
-0.064500 0.000996
-0.065500 0.001491
-0.066500 0.001984
-0.067500 0.002475
-0.068500 0.002964
-0.069500 0.003451
-0.070500 0.003936
-0.071500 0.004419
-0.072500 0.004900
-0.073500 0.005379
-0.074500 0.005856
-0.075500 0.006331
-0.076500 0.006804
-0.077500 0.007275
-0.078500 0.007744
-0.079500 0.008211
-0.080500 0.008676
-0.081500 0.009139
-0.082500 0.009600
-0.083500 0.010059
-0.084500 0.010516
-0.085500 0.010971
-0.086500 0.011424
-0.087500 0.011875
-0.088500 0.012324
-0.089500 0.012771
-0.090500 0.013216
-0.091500 0.013659
-0.092500 0.014100
-0.093500 0.014539
-0.094500 0.014976
-0.095500 0.015411
-0.096500 0.015844
-0.097500 0.016275
-0.098500 0.016704
-0.099500 0.017131
-0.100500 0.017556
-0.101500 0.017979
-0.102500 0.018400
-0.103500 0.018819
-0.104500 0.019236
-0.105500 0.019651
-0.106500 0.020064
-0.107500 0.020475
-0.108500 0.020884
-0.109500 0.021291
-0.110500 0.021696
-0.111500 0.022099
-0.112500 0.022500
-0.113500 0.022899
-0.114500 0.023296
-0.115500 0.023691
-0.116500 0.024084
-0.117500 0.024475
-0.118500 0.024864
-0.119500 0.025251
-0.120500 0.025636
-0.121500 0.026019
-0.122500 0.026400
-0.123500 0.026779
-0.124500 0.027156
-0.125500 0.027531
-0.126500 0.027904
-0.127500 0.028275
-0.128500 0.028644
-0.129500 0.029011
-0.130500 0.029376
-0.131500 0.029739
-0.132500 0.030100
-0.133500 0.030459
-0.134500 0.030816
-0.135500 0.031171
-0.136500 0.031524
-0.137500 0.031875
-0.138500 0.032224
-0.139500 0.032571
-0.140500 0.032916
-0.141500 0.033259
-0.142500 0.033600
-0.143500 0.033939
-0.144500 0.034276
-0.145500 0.034611
-0.146500 0.034944
-0.147500 0.035275
-0.148500 0.035604
-0.149500 0.035931
-0.150500 0.036256
-0.151500 0.036579
-0.152500 0.036900
-0.153500 0.037219
-0.154500 0.037536
-0.155500 0.037851
-0.156500 0.038164
-0.157500 0.038475
-0.158500 0.038784
-0.159500 0.039091
-0.160500 0.039396
-0.161500 0.039699
-0.162500 0.040000
-0.163500 0.040299
-0.164500 0.040596
-0.165500 0.040891
-0.166500 0.041184
-0.167500 0.041475
-0.168500 0.041764
-0.169500 0.042051
-0.170500 0.042336
-0.171500 0.042619
-0.172500 0.042900
-0.173500 0.043179
-0.174500 0.043456
-0.175500 0.043731
-0.176500 0.044004
-0.177500 0.044275
-0.178500 0.044544
-0.179500 0.044811
-0.180500 0.045076
-0.181500 0.045339
-0.182500 0.045600
-0.183500 0.045859
-0.184500 0.046116
-0.185500 0.046371
-0.186500 0.046624
-0.187500 0.046875
-0.188500 0.047124
-0.189500 0.047371
-0.190500 0.047616
-0.191500 0.047859
-0.192500 0.048100
-0.193500 0.048339
-0.194500 0.048576
-0.195500 0.048811
-0.196500 0.049044
-0.197500 0.049275
-0.198500 0.049504
-0.199500 0.049731
-0.200500 0.049956
-0.201500 0.050179
-0.202500 0.050400
-0.203500 0.050619
-0.204500 0.050836
-0.205500 0.051051
-0.206500 0.051264
-0.207500 0.051475
-0.208500 0.051684
-0.209500 0.051891
-0.210500 0.052096
-0.211500 0.052299
-0.212500 0.052500
-0.213500 0.052699
-0.214500 0.052896
-0.215500 0.053091
-0.216500 0.053284
-0.217500 0.053475
-0.218500 0.053664
-0.219500 0.053851
-0.220500 0.054036
-0.221500 0.054219
-0.222500 0.054400
-0.223500 0.054579
-0.224500 0.054756
-0.225500 0.054931
-0.226500 0.055104
-0.227500 0.055275
-0.228500 0.055444
-0.229500 0.055611
-0.230500 0.055776
-0.231500 0.055939
-0.232500 0.056100
-0.233500 0.056259
-0.234500 0.056416
-0.235500 0.056571
-0.236500 0.056724
-0.237500 0.056875
-0.238500 0.057024
-0.239500 0.057171
-0.240500 0.057316
-0.241500 0.057459
-0.242500 0.057600
-0.243500 0.057739
-0.244500 0.057876
-0.245500 0.058011
-0.246500 0.058144
-0.247500 0.058275
-0.248500 0.058404
-0.249500 0.058531
-0.250500 0.058656
-0.251500 0.058779
-0.252500 0.058900
-0.253500 0.059019
-0.254500 0.059136
-0.255500 0.059251
-0.256500 0.059364
-0.257500 0.059475
-0.258500 0.059584
-0.259500 0.059691
-0.260500 0.059796
-0.261500 0.059899
-0.262500 0.060000
-0.263500 0.060099
-0.264500 0.060196
-0.265500 0.060291
-0.266500 0.060384
-0.267500 0.060475
-0.268500 0.060564
-0.269500 0.060651
-0.270500 0.060736
-0.271500 0.060819
-0.272500 0.060900
-0.273500 0.060979
-0.274500 0.061056
-0.275500 0.061131
-0.276500 0.061204
-0.277500 0.061275
-0.278500 0.061344
-0.279500 0.061411
-0.280500 0.061476
-0.281500 0.061539
-0.282500 0.061600
-0.283500 0.061659
-0.284500 0.061716
-0.285500 0.061771
-0.286500 0.061824
-0.287500 0.061875
-0.288500 0.061924
-0.289500 0.061971
-0.290500 0.062016
-0.291500 0.062059
-0.292500 0.062100
-0.293500 0.062139
-0.294500 0.062176
-0.295500 0.062211
-0.296500 0.062244
-0.297500 0.062275
-0.298500 0.062304
-0.299500 0.062331
-0.300500 0.062356
-0.301500 0.062379
-0.302500 0.062400
-0.303500 0.062419
-0.304500 0.062436
-0.305500 0.062451
-0.306500 0.062464
-0.307500 0.062475
-0.308500 0.062484
-0.309500 0.062491
-0.310500 0.062496
-0.311500 0.062499
-0.312500 0.062500
-0.313500 0.062499
-0.314500 0.062496
-0.315500 0.062491
-0.316500 0.062484
-0.317500 0.062475
-0.318500 0.062464
-0.319500 0.062451
-0.320500 0.062436
-0.321500 0.062419
-0.322500 0.062400
-0.323500 0.062379
-0.324500 0.062356
-0.325500 0.062331
-0.326500 0.062304
-0.327500 0.062275
-0.328500 0.062244
-0.329500 0.062211
-0.330500 0.062176
-0.331500 0.062139
-0.332500 0.062100
-0.333500 0.062059
-0.334500 0.062016
-0.335500 0.061971
-0.336500 0.061924
-0.337500 0.061875
-0.338500 0.061824
-0.339500 0.061771
-0.340500 0.061716
-0.341500 0.061659
-0.342500 0.061600
-0.343500 0.061539
-0.344500 0.061476
-0.345500 0.061411
-0.346500 0.061344
-0.347500 0.061275
-0.348500 0.061204
-0.349500 0.061131
-0.350500 0.061056
-0.351500 0.060979
-0.352500 0.060900
-0.353500 0.060819
-0.354500 0.060736
-0.355500 0.060651
-0.356500 0.060564
-0.357500 0.060475
-0.358500 0.060384
-0.359500 0.060291
-0.360500 0.060196
-0.361500 0.060099
-0.362500 0.060000
-0.363500 0.059899
-0.364500 0.059796
-0.365500 0.059691
-0.366500 0.059584
-0.367500 0.059475
-0.368500 0.059364
-0.369500 0.059251
-0.370500 0.059136
-0.371500 0.059019
-0.372500 0.058900
-0.373500 0.058779
-0.374500 0.058656
-0.375500 0.058656
-0.376500 0.058779
-0.377500 0.058900
-0.378500 0.059019
-0.379500 0.059136
-0.380500 0.059251
-0.381500 0.059364
-0.382500 0.059475
-0.383500 0.059584
-0.384500 0.059691
-0.385500 0.059796
-0.386500 0.059899
-0.387500 0.060000
-0.388500 0.060099
-0.389500 0.060196
-0.390500 0.060291
-0.391500 0.060384
-0.392500 0.060475
-0.393500 0.060564
-0.394500 0.060651
-0.395500 0.060736
-0.396500 0.060819
-0.397500 0.060900
-0.398500 0.060979
-0.399500 0.061056
-0.400500 0.061131
-0.401500 0.061204
-0.402500 0.061275
-0.403500 0.061344
-0.404500 0.061411
-0.405500 0.061476
-0.406500 0.061539
-0.407500 0.061600
-0.408500 0.061659
-0.409500 0.061716
-0.410500 0.061771
-0.411500 0.061824
-0.412500 0.061875
-0.413500 0.061924
-0.414500 0.061971
-0.415500 0.062016
-0.416500 0.062059
-0.417500 0.062100
-0.418500 0.062139
-0.419500 0.062176
-0.420500 0.062211
-0.421500 0.062244
-0.422500 0.062275
-0.423500 0.062304
-0.424500 0.062331
-0.425500 0.062356
-0.426500 0.062379
-0.427500 0.062400
-0.428500 0.062419
-0.429500 0.062436
-0.430500 0.062451
-0.431500 0.062464
-0.432500 0.062475
-0.433500 0.062484
-0.434500 0.062491
-0.435500 0.062496
-0.436500 0.062499
-0.437500 0.062500
-0.438500 0.062499
-0.439500 0.062496
-0.440500 0.062491
-0.441500 0.062484
-0.442500 0.062475
-0.443500 0.062464
-0.444500 0.062451
-0.445500 0.062436
-0.446500 0.062419
-0.447500 0.062400
-0.448500 0.062379
-0.449500 0.062356
-0.450500 0.062331
-0.451500 0.062304
-0.452500 0.062275
-0.453500 0.062244
-0.454500 0.062211
-0.455500 0.062176
-0.456500 0.062139
-0.457500 0.062100
-0.458500 0.062059
-0.459500 0.062016
-0.460500 0.061971
-0.461500 0.061924
-0.462500 0.061875
-0.463500 0.061824
-0.464500 0.061771
-0.465500 0.061716
-0.466500 0.061659
-0.467500 0.061600
-0.468500 0.061539
-0.469500 0.061476
-0.470500 0.061411
-0.471500 0.061344
-0.472500 0.061275
-0.473500 0.061204
-0.474500 0.061131
-0.475500 0.061056
-0.476500 0.060979
-0.477500 0.060900
-0.478500 0.060819
-0.479500 0.060736
-0.480500 0.060651
-0.481500 0.060564
-0.482500 0.060475
-0.483500 0.060384
-0.484500 0.060291
-0.485500 0.060196
-0.486500 0.060099
-0.487500 0.060000
-0.488500 0.059899
-0.489500 0.059796
-0.490500 0.059691
-0.491500 0.059584
-0.492500 0.059475
-0.493500 0.059364
-0.494500 0.059251
-0.495500 0.059136
-0.496500 0.059019
-0.497500 0.058900
-0.498500 0.058779
-0.499500 0.058656
-0.500500 0.058656
-0.501500 0.058779
-0.502500 0.058900
-0.503500 0.059019
-0.504500 0.059136
-0.505500 0.059251
-0.506500 0.059364
-0.507500 0.059475
-0.508500 0.059584
-0.509500 0.059691
-0.510500 0.059796
-0.511500 0.059899
-0.512500 0.060000
-0.513500 0.060099
-0.514500 0.060196
-0.515500 0.060291
-0.516500 0.060384
-0.517500 0.060475
-0.518500 0.060564
-0.519500 0.060651
-0.520500 0.060736
-0.521500 0.060819
-0.522500 0.060900
-0.523500 0.060979
-0.524500 0.061056
-0.525500 0.061131
-0.526500 0.061204
-0.527500 0.061275
-0.528500 0.061344
-0.529500 0.061411
-0.530500 0.061476
-0.531500 0.061539
-0.532500 0.061600
-0.533500 0.061659
-0.534500 0.061716
-0.535500 0.061771
-0.536500 0.061824
-0.537500 0.061875
-0.538500 0.061924
-0.539500 0.061971
-0.540500 0.062016
-0.541500 0.062059
-0.542500 0.062100
-0.543500 0.062139
-0.544500 0.062176
-0.545500 0.062211
-0.546500 0.062244
-0.547500 0.062275
-0.548500 0.062304
-0.549500 0.062331
-0.550500 0.062356
-0.551500 0.062379
-0.552500 0.062400
-0.553500 0.062419
-0.554500 0.062436
-0.555500 0.062451
-0.556500 0.062464
-0.557500 0.062475
-0.558500 0.062484
-0.559500 0.062491
-0.560500 0.062496
-0.561500 0.062499
-0.562500 0.062500
-0.563500 0.062499
-0.564500 0.062496
-0.565500 0.062491
-0.566500 0.062484
-0.567500 0.062475
-0.568500 0.062464
-0.569500 0.062451
-0.570500 0.062436
-0.571500 0.062419
-0.572500 0.062400
-0.573500 0.062379
-0.574500 0.062356
-0.575500 0.062331
-0.576500 0.062304
-0.577500 0.062275
-0.578500 0.062244
-0.579500 0.062211
-0.580500 0.062176
-0.581500 0.062139
-0.582500 0.062100
-0.583500 0.062059
-0.584500 0.062016
-0.585500 0.061971
-0.586500 0.061924
-0.587500 0.061875
-0.588500 0.061824
-0.589500 0.061771
-0.590500 0.061716
-0.591500 0.061659
-0.592500 0.061600
-0.593500 0.061539
-0.594500 0.061476
-0.595500 0.061411
-0.596500 0.061344
-0.597500 0.061275
-0.598500 0.061204
-0.599500 0.061131
-0.600500 0.061056
-0.601500 0.060979
-0.602500 0.060900
-0.603500 0.060819
-0.604500 0.060736
-0.605500 0.060651
-0.606500 0.060564
-0.607500 0.060475
-0.608500 0.060384
-0.609500 0.060291
-0.610500 0.060196
-0.611500 0.060099
-0.612500 0.060000
-0.613500 0.059899
-0.614500 0.059796
-0.615500 0.059691
-0.616500 0.059584
-0.617500 0.059475
-0.618500 0.059364
-0.619500 0.059251
-0.620500 0.059136
-0.621500 0.059019
-0.622500 0.058900
-0.623500 0.058779
-0.624500 0.058656
-0.625500 0.058656
-0.626500 0.058779
-0.627500 0.058900
-0.628500 0.059019
-0.629500 0.059136
-0.630500 0.059251
-0.631500 0.059364
-0.632500 0.059475
-0.633500 0.059584
-0.634500 0.059691
-0.635500 0.059796
-0.636500 0.059899
-0.637500 0.060000
-0.638500 0.060099
-0.639500 0.060196
-0.640500 0.060291
-0.641500 0.060384
-0.642500 0.060475
-0.643500 0.060564
-0.644500 0.060651
-0.645500 0.060736
-0.646500 0.060819
-0.647500 0.060900
-0.648500 0.060979
-0.649500 0.061056
-0.650500 0.061131
-0.651500 0.061204
-0.652500 0.061275
-0.653500 0.061344
-0.654500 0.061411
-0.655500 0.061476
-0.656500 0.061539
-0.657500 0.061600
-0.658500 0.061659
-0.659500 0.061716
-0.660500 0.061771
-0.661500 0.061824
-0.662500 0.061875
-0.663500 0.061924
-0.664500 0.061971
-0.665500 0.062016
-0.666500 0.062059
-0.667500 0.062100
-0.668500 0.062139
-0.669500 0.062176
-0.670500 0.062211
-0.671500 0.062244
-0.672500 0.062275
-0.673500 0.062304
-0.674500 0.062331
-0.675500 0.062356
-0.676500 0.062379
-0.677500 0.062400
-0.678500 0.062419
-0.679500 0.062436
-0.680500 0.062451
-0.681500 0.062464
-0.682500 0.062475
-0.683500 0.062484
-0.684500 0.062491
-0.685500 0.062496
-0.686500 0.062499
-0.687500 0.062500
-0.688500 0.062499
-0.689500 0.062496
-0.690500 0.062491
-0.691500 0.062484
-0.692500 0.062475
-0.693500 0.062464
-0.694500 0.062451
-0.695500 0.062436
-0.696500 0.062419
-0.697500 0.062400
-0.698500 0.062379
-0.699500 0.062356
-0.700500 0.062331
-0.701500 0.062304
-0.702500 0.062275
-0.703500 0.062244
-0.704500 0.062211
-0.705500 0.062176
-0.706500 0.062139
-0.707500 0.062100
-0.708500 0.062059
-0.709500 0.062016
-0.710500 0.061971
-0.711500 0.061924
-0.712500 0.061875
-0.713500 0.061824
-0.714500 0.061771
-0.715500 0.061716
-0.716500 0.061659
-0.717500 0.061600
-0.718500 0.061539
-0.719500 0.061476
-0.720500 0.061411
-0.721500 0.061344
-0.722500 0.061275
-0.723500 0.061204
-0.724500 0.061131
-0.725500 0.061056
-0.726500 0.060979
-0.727500 0.060900
-0.728500 0.060819
-0.729500 0.060736
-0.730500 0.060651
-0.731500 0.060564
-0.732500 0.060475
-0.733500 0.060384
-0.734500 0.060291
-0.735500 0.060196
-0.736500 0.060099
-0.737500 0.060000
-0.738500 0.059899
-0.739500 0.059796
-0.740500 0.059691
-0.741500 0.059584
-0.742500 0.059475
-0.743500 0.059364
-0.744500 0.059251
-0.745500 0.059136
-0.746500 0.059019
-0.747500 0.058900
-0.748500 0.058779
-0.749500 0.058656
-0.750500 0.058531
-0.751500 0.058404
-0.752500 0.058275
-0.753500 0.058144
-0.754500 0.058011
-0.755500 0.057876
-0.756500 0.057739
-0.757500 0.057600
-0.758500 0.057459
-0.759500 0.057316
-0.760500 0.057171
-0.761500 0.057024
-0.762500 0.056875
-0.763500 0.056724
-0.764500 0.056571
-0.765500 0.056416
-0.766500 0.056259
-0.767500 0.056100
-0.768500 0.055939
-0.769500 0.055776
-0.770500 0.055611
-0.771500 0.055444
-0.772500 0.055275
-0.773500 0.055104
-0.774500 0.054931
-0.775500 0.054756
-0.776500 0.054579
-0.777500 0.054400
-0.778500 0.054219
-0.779500 0.054036
-0.780500 0.053851
-0.781500 0.053664
-0.782500 0.053475
-0.783500 0.053284
-0.784500 0.053091
-0.785500 0.052896
-0.786500 0.052699
-0.787500 0.052500
-0.788500 0.052299
-0.789500 0.052096
-0.790500 0.051891
-0.791500 0.051684
-0.792500 0.051475
-0.793500 0.051264
-0.794500 0.051051
-0.795500 0.050836
-0.796500 0.050619
-0.797500 0.050400
-0.798500 0.050179
-0.799500 0.049956
-0.800500 0.049731
-0.801500 0.049504
-0.802500 0.049275
-0.803500 0.049044
-0.804500 0.048811
-0.805500 0.048576
-0.806500 0.048339
-0.807500 0.048100
-0.808500 0.047859
-0.809500 0.047616
-0.810500 0.047371
-0.811500 0.047124
-0.812500 0.046875
