-0.750000 0.250000
-0.749000 0.250999
-0.748000 0.251996
-0.747000 0.252991
-0.746000 0.253984
-0.745000 0.254975
-0.744000 0.255964
-0.743000 0.256951
-0.742000 0.257936
-0.741000 0.258919
-0.740000 0.259900
-0.739000 0.260879
-0.738000 0.261856
-0.737000 0.262831
-0.736000 0.263804
-0.735000 0.264775
-0.734000 0.265744
-0.733000 0.266711
-0.732000 0.267676
-0.731000 0.268639
-0.730000 0.269600
-0.729000 0.270559
-0.728000 0.271516
-0.727000 0.272471
-0.726000 0.273424
-0.725000 0.274375
-0.724000 0.275324
-0.723000 0.276271
-0.722000 0.277216
-0.721000 0.278159
-0.720000 0.279100
-0.719000 0.280039
-0.718000 0.280976
-0.717000 0.281911
-0.716000 0.282844
-0.715000 0.283775
-0.714000 0.284704
-0.713000 0.285631
-0.712000 0.286556
-0.711000 0.287479
-0.710000 0.288400
-0.709000 0.289319
-0.708000 0.290236
-0.707000 0.291151
-0.706000 0.292064
-0.705000 0.292975
-0.704000 0.293884
-0.703000 0.294791
-0.702000 0.295696
-0.701000 0.296599
-0.700000 0.297500
-0.699000 0.298399
-0.698000 0.299296
-0.697000 0.300191
-0.696000 0.301084
-0.695000 0.301975
-0.694000 0.302864
-0.693000 0.303751
-0.692000 0.304636
-0.691000 0.305519
-0.690000 0.306400
-0.689000 0.307279
-0.688000 0.308156
-0.687000 0.309031
-0.686000 0.309904
-0.685000 0.310775
-0.684000 0.311644
-0.683000 0.312511
-0.682000 0.313376
-0.681000 0.314239
-0.680000 0.315100
-0.679000 0.315959
-0.678000 0.316816
-0.677000 0.317671
-0.676000 0.318524
-0.675000 0.319375
-0.674000 0.320224
-0.673000 0.321071
-0.672000 0.321916
-0.671000 0.322759
-0.670000 0.323600
-0.669000 0.324439
-0.668000 0.325276
-0.667000 0.326111
-0.666000 0.326944
-0.665000 0.327775
-0.664000 0.328604
-0.663000 0.329431
-0.662000 0.330256
-0.661000 0.331079
-0.660000 0.331900
-0.659000 0.332719
-0.658000 0.333536
-0.657000 0.334351
-0.656000 0.335164
-0.655000 0.335975
-0.654000 0.336784
-0.653000 0.337591
-0.652000 0.338396
-0.651000 0.339199
-0.650000 0.340000
-0.649000 0.340799
-0.648000 0.341596
-0.647000 0.342391
-0.646000 0.343184
-0.645000 0.343975
-0.644000 0.344764
-0.643000 0.345551
-0.642000 0.346336
-0.641000 0.347119
-0.640000 0.347900
-0.639000 0.348679
-0.638000 0.349456
-0.637000 0.350231
-0.636000 0.351004
-0.635000 0.351775
-0.634000 0.352544
-0.633000 0.353311
-0.632000 0.354076
-0.631000 0.354839
-0.630000 0.355600
-0.629000 0.356359
-0.628000 0.357116
-0.627000 0.357871
-0.626000 0.358624
-0.625000 0.359375
-0.624000 0.360124
-0.623000 0.360871
-0.622000 0.361616
-0.621000 0.362359
-0.620000 0.363100
-0.619000 0.363839
-0.618000 0.364576
-0.617000 0.365311
-0.616000 0.366044
-0.615000 0.366775
-0.614000 0.367504
-0.613000 0.368231
-0.612000 0.368956
-0.611000 0.369679
-0.610000 0.370400
-0.609000 0.371119
-0.608000 0.371836
-0.607000 0.372551
-0.606000 0.373264
-0.605000 0.373975
-0.604000 0.374684
-0.603000 0.375391
-0.602000 0.376096
-0.601000 0.376799
-0.600000 0.377500
-0.599000 0.378199
-0.598000 0.378896
-0.597000 0.379591
-0.596000 0.380284
-0.595000 0.380975
-0.594000 0.381664
-0.593000 0.382351
-0.592000 0.383036
-0.591000 0.383719
-0.590000 0.384400
-0.589000 0.385079
-0.588000 0.385756
-0.587000 0.386431
-0.586000 0.387104
-0.585000 0.387775
-0.584000 0.388444
-0.583000 0.389111
-0.582000 0.389776
-0.581000 0.390439
-0.580000 0.391100
-0.579000 0.391759
-0.578000 0.392416
-0.577000 0.393071
-0.576000 0.393724
-0.575000 0.394375
-0.574000 0.395024
-0.573000 0.395671
-0.572000 0.396316
-0.571000 0.396959
-0.570000 0.397600
-0.569000 0.398239
-0.568000 0.398876
-0.567000 0.399511
-0.566000 0.400144
-0.565000 0.400775
-0.564000 0.401404
-0.563000 0.402031
-0.562000 0.402656
-0.561000 0.403279
-0.560000 0.403900
-0.559000 0.404519
-0.558000 0.405136
-0.557000 0.405751
-0.556000 0.406364
-0.555000 0.406975
-0.554000 0.407584
-0.553000 0.408191
-0.552000 0.408796
-0.551000 0.409399
-0.550000 0.410000
-0.549000 0.410599
-0.548000 0.411196
-0.547000 0.411791
-0.546000 0.412384
-0.545000 0.412975
-0.544000 0.413564
-0.543000 0.414151
-0.542000 0.414736
-0.541000 0.415319
-0.540000 0.415900
-0.539000 0.416479
-0.538000 0.417056
-0.537000 0.417631
-0.536000 0.418204
-0.535000 0.418775
-0.534000 0.419344
-0.533000 0.419911
-0.532000 0.420476
-0.531000 0.421039
-0.530000 0.421600
-0.529000 0.422159
-0.528000 0.422716
-0.527000 0.423271
-0.526000 0.423824
-0.525000 0.424375
-0.524000 0.424924
-0.523000 0.425471
-0.522000 0.426016
-0.521000 0.426559
-0.520000 0.427100
-0.519000 0.427639
-0.518000 0.428176
-0.517000 0.428711
-0.516000 0.429244
-0.515000 0.429775
-0.514000 0.430304
-0.513000 0.430831
-0.512000 0.431356
-0.511000 0.431879
-0.510000 0.432400
-0.509000 0.432919
-0.508000 0.433436
-0.507000 0.433951
-0.506000 0.434464
-0.505000 0.434975
-0.504000 0.435484
-0.503000 0.435991
-0.502000 0.436496
-0.501000 0.436999
-0.500000 0.437500
-0.499000 0.436999
-0.498000 0.436496
-0.497000 0.435991
-0.496000 0.435484
-0.495000 0.434975
-0.494000 0.434464
-0.493000 0.433951
-0.492000 0.433436
-0.491000 0.432919
-0.490000 0.432400
-0.489000 0.431879
-0.488000 0.431356
-0.487000 0.430831
-0.486000 0.430304
-0.485000 0.429775
-0.484000 0.429244
-0.483000 0.428711
-0.482000 0.428176
-0.481000 0.427639
-0.480000 0.427100
-0.479000 0.426559
-0.478000 0.426016
-0.477000 0.425471
-0.476000 0.424924
-0.475000 0.424375
-0.474000 0.423824
-0.473000 0.423271
-0.472000 0.422716
-0.471000 0.422159
-0.470000 0.421600
-0.469000 0.421039
-0.468000 0.420476
-0.467000 0.419911
-0.466000 0.419344
-0.465000 0.418775
-0.464000 0.418204
-0.463000 0.417631
-0.462000 0.417056
-0.461000 0.416479
-0.460000 0.415900
-0.459000 0.415319
-0.458000 0.414736
-0.457000 0.414151
-0.456000 0.413564
-0.455000 0.412975
-0.454000 0.412384
-0.453000 0.411791
-0.452000 0.411196
-0.451000 0.410599
-0.450000 0.410000
-0.449000 0.409399
-0.448000 0.408796
-0.447000 0.408191
-0.446000 0.407584
-0.445000 0.406975
-0.444000 0.406364
-0.443000 0.405751
-0.442000 0.405136
-0.441000 0.404519
-0.440000 0.403900
-0.439000 0.403279
-0.438000 0.402656
-0.437000 0.402031
-0.436000 0.401404
-0.435000 0.400775
-0.434000 0.400144
-0.433000 0.399511
-0.432000 0.398876
-0.431000 0.398239
-0.430000 0.397600
-0.429000 0.396959
-0.428000 0.396316
-0.427000 0.395671
-0.426000 0.395024
-0.425000 0.394375
-0.424000 0.393724
-0.423000 0.393071
-0.422000 0.392416
-0.421000 0.391759
-0.420000 0.391100
-0.419000 0.390439
-0.418000 0.389776
-0.417000 0.389111
-0.416000 0.388444
-0.415000 0.387775
-0.414000 0.387104
-0.413000 0.386431
-0.412000 0.385756
-0.411000 0.385079
-0.410000 0.384400
-0.409000 0.383719
-0.408000 0.383036
-0.407000 0.382351
-0.406000 0.381664
-0.405000 0.380975
-0.404000 0.380284
-0.403000 0.379591
-0.402000 0.378896
-0.401000 0.378199
-0.400000 0.377500
-0.399000 0.376799
-0.398000 0.376096
-0.397000 0.375391
-0.396000 0.374684
-0.395000 0.373975
-0.394000 0.373264
-0.393000 0.372551
-0.392000 0.371836
-0.391000 0.371119
-0.390000 0.370400
-0.389000 0.369679
-0.388000 0.368956
-0.387000 0.368231
-0.386000 0.367504
-0.385000 0.366775
-0.384000 0.366044
-0.383000 0.365311
-0.382000 0.364576
-0.381000 0.363839
-0.380000 0.363100
-0.379000 0.362359
-0.378000 0.361616
-0.377000 0.360871
-0.376000 0.360124
-0.375000 0.359375
-0.374000 0.358624
-0.373000 0.357871
-0.372000 0.357116
-0.371000 0.356359
-0.370000 0.355600
-0.369000 0.354839
-0.368000 0.354076
-0.367000 0.353311
-0.366000 0.352544
-0.365000 0.351775
-0.364000 0.351004
-0.363000 0.350231
-0.362000 0.349456
-0.361000 0.348679
-0.360000 0.347900
-0.359000 0.347119
-0.358000 0.346336
-0.357000 0.345551
-0.356000 0.344764
-0.355000 0.343975
-0.354000 0.343184
-0.353000 0.342391
-0.352000 0.341596
-0.351000 0.340799
-0.350000 0.340000
-0.349000 0.339199
-0.348000 0.338396
-0.347000 0.337591
-0.346000 0.336784
-0.345000 0.335975
-0.344000 0.335164
-0.343000 0.334351
-0.342000 0.333536
-0.341000 0.332719
-0.340000 0.331900
-0.339000 0.331079
-0.338000 0.330256
-0.337000 0.329431
-0.336000 0.328604
-0.335000 0.327775
-0.334000 0.326944
-0.333000 0.326111
-0.332000 0.325276
-0.331000 0.324439
-0.330000 0.323600
-0.329000 0.322759
-0.328000 0.321916
-0.327000 0.321071
-0.326000 0.320224
-0.325000 0.319375
-0.324000 0.318524
-0.323000 0.317671
-0.322000 0.316816
-0.321000 0.315959
-0.320000 0.315100
-0.319000 0.314239
-0.318000 0.313376
-0.317000 0.312511
-0.316000 0.311644
-0.315000 0.310775
-0.314000 0.309904
-0.313000 0.309031
-0.312000 0.308156
-0.311000 0.307279
-0.310000 0.306400
-0.309000 0.305519
-0.308000 0.304636
-0.307000 0.303751
-0.306000 0.302864
-0.305000 0.301975
-0.304000 0.301084
-0.303000 0.300191
-0.302000 0.299296
-0.301000 0.298399
-0.300000 0.297500
-0.299000 0.296599
-0.298000 0.295696
-0.297000 0.294791
-0.296000 0.293884
-0.295000 0.292975
-0.294000 0.292064
-0.293000 0.291151
-0.292000 0.290236
-0.291000 0.289319
-0.290000 0.288400
-0.289000 0.287479
-0.288000 0.286556
-0.287000 0.285631
-0.286000 0.284704
-0.285000 0.283775
-0.284000 0.282844
-0.283000 0.281911
-0.282000 0.280976
-0.281000 0.280039
-0.280000 0.279100
-0.279000 0.278159
-0.278000 0.277216
-0.277000 0.276271
-0.276000 0.275324
-0.275000 0.274375
-0.274000 0.273424
-0.273000 0.272471
-0.272000 0.271516
-0.271000 0.270559
-0.270000 0.269600
-0.269000 0.268639
-0.268000 0.267676
-0.267000 0.266711
-0.266000 0.265744
-0.265000 0.264775
-0.264000 0.263804
-0.263000 0.262831
-0.262000 0.261856
-0.261000 0.260879
-0.260000 0.259900
-0.259000 0.258919
-0.258000 0.257936
-0.257000 0.256951
-0.256000 0.255964
-0.255000 0.254975
-0.254000 0.253984
-0.253000 0.252991
-0.252000 0.251996
-0.251000 0.250999
-0.250000 0.250000
-0.249000 0.249001
-0.248000 0.248004
-0.247000 0.247009
-0.246000 0.246016
-0.245000 0.245025
-0.244000 0.244036
-0.243000 0.243049
-0.242000 0.242064
-0.241000 0.241081
-0.240000 0.240100
-0.239000 0.239121
-0.238000 0.238144
-0.237000 0.237169
-0.236000 0.236196
-0.235000 0.235225
-0.234000 0.234256
-0.233000 0.233289
-0.232000 0.232324
-0.231000 0.231361
-0.230000 0.230400
-0.229000 0.229441
-0.228000 0.228484
-0.227000 0.227529
-0.226000 0.226576
-0.225000 0.225625
-0.224000 0.224676
-0.223000 0.223729
-0.222000 0.222784
-0.221000 0.221841
-0.220000 0.220900
-0.219000 0.219961
-0.218000 0.219024
-0.217000 0.218089
-0.216000 0.217156
-0.215000 0.216225
-0.214000 0.215296
-0.213000 0.214369
-0.212000 0.213444
-0.211000 0.212521
-0.210000 0.211600
-0.209000 0.210681
-0.208000 0.209764
-0.207000 0.208849
-0.206000 0.207936
-0.205000 0.207025
-0.204000 0.206116
-0.203000 0.205209
-0.202000 0.204304
-0.201000 0.203401
-0.200000 0.202500
-0.199000 0.201601
-0.198000 0.200704
-0.197000 0.199809
-0.196000 0.198916
-0.195000 0.198025
-0.194000 0.197136
-0.193000 0.196249
-0.192000 0.195364
-0.191000 0.194481
-0.190000 0.193600
-0.189000 0.192721
-0.188000 0.191844
-0.187000 0.190969
-0.186000 0.190096
-0.185000 0.189225
-0.184000 0.188356
-0.183000 0.187489
-0.182000 0.186624
-0.181000 0.185761
-0.180000 0.184900
-0.179000 0.184041
-0.178000 0.183184
-0.177000 0.182329
-0.176000 0.181476
-0.175000 0.180625
-0.174000 0.179776
-0.173000 0.178929
-0.172000 0.178084
-0.171000 0.177241
-0.170000 0.176400
-0.169000 0.175561
-0.168000 0.174724
-0.167000 0.173889
-0.166000 0.173056
-0.165000 0.172225
-0.164000 0.171396
-0.163000 0.170569
-0.162000 0.169744
-0.161000 0.168921
-0.160000 0.168100
-0.159000 0.167281
-0.158000 0.166464
-0.157000 0.165649
-0.156000 0.164836
-0.155000 0.164025
-0.154000 0.163216
-0.153000 0.162409
-0.152000 0.161604
-0.151000 0.160801
-0.150000 0.160000
-0.149000 0.159201
-0.148000 0.158404
-0.147000 0.157609
-0.146000 0.156816
-0.145000 0.156025
-0.144000 0.155236
-0.143000 0.154449
-0.142000 0.153664
-0.141000 0.152881
-0.140000 0.152100
-0.139000 0.151321
-0.138000 0.150544
-0.137000 0.149769
-0.136000 0.148996
-0.135000 0.148225
-0.134000 0.147456
-0.133000 0.146689
-0.132000 0.145924
-0.131000 0.145161
-0.130000 0.144400
-0.129000 0.143641
-0.128000 0.142884
-0.127000 0.142129
-0.126000 0.141376
-0.125000 0.140625
-0.124000 0.139876
-0.123000 0.139129
-0.122000 0.138384
-0.121000 0.137641
-0.120000 0.136900
-0.119000 0.136161
-0.118000 0.135424
-0.117000 0.134689
-0.116000 0.133956
-0.115000 0.133225
-0.114000 0.132496
-0.113000 0.131769
-0.112000 0.131044
-0.111000 0.130321
-0.110000 0.129600
-0.109000 0.128881
-0.108000 0.128164
-0.107000 0.127449
-0.106000 0.126736
-0.105000 0.126025
-0.104000 0.125316
-0.103000 0.124609
-0.102000 0.123904
-0.101000 0.123201
-0.100000 0.122500
-0.099000 0.121801
-0.098000 0.121104
-0.097000 0.120409
-0.096000 0.119716
-0.095000 0.119025
-0.094000 0.118336
-0.093000 0.117649
-0.092000 0.116964
-0.091000 0.116281
-0.090000 0.115600
-0.089000 0.114921
-0.088000 0.114244
-0.087000 0.113569
-0.086000 0.112896
-0.085000 0.112225
-0.084000 0.111556
-0.083000 0.110889
-0.082000 0.110224
-0.081000 0.109561
-0.080000 0.108900
-0.079000 0.108241
-0.078000 0.107584
-0.077000 0.106929
-0.076000 0.106276
-0.075000 0.105625
-0.074000 0.104976
-0.073000 0.104329
-0.072000 0.103684
-0.071000 0.103041
-0.070000 0.102400
-0.069000 0.101761
-0.068000 0.101124
-0.067000 0.100489
-0.066000 0.099856
-0.065000 0.099225
-0.064000 0.098596
-0.063000 0.097969
-0.062000 0.097344
-0.061000 0.096721
-0.060000 0.096100
-0.059000 0.095481
-0.058000 0.094864
-0.057000 0.094249
-0.056000 0.093636
-0.055000 0.093025
-0.054000 0.092416
-0.053000 0.091809
-0.052000 0.091204
-0.051000 0.090601
-0.050000 0.090000
-0.049000 0.089401
-0.048000 0.088804
-0.047000 0.088209
-0.046000 0.087616
-0.045000 0.087025
-0.044000 0.086436
-0.043000 0.085849
-0.042000 0.085264
-0.041000 0.084681
-0.040000 0.084100
-0.039000 0.083521
-0.038000 0.082944
-0.037000 0.082369
-0.036000 0.081796
-0.035000 0.081225
-0.034000 0.080656
-0.033000 0.080089
-0.032000 0.079524
-0.031000 0.078961
-0.030000 0.078400
-0.029000 0.077841
-0.028000 0.077284
-0.027000 0.076729
-0.026000 0.076176
-0.025000 0.075625
-0.024000 0.075076
-0.023000 0.074529
-0.022000 0.073984
-0.021000 0.073441
-0.020000 0.072900
-0.019000 0.072361
-0.018000 0.071824
-0.017000 0.071289
-0.016000 0.070756
-0.015000 0.070225
-0.014000 0.069696
-0.013000 0.069169
-0.012000 0.068644
-0.011000 0.068121
-0.010000 0.067600
-0.009000 0.067081
-0.008000 0.066564
-0.007000 0.066049
-0.006000 0.065536
-0.005000 0.065025
-0.004000 0.064516
-0.003000 0.064009
-0.002000 0.063504
-0.001000 0.063001
0.000000 0.062500
0.001000 0.062001
0.002000 0.061504
0.003000 0.061009
0.004000 0.060516
0.005000 0.060025
0.006000 0.059536
0.007000 0.059049
0.008000 0.058564
0.009000 0.058081
0.010000 0.057600
0.011000 0.057121
0.012000 0.056644
0.013000 0.056169
0.014000 0.055696
0.015000 0.055225
0.016000 0.054756
0.017000 0.054289
0.018000 0.053824
0.019000 0.053361
0.020000 0.052900
0.021000 0.052441
0.022000 0.051984
0.023000 0.051529
0.024000 0.051076
0.025000 0.050625
0.026000 0.050176
0.027000 0.049729
0.028000 0.049284
0.029000 0.048841
0.030000 0.048400
0.031000 0.047961
0.032000 0.047524
0.033000 0.047089
0.034000 0.046656
0.035000 0.046225
0.036000 0.045796
0.037000 0.045369
0.038000 0.044944
0.039000 0.044521
0.040000 0.044100
0.041000 0.043681
0.042000 0.043264
0.043000 0.042849
0.044000 0.042436
0.045000 0.042025
0.046000 0.041616
0.047000 0.041209
0.048000 0.040804
0.049000 0.040401
0.050000 0.040000
0.051000 0.039601
0.052000 0.039204
0.053000 0.038809
0.054000 0.038416
0.055000 0.038025
0.056000 0.037636
0.057000 0.037249
0.058000 0.036864
0.059000 0.036481
0.060000 0.036100
0.061000 0.035721
0.062000 0.035344
0.063000 0.034969
0.064000 0.034596
0.065000 0.034225
0.066000 0.033856
0.067000 0.033489
0.068000 0.033124
0.069000 0.032761
0.070000 0.032400
0.071000 0.032041
0.072000 0.031684
0.073000 0.031329
0.074000 0.030976
0.075000 0.030625
0.076000 0.030276
0.077000 0.029929
0.078000 0.029584
0.079000 0.029241
0.080000 0.028900
0.081000 0.028561
0.082000 0.028224
0.083000 0.027889
0.084000 0.027556
0.085000 0.027225
0.086000 0.026896
0.087000 0.026569
0.088000 0.026244
0.089000 0.025921
0.090000 0.025600
0.091000 0.025281
0.092000 0.024964
0.093000 0.024649
0.094000 0.024336
0.095000 0.024025
0.096000 0.023716
0.097000 0.023409
0.098000 0.023104
0.099000 0.022801
0.100000 0.022500
0.101000 0.022201
0.102000 0.021904
0.103000 0.021609
0.104000 0.021316
0.105000 0.021025
0.106000 0.020736
0.107000 0.020449
0.108000 0.020164
0.109000 0.019881
0.110000 0.019600
0.111000 0.019321
0.112000 0.019044
0.113000 0.018769
0.114000 0.018496
0.115000 0.018225
0.116000 0.017956
0.117000 0.017689
0.118000 0.017424
0.119000 0.017161
0.120000 0.016900
0.121000 0.016641
0.122000 0.016384
0.123000 0.016129
0.124000 0.015876
0.125000 0.015625
0.126000 0.015376
0.127000 0.015129
0.128000 0.014884
0.129000 0.014641
0.130000 0.014400
0.131000 0.014161
0.132000 0.013924
0.133000 0.013689
0.134000 0.013456
0.135000 0.013225
0.136000 0.012996
0.137000 0.012769
0.138000 0.012544
0.139000 0.012321
0.140000 0.012100
0.141000 0.011881
0.142000 0.011664
0.143000 0.011449
0.144000 0.011236
0.145000 0.011025
0.146000 0.010816
0.147000 0.010609
0.148000 0.010404
0.149000 0.010201
0.150000 0.010000
0.151000 0.009801
0.152000 0.009604
0.153000 0.009409
0.154000 0.009216
0.155000 0.009025
0.156000 0.008836
0.157000 0.008649
0.158000 0.008464
0.159000 0.008281
0.160000 0.008100
0.161000 0.007921
0.162000 0.007744
0.163000 0.007569
0.164000 0.007396
0.165000 0.007225
0.166000 0.007056
0.167000 0.006889
0.168000 0.006724
0.169000 0.006561
0.170000 0.006400
0.171000 0.006241
0.172000 0.006084
0.173000 0.005929
0.174000 0.005776
0.175000 0.005625
0.176000 0.005476
0.177000 0.005329
0.178000 0.005184
0.179000 0.005041
0.180000 0.004900
0.181000 0.004761
0.182000 0.004624
0.183000 0.004489
0.184000 0.004356
0.185000 0.004225
0.186000 0.004096
0.187000 0.003969
0.188000 0.003844
0.189000 0.003721
0.190000 0.003600
0.191000 0.003481
0.192000 0.003364
0.193000 0.003249
0.194000 0.003136
0.195000 0.003025
0.196000 0.002916
0.197000 0.002809
0.198000 0.002704
0.199000 0.002601
0.200000 0.002500
0.201000 0.002401
0.202000 0.002304
0.203000 0.002209
0.204000 0.002116
0.205000 0.002025
0.206000 0.001936
0.207000 0.001849
0.208000 0.001764
0.209000 0.001681
0.210000 0.001600
0.211000 0.001521
0.212000 0.001444
0.213000 0.001369
0.214000 0.001296
0.215000 0.001225
0.216000 0.001156
0.217000 0.001089
0.218000 0.001024
0.219000 0.000961
0.220000 0.000900
0.221000 0.000841
0.222000 0.000784
0.223000 0.000729
0.224000 0.000676
0.225000 0.000625
0.226000 0.000576
0.227000 0.000529
0.228000 0.000484
0.229000 0.000441
0.230000 0.000400
0.231000 0.000361
0.232000 0.000324
0.233000 0.000289
0.234000 0.000256
0.235000 0.000225
0.236000 0.000196
0.237000 0.000169
0.238000 0.000144
0.239000 0.000121
0.240000 0.000100
0.241000 0.000081
0.242000 0.000064
0.243000 0.000049
0.244000 0.000036
0.245000 0.000025
0.246000 0.000016
0.247000 0.000009
0.248000 0.000004
0.249000 0.000001
0.250000 0.000000
0.251000 0.000001
0.252000 0.000004
0.253000 0.000009
0.254000 0.000016
0.255000 0.000025
0.256000 0.000036
0.257000 0.000049
0.258000 0.000064
0.259000 0.000081
0.260000 0.000100
0.261000 0.000121
0.262000 0.000144
0.263000 0.000169
0.264000 0.000196
0.265000 0.000225
0.266000 0.000256
0.267000 0.000289
0.268000 0.000324
0.269000 0.000361
0.270000 0.000400
0.271000 0.000441
0.272000 0.000484
0.273000 0.000529
0.274000 0.000576
0.275000 0.000625
0.276000 0.000676
0.277000 0.000729
0.278000 0.000784
0.279000 0.000841
0.280000 0.000900
0.281000 0.000961
0.282000 0.001024
0.283000 0.001089
0.284000 0.001156
0.285000 0.001225
0.286000 0.001296
0.287000 0.001369
0.288000 0.001444
0.289000 0.001521
0.290000 0.001600
0.291000 0.001681
0.292000 0.001764
0.293000 0.001849
0.294000 0.001936
0.295000 0.002025
0.296000 0.002116
0.297000 0.002209
0.298000 0.002304
0.299000 0.002401
0.300000 0.002500
0.301000 0.002601
0.302000 0.002704
0.303000 0.002809
0.304000 0.002916
0.305000 0.003025
0.306000 0.003136
0.307000 0.003249
0.308000 0.003364
0.309000 0.003481
0.310000 0.003600
0.311000 0.003721
0.312000 0.003844
0.313000 0.003844
0.314000 0.003721
0.315000 0.003600
0.316000 0.003481
0.317000 0.003364
0.318000 0.003249
0.319000 0.003136
0.320000 0.003025
0.321000 0.002916
0.322000 0.002809
0.323000 0.002704
0.324000 0.002601
0.325000 0.002500
0.326000 0.002401
0.327000 0.002304
0.328000 0.002209
0.329000 0.002116
0.330000 0.002025
0.331000 0.001936
0.332000 0.001849
0.333000 0.001764
0.334000 0.001681
0.335000 0.001600
0.336000 0.001521
0.337000 0.001444
0.338000 0.001369
0.339000 0.001296
0.340000 0.001225
0.341000 0.001156
0.342000 0.001089
0.343000 0.001024
0.344000 0.000961
0.345000 0.000900
0.346000 0.000841
0.347000 0.000784
0.348000 0.000729
0.349000 0.000676
0.350000 0.000625
0.351000 0.000576
0.352000 0.000529
0.353000 0.000484
0.354000 0.000441
0.355000 0.000400
0.356000 0.000361
0.357000 0.000324
0.358000 0.000289
0.359000 0.000256
0.360000 0.000225
0.361000 0.000196
0.362000 0.000169
0.363000 0.000144
0.364000 0.000121
0.365000 0.000100
0.366000 0.000081
0.367000 0.000064
0.368000 0.000049
0.369000 0.000036
0.370000 0.000025
0.371000 0.000016
0.372000 0.000009
0.373000 0.000004
0.374000 0.000001
0.375000 0.000000
0.376000 0.000001
0.377000 0.000004
0.378000 0.000009
0.379000 0.000016
0.380000 0.000025
0.381000 0.000036
0.382000 0.000049
0.383000 0.000064
0.384000 0.000081
0.385000 0.000100
0.386000 0.000121
0.387000 0.000144
0.388000 0.000169
0.389000 0.000196
0.390000 0.000225
0.391000 0.000256
0.392000 0.000289
0.393000 0.000324
0.394000 0.000361
0.395000 0.000400
0.396000 0.000441
0.397000 0.000484
0.398000 0.000529
0.399000 0.000576
0.400000 0.000625
0.401000 0.000676
0.402000 0.000729
0.403000 0.000784
0.404000 0.000841
0.405000 0.000900
0.406000 0.000961
0.407000 0.001024
0.408000 0.001089
0.409000 0.001156
0.410000 0.001225
0.411000 0.001296
0.412000 0.001369
0.413000 0.001444
0.414000 0.001521
0.415000 0.001600
0.416000 0.001681
0.417000 0.001764
0.418000 0.001849
0.419000 0.001936
0.420000 0.002025
0.421000 0.002116
0.422000 0.002209
0.423000 0.002304
0.424000 0.002401
0.425000 0.002500
0.426000 0.002601
0.427000 0.002704
0.428000 0.002809
0.429000 0.002916
0.430000 0.003025
0.431000 0.003136
0.432000 0.003249
0.433000 0.003364
0.434000 0.003481
0.435000 0.003600
0.436000 0.003721
0.437000 0.003844
0.438000 0.003844
0.439000 0.003721
0.440000 0.003600
0.441000 0.003481
0.442000 0.003364
0.443000 0.003249
0.444000 0.003136
0.445000 0.003025
0.446000 0.002916
0.447000 0.002809
0.448000 0.002704
0.449000 0.002601
0.450000 0.002500
0.451000 0.002401
0.452000 0.002304
0.453000 0.002209
0.454000 0.002116
0.455000 0.002025
0.456000 0.001936
0.457000 0.001849
0.458000 0.001764
0.459000 0.001681
0.460000 0.001600
0.461000 0.001521
0.462000 0.001444
0.463000 0.001369
0.464000 0.001296
0.465000 0.001225
0.466000 0.001156
0.467000 0.001089
0.468000 0.001024
0.469000 0.000961
0.470000 0.000900
0.471000 0.000841
0.472000 0.000784
0.473000 0.000729
0.474000 0.000676
0.475000 0.000625
0.476000 0.000576
0.477000 0.000529
0.478000 0.000484
0.479000 0.000441
0.480000 0.000400
0.481000 0.000361
0.482000 0.000324
0.483000 0.000289
0.484000 0.000256
0.485000 0.000225
0.486000 0.000196
0.487000 0.000169
0.488000 0.000144
0.489000 0.000121
0.490000 0.000100
0.491000 0.000081
0.492000 0.000064
0.493000 0.000049
0.494000 0.000036
0.495000 0.000025
0.496000 0.000016
0.497000 0.000009
0.498000 0.000004
0.499000 0.000001
0.500000 0.000000
0.501000 0.000001
0.502000 0.000004
0.503000 0.000009
0.504000 0.000016
0.505000 0.000025
0.506000 0.000036
0.507000 0.000049
0.508000 0.000064
0.509000 0.000081
0.510000 0.000100
0.511000 0.000121
0.512000 0.000144
0.513000 0.000169
0.514000 0.000196
0.515000 0.000225
0.516000 0.000256
0.517000 0.000289
0.518000 0.000324
0.519000 0.000361
0.520000 0.000400
0.521000 0.000441
0.522000 0.000484
0.523000 0.000529
0.524000 0.000576
0.525000 0.000625
0.526000 0.000676
0.527000 0.000729
0.528000 0.000784
0.529000 0.000841
0.530000 0.000900
0.531000 0.000961
0.532000 0.001024
0.533000 0.001089
0.534000 0.001156
0.535000 0.001225
0.536000 0.001296
0.537000 0.001369
0.538000 0.001444
0.539000 0.001521
0.540000 0.001600
0.541000 0.001681
0.542000 0.001764
0.543000 0.001849
0.544000 0.001936
0.545000 0.002025
0.546000 0.002116
0.547000 0.002209
0.548000 0.002304
0.549000 0.002401
0.550000 0.002500
0.551000 0.002601
0.552000 0.002704
0.553000 0.002809
0.554000 0.002916
0.555000 0.003025
0.556000 0.003136
0.557000 0.003249
0.558000 0.003364
0.559000 0.003481
0.560000 0.003600
0.561000 0.003721
0.562000 0.003844
0.563000 0.003844
0.564000 0.003721
0.565000 0.003600
0.566000 0.003481
0.567000 0.003364
0.568000 0.003249
0.569000 0.003136
0.570000 0.003025
0.571000 0.002916
0.572000 0.002809
0.573000 0.002704
0.574000 0.002601
0.575000 0.002500
0.576000 0.002401
0.577000 0.002304
0.578000 0.002209
0.579000 0.002116
0.580000 0.002025
0.581000 0.001936
0.582000 0.001849
0.583000 0.001764
0.584000 0.001681
0.585000 0.001600
0.586000 0.001521
0.587000 0.001444
0.588000 0.001369
0.589000 0.001296
0.590000 0.001225
0.591000 0.001156
0.592000 0.001089
0.593000 0.001024
0.594000 0.000961
0.595000 0.000900
0.596000 0.000841
0.597000 0.000784
0.598000 0.000729
0.599000 0.000676
0.600000 0.000625
0.601000 0.000576
0.602000 0.000529
0.603000 0.000484
0.604000 0.000441
0.605000 0.000400
0.606000 0.000361
0.607000 0.000324
0.608000 0.000289
0.609000 0.000256
0.610000 0.000225
0.611000 0.000196
0.612000 0.000169
0.613000 0.000144
0.614000 0.000121
0.615000 0.000100
0.616000 0.000081
0.617000 0.000064
0.618000 0.000049
0.619000 0.000036
0.620000 0.000025
0.621000 0.000016
0.622000 0.000009
0.623000 0.000004
0.624000 0.000001
0.625000 0.000000
0.626000 0.000001
0.627000 0.000004
0.628000 0.000009
0.629000 0.000016
0.630000 0.000025
0.631000 0.000036
0.632000 0.000049
0.633000 0.000064
0.634000 0.000081
0.635000 0.000100
0.636000 0.000121
0.637000 0.000144
0.638000 0.000169
0.639000 0.000196
0.640000 0.000225
0.641000 0.000256
0.642000 0.000289
0.643000 0.000324
0.644000 0.000361
0.645000 0.000400
0.646000 0.000441
0.647000 0.000484
0.648000 0.000529
0.649000 0.000576
0.650000 0.000625
0.651000 0.000676
0.652000 0.000729
0.653000 0.000784
0.654000 0.000841
0.655000 0.000900
0.656000 0.000961
0.657000 0.001024
0.658000 0.001089
0.659000 0.001156
0.660000 0.001225
0.661000 0.001296
0.662000 0.001369
0.663000 0.001444
0.664000 0.001521
0.665000 0.001600
0.666000 0.001681
0.667000 0.001764
0.668000 0.001849
0.669000 0.001936
0.670000 0.002025
0.671000 0.002116
0.672000 0.002209
0.673000 0.002304
0.674000 0.002401
0.675000 0.002500
0.676000 0.002601
0.677000 0.002704
0.678000 0.002809
0.679000 0.002916
0.680000 0.003025
0.681000 0.003136
0.682000 0.003249
0.683000 0.003364
0.684000 0.003481
0.685000 0.003600
0.686000 0.003721
0.687000 0.003844
0.688000 0.003844
0.689000 0.003721
0.690000 0.003600
0.691000 0.003481
0.692000 0.003364
0.693000 0.003249
0.694000 0.003136
0.695000 0.003025
0.696000 0.002916
0.697000 0.002809
0.698000 0.002704
0.699000 0.002601
0.700000 0.002500
0.701000 0.002401
0.702000 0.002304
0.703000 0.002209
0.704000 0.002116
0.705000 0.002025
0.706000 0.001936
0.707000 0.001849
0.708000 0.001764
0.709000 0.001681
0.710000 0.001600
0.711000 0.001521
0.712000 0.001444
0.713000 0.001369
0.714000 0.001296
0.715000 0.001225
0.716000 0.001156
0.717000 0.001089
0.718000 0.001024
0.719000 0.000961
0.720000 0.000900
0.721000 0.000841
0.722000 0.000784
0.723000 0.000729
0.724000 0.000676
0.725000 0.000625
0.726000 0.000576
0.727000 0.000529
0.728000 0.000484
0.729000 0.000441
0.730000 0.000400
0.731000 0.000361
0.732000 0.000324
0.733000 0.000289
0.734000 0.000256
0.735000 0.000225
0.736000 0.000196
0.737000 0.000169
0.738000 0.000144
0.739000 0.000121
0.740000 0.000100
0.741000 0.000081
0.742000 0.000064
0.743000 0.000049
0.744000 0.000036
0.745000 0.000025
0.746000 0.000016
0.747000 0.000009
0.748000 0.000004
0.749000 0.000001
0.749000 -0.250999
0.748000 -0.251996
0.747000 -0.252991
0.746000 -0.253984
0.745000 -0.254975
0.744000 -0.255964
0.743000 -0.256951
0.742000 -0.257936
0.741000 -0.258919
0.740000 -0.259900
0.739000 -0.260879
0.738000 -0.261856
0.737000 -0.262831
0.736000 -0.263804
0.735000 -0.264775
0.734000 -0.265744
0.733000 -0.266711
0.732000 -0.267676
0.731000 -0.268639
0.730000 -0.269600
0.729000 -0.270559
0.728000 -0.271516
0.727000 -0.272471
0.726000 -0.273424
0.725000 -0.274375
0.724000 -0.275324
0.723000 -0.276271
0.722000 -0.277216
0.721000 -0.278159
0.720000 -0.279100
0.719000 -0.280039
0.718000 -0.280976
0.717000 -0.281911
0.716000 -0.282844
0.715000 -0.283775
0.714000 -0.284704
0.713000 -0.285631
0.712000 -0.286556
0.711000 -0.287479
0.710000 -0.288400
0.709000 -0.289319
0.708000 -0.290236
0.707000 -0.291151
0.706000 -0.292064
0.705000 -0.292975
0.704000 -0.293884
0.703000 -0.294791
0.702000 -0.295696
0.701000 -0.296599
0.700000 -0.297500
0.699000 -0.298399
0.698000 -0.299296
0.697000 -0.300191
0.696000 -0.301084
0.695000 -0.301975
0.694000 -0.302864
0.693000 -0.303751
0.692000 -0.304636
0.691000 -0.305519
0.690000 -0.306400
0.689000 -0.307279
0.688000 -0.308156
0.687000 -0.309031
0.686000 -0.309904
0.685000 -0.310775
0.684000 -0.311644
0.683000 -0.312511
0.682000 -0.313376
0.681000 -0.314239
0.680000 -0.315100
0.679000 -0.315959
0.678000 -0.316816
0.677000 -0.317671
0.676000 -0.318524
0.675000 -0.319375
0.674000 -0.320224
0.673000 -0.321071
0.672000 -0.321916
0.671000 -0.322759
0.670000 -0.323600
0.669000 -0.324439
0.668000 -0.325276
0.667000 -0.326111
0.666000 -0.326944
0.665000 -0.327775
0.664000 -0.328604
0.663000 -0.329431
0.662000 -0.330256
0.661000 -0.331079
0.660000 -0.331900
0.659000 -0.332719
0.658000 -0.333536
0.657000 -0.334351
0.656000 -0.335164
0.655000 -0.335975
0.654000 -0.336784
0.653000 -0.337591
0.652000 -0.338396
0.651000 -0.339199
0.650000 -0.340000
0.649000 -0.340799
0.648000 -0.341596
0.647000 -0.342391
0.646000 -0.343184
0.645000 -0.343975
0.644000 -0.344764
0.643000 -0.345551
0.642000 -0.346336
0.641000 -0.347119
0.640000 -0.347900
0.639000 -0.348679
0.638000 -0.349456
0.637000 -0.350231
0.636000 -0.351004
0.635000 -0.351775
0.634000 -0.352544
0.633000 -0.353311
0.632000 -0.354076
0.631000 -0.354839
0.630000 -0.355600
0.629000 -0.356359
0.628000 -0.357116
0.627000 -0.357871
0.626000 -0.358624
0.625000 -0.359375
0.624000 -0.360124
0.623000 -0.360871
0.622000 -0.361616
0.621000 -0.362359
0.620000 -0.363100
0.619000 -0.363839
0.618000 -0.364576
0.617000 -0.365311
0.616000 -0.366044
0.615000 -0.366775
0.614000 -0.367504
0.613000 -0.368231
0.612000 -0.368956
0.611000 -0.369679
0.610000 -0.370400
0.609000 -0.371119
0.608000 -0.371836
0.607000 -0.372551
0.606000 -0.373264
0.605000 -0.373975
0.604000 -0.374684
0.603000 -0.375391
0.602000 -0.376096
0.601000 -0.376799
0.600000 -0.377500
0.599000 -0.378199
0.598000 -0.378896
0.597000 -0.379591
0.596000 -0.380284
0.595000 -0.380975
0.594000 -0.381664
0.593000 -0.382351
0.592000 -0.383036
0.591000 -0.383719
0.590000 -0.384400
0.589000 -0.385079
0.588000 -0.385756
0.587000 -0.386431
0.586000 -0.387104
0.585000 -0.387775
0.584000 -0.388444
0.583000 -0.389111
0.582000 -0.389776
0.581000 -0.390439
0.580000 -0.391100
0.579000 -0.391759
0.578000 -0.392416
0.577000 -0.393071
0.576000 -0.393724
0.575000 -0.394375
0.574000 -0.395024
0.573000 -0.395671
0.572000 -0.396316
0.571000 -0.396959
0.570000 -0.397600
0.569000 -0.398239
0.568000 -0.398876
0.567000 -0.399511
0.566000 -0.400144
0.565000 -0.400775
0.564000 -0.401404
0.563000 -0.402031
0.562000 -0.402656
0.561000 -0.403279
0.560000 -0.403900
0.559000 -0.404519
0.558000 -0.405136
0.557000 -0.405751
0.556000 -0.406364
0.555000 -0.406975
0.554000 -0.407584
0.553000 -0.408191
0.552000 -0.408796
0.551000 -0.409399
0.550000 -0.410000
0.549000 -0.410599
0.548000 -0.411196
0.547000 -0.411791
0.546000 -0.412384
0.545000 -0.412975
0.544000 -0.413564
0.543000 -0.414151
0.542000 -0.414736
0.541000 -0.415319
0.540000 -0.415900
0.539000 -0.416479
0.538000 -0.417056
0.537000 -0.417631
0.536000 -0.418204
0.535000 -0.418775
0.534000 -0.419344
0.533000 -0.419911
0.532000 -0.420476
0.531000 -0.421039
0.530000 -0.421600
0.529000 -0.422159
0.528000 -0.422716
0.527000 -0.423271
0.526000 -0.423824
0.525000 -0.424375
0.524000 -0.424924
0.523000 -0.425471
0.522000 -0.426016
0.521000 -0.426559
0.520000 -0.427100
0.519000 -0.427639
0.518000 -0.428176
0.517000 -0.428711
0.516000 -0.429244
0.515000 -0.429775
0.514000 -0.430304
0.513000 -0.430831
0.512000 -0.431356
0.511000 -0.431879
0.510000 -0.432400
0.509000 -0.432919
0.508000 -0.433436
0.507000 -0.433951
0.506000 -0.434464
0.505000 -0.434975
0.504000 -0.435484
0.503000 -0.435991
0.502000 -0.436496
0.501000 -0.436999
0.500000 -0.437500
0.499000 -0.436999
0.498000 -0.436496
0.497000 -0.435991
0.496000 -0.435484
0.495000 -0.434975
0.494000 -0.434464
0.493000 -0.433951
0.492000 -0.433436
0.491000 -0.432919
0.490000 -0.432400
0.489000 -0.431879
0.488000 -0.431356
0.487000 -0.430831
0.486000 -0.430304
0.485000 -0.429775
0.484000 -0.429244
0.483000 -0.428711
0.482000 -0.428176
0.481000 -0.427639
0.480000 -0.427100
0.479000 -0.426559
0.478000 -0.426016
0.477000 -0.425471
0.476000 -0.424924
0.475000 -0.424375
0.474000 -0.423824
0.473000 -0.423271
0.472000 -0.422716
0.471000 -0.422159
0.470000 -0.421600
0.469000 -0.421039
0.468000 -0.420476
0.467000 -0.419911
0.466000 -0.419344
0.465000 -0.418775
0.464000 -0.418204
0.463000 -0.417631
0.462000 -0.417056
0.461000 -0.416479
0.460000 -0.415900
0.459000 -0.415319
0.458000 -0.414736
0.457000 -0.414151
0.456000 -0.413564
0.455000 -0.412975
0.454000 -0.412384
0.453000 -0.411791
0.452000 -0.411196
0.451000 -0.410599
0.450000 -0.410000
0.449000 -0.409399
0.448000 -0.408796
0.447000 -0.408191
0.446000 -0.407584
0.445000 -0.406975
0.444000 -0.406364
0.443000 -0.405751
0.442000 -0.405136
0.441000 -0.404519
0.440000 -0.403900
0.439000 -0.403279
0.438000 -0.402656
0.437000 -0.402031
0.436000 -0.401404
0.435000 -0.400775
0.434000 -0.400144
0.433000 -0.399511
0.432000 -0.398876
0.431000 -0.398239
0.430000 -0.397600
0.429000 -0.396959
0.428000 -0.396316
0.427000 -0.395671
0.426000 -0.395024
0.425000 -0.394375
0.424000 -0.393724
0.423000 -0.393071
0.422000 -0.392416
0.421000 -0.391759
0.420000 -0.391100
0.419000 -0.390439
0.418000 -0.389776
0.417000 -0.389111
0.416000 -0.388444
0.415000 -0.387775
0.414000 -0.387104
0.413000 -0.386431
0.412000 -0.385756
0.411000 -0.385079
0.410000 -0.384400
0.409000 -0.383719
0.408000 -0.383036
0.407000 -0.382351
0.406000 -0.381664
0.405000 -0.380975
0.404000 -0.380284
0.403000 -0.379591
0.402000 -0.378896
0.401000 -0.378199
0.400000 -0.377500
0.399000 -0.376799
0.398000 -0.376096
0.397000 -0.375391
0.396000 -0.374684
0.395000 -0.373975
0.394000 -0.373264
0.393000 -0.372551
0.392000 -0.371836
0.391000 -0.371119
0.390000 -0.370400
0.389000 -0.369679
0.388000 -0.368956
0.387000 -0.368231
0.386000 -0.367504
0.385000 -0.366775
0.384000 -0.366044
0.383000 -0.365311
0.382000 -0.364576
0.381000 -0.363839
0.380000 -0.363100
0.379000 -0.362359
0.378000 -0.361616
0.377000 -0.360871
0.376000 -0.360124
0.375000 -0.359375
0.374000 -0.358624
0.373000 -0.357871
0.372000 -0.357116
0.371000 -0.356359
0.370000 -0.355600
0.369000 -0.354839
0.368000 -0.354076
0.367000 -0.353311
0.366000 -0.352544
0.365000 -0.351775
0.364000 -0.351004
0.363000 -0.350231
0.362000 -0.349456
0.361000 -0.348679
0.360000 -0.347900
0.359000 -0.347119
0.358000 -0.346336
0.357000 -0.345551
0.356000 -0.344764
0.355000 -0.343975
0.354000 -0.343184
0.353000 -0.342391
0.352000 -0.341596
0.351000 -0.340799
0.350000 -0.340000
0.349000 -0.339199
0.348000 -0.338396
0.347000 -0.337591
0.346000 -0.336784
0.345000 -0.335975
0.344000 -0.335164
0.343000 -0.334351
0.342000 -0.333536
0.341000 -0.332719
0.340000 -0.331900
0.339000 -0.331079
0.338000 -0.330256
0.337000 -0.329431
0.336000 -0.328604
0.335000 -0.327775
0.334000 -0.326944
0.333000 -0.326111
0.332000 -0.325276
0.331000 -0.324439
0.330000 -0.323600
0.329000 -0.322759
0.328000 -0.321916
0.327000 -0.321071
0.326000 -0.320224
0.325000 -0.319375
0.324000 -0.318524
0.323000 -0.317671
0.322000 -0.316816
0.321000 -0.315959
0.320000 -0.315100
0.319000 -0.314239
0.318000 -0.313376
0.317000 -0.312511
0.316000 -0.311644
0.315000 -0.310775
0.314000 -0.309904
0.313000 -0.309031
0.312000 -0.308156
0.311000 -0.307279
0.310000 -0.306400
0.309000 -0.305519
0.308000 -0.304636
0.307000 -0.303751
0.306000 -0.302864
0.305000 -0.301975
0.304000 -0.301084
0.303000 -0.300191
0.302000 -0.299296
0.301000 -0.298399
0.300000 -0.297500
0.299000 -0.296599
0.298000 -0.295696
0.297000 -0.294791
0.296000 -0.293884
0.295000 -0.292975
0.294000 -0.292064
0.293000 -0.291151
0.292000 -0.290236
0.291000 -0.289319
0.290000 -0.288400
0.289000 -0.287479
0.288000 -0.286556
0.287000 -0.285631
0.286000 -0.284704
0.285000 -0.283775
0.284000 -0.282844
0.283000 -0.281911
0.282000 -0.280976
0.281000 -0.280039
0.280000 -0.279100
0.279000 -0.278159
0.278000 -0.277216
0.277000 -0.276271
0.276000 -0.275324
0.275000 -0.274375
0.274000 -0.273424
0.273000 -0.272471
0.272000 -0.271516
0.271000 -0.270559
0.270000 -0.269600
0.269000 -0.268639
0.268000 -0.267676
0.267000 -0.266711
0.266000 -0.265744
0.265000 -0.264775
0.264000 -0.263804
0.263000 -0.262831
0.262000 -0.261856
0.261000 -0.260879
0.260000 -0.259900
0.259000 -0.258919
0.258000 -0.257936
0.257000 -0.256951
0.256000 -0.255964
0.255000 -0.254975
0.254000 -0.253984
0.253000 -0.252991
0.252000 -0.251996
0.251000 -0.250999
0.250000 -0.250000
0.249000 -0.249001
0.248000 -0.248004
0.247000 -0.247009
0.246000 -0.246016
0.245000 -0.245025
0.244000 -0.244036
0.243000 -0.243049
0.242000 -0.242064
0.241000 -0.241081
0.240000 -0.240100
0.239000 -0.239121
0.238000 -0.238144
0.237000 -0.237169
0.236000 -0.236196
0.235000 -0.235225
0.234000 -0.234256
0.233000 -0.233289
0.232000 -0.232324
0.231000 -0.231361
0.230000 -0.230400
0.229000 -0.229441
0.228000 -0.228484
0.227000 -0.227529
0.226000 -0.226576
0.225000 -0.225625
0.224000 -0.224676
0.223000 -0.223729
0.222000 -0.222784
0.221000 -0.221841
0.220000 -0.220900
0.219000 -0.219961
0.218000 -0.219024
0.217000 -0.218089
0.216000 -0.217156
0.215000 -0.216225
0.214000 -0.215296
0.213000 -0.214369
0.212000 -0.213444
0.211000 -0.212521
0.210000 -0.211600
0.209000 -0.210681
0.208000 -0.209764
0.207000 -0.208849
0.206000 -0.207936
0.205000 -0.207025
0.204000 -0.206116
0.203000 -0.205209
0.202000 -0.204304
0.201000 -0.203401
0.200000 -0.202500
0.199000 -0.201601
0.198000 -0.200704
0.197000 -0.199809
0.196000 -0.198916
0.195000 -0.198025
0.194000 -0.197136
0.193000 -0.196249
0.192000 -0.195364
0.191000 -0.194481
0.190000 -0.193600
0.189000 -0.192721
0.188000 -0.191844
0.187000 -0.190969
0.186000 -0.190096
0.185000 -0.189225
0.184000 -0.188356
0.183000 -0.187489
0.182000 -0.186624
0.181000 -0.185761
0.180000 -0.184900
0.179000 -0.184041
0.178000 -0.183184
0.177000 -0.182329
0.176000 -0.181476
0.175000 -0.180625
0.174000 -0.179776
0.173000 -0.178929
0.172000 -0.178084
0.171000 -0.177241
0.170000 -0.176400
0.169000 -0.175561
0.168000 -0.174724
0.167000 -0.173889
0.166000 -0.173056
0.165000 -0.172225
0.164000 -0.171396
0.163000 -0.170569
0.162000 -0.169744
0.161000 -0.168921
0.160000 -0.168100
0.159000 -0.167281
0.158000 -0.166464
0.157000 -0.165649
0.156000 -0.164836
0.155000 -0.164025
0.154000 -0.163216
0.153000 -0.162409
0.152000 -0.161604
0.151000 -0.160801
0.150000 -0.160000
0.149000 -0.159201
0.148000 -0.158404
0.147000 -0.157609
0.146000 -0.156816
0.145000 -0.156025
0.144000 -0.155236
0.143000 -0.154449
0.142000 -0.153664
0.141000 -0.152881
0.140000 -0.152100
0.139000 -0.151321
0.138000 -0.150544
0.137000 -0.149769
0.136000 -0.148996
0.135000 -0.148225
0.134000 -0.147456
0.133000 -0.146689
0.132000 -0.145924
0.131000 -0.145161
0.130000 -0.144400
0.129000 -0.143641
0.128000 -0.142884
0.127000 -0.142129
0.126000 -0.141376
0.125000 -0.140625
0.124000 -0.139876
0.123000 -0.139129
0.122000 -0.138384
0.121000 -0.137641
0.120000 -0.136900
0.119000 -0.136161
0.118000 -0.135424
0.117000 -0.134689
0.116000 -0.133956
0.115000 -0.133225
0.114000 -0.132496
0.113000 -0.131769
0.112000 -0.131044
0.111000 -0.130321
0.110000 -0.129600
0.109000 -0.128881
0.108000 -0.128164
0.107000 -0.127449
0.106000 -0.126736
0.105000 -0.126025
0.104000 -0.125316
0.103000 -0.124609
0.102000 -0.123904
0.101000 -0.123201
0.100000 -0.122500
0.099000 -0.121801
0.098000 -0.121104
0.097000 -0.120409
0.096000 -0.119716
0.095000 -0.119025
0.094000 -0.118336
0.093000 -0.117649
0.092000 -0.116964
0.091000 -0.116281
0.090000 -0.115600
0.089000 -0.114921
0.088000 -0.114244
0.087000 -0.113569
0.086000 -0.112896
0.085000 -0.112225
0.084000 -0.111556
0.083000 -0.110889
0.082000 -0.110224
0.081000 -0.109561
0.080000 -0.108900
0.079000 -0.108241
0.078000 -0.107584
0.077000 -0.106929
0.076000 -0.106276
0.075000 -0.105625
0.074000 -0.104976
0.073000 -0.104329
0.072000 -0.103684
0.071000 -0.103041
0.070000 -0.102400
0.069000 -0.101761
0.068000 -0.101124
0.067000 -0.100489
0.066000 -0.099856
0.065000 -0.099225
0.064000 -0.098596
0.063000 -0.097969
0.062000 -0.097344
0.061000 -0.096721
0.060000 -0.096100
0.059000 -0.095481
0.058000 -0.094864
0.057000 -0.094249
0.056000 -0.093636
0.055000 -0.093025
0.054000 -0.092416
0.053000 -0.091809
0.052000 -0.091204
0.051000 -0.090601
0.050000 -0.090000
0.049000 -0.089401
0.048000 -0.088804
0.047000 -0.088209
0.046000 -0.087616
0.045000 -0.087025
0.044000 -0.086436
0.043000 -0.085849
0.042000 -0.085264
0.041000 -0.084681
0.040000 -0.084100
0.039000 -0.083521
0.038000 -0.082944
0.037000 -0.082369
0.036000 -0.081796
0.035000 -0.081225
0.034000 -0.080656
0.033000 -0.080089
0.032000 -0.079524
0.031000 -0.078961
0.030000 -0.078400
0.029000 -0.077841
0.028000 -0.077284
0.027000 -0.076729
0.026000 -0.076176
0.025000 -0.075625
0.024000 -0.075076
0.023000 -0.074529
0.022000 -0.073984
0.021000 -0.073441
0.020000 -0.072900
0.019000 -0.072361
0.018000 -0.071824
0.017000 -0.071289
0.016000 -0.070756
0.015000 -0.070225
0.014000 -0.069696
0.013000 -0.069169
0.012000 -0.068644
0.011000 -0.068121
0.010000 -0.067600
0.009000 -0.067081
0.008000 -0.066564
0.007000 -0.066049
0.006000 -0.065536
0.005000 -0.065025
0.004000 -0.064516
0.003000 -0.064009
0.002000 -0.063504
0.001000 -0.063001
0.000000 -0.062500
-0.001000 -0.062001
-0.002000 -0.061504
-0.003000 -0.061009
-0.004000 -0.060516
-0.005000 -0.060025
-0.006000 -0.059536
-0.007000 -0.059049
-0.008000 -0.058564
-0.009000 -0.058081
-0.010000 -0.057600
-0.011000 -0.057121
-0.012000 -0.056644
-0.013000 -0.056169
-0.014000 -0.055696
-0.015000 -0.055225
-0.016000 -0.054756
-0.017000 -0.054289
-0.018000 -0.053824
-0.019000 -0.053361
-0.020000 -0.052900
-0.021000 -0.052441
-0.022000 -0.051984
-0.023000 -0.051529
-0.024000 -0.051076
-0.025000 -0.050625
-0.026000 -0.050176
-0.027000 -0.049729
-0.028000 -0.049284
-0.029000 -0.048841
-0.030000 -0.048400
-0.031000 -0.047961
-0.032000 -0.047524
-0.033000 -0.047089
-0.034000 -0.046656
-0.035000 -0.046225
-0.036000 -0.045796
-0.037000 -0.045369
-0.038000 -0.044944
-0.039000 -0.044521
-0.040000 -0.044100
-0.041000 -0.043681
-0.042000 -0.043264
-0.043000 -0.042849
-0.044000 -0.042436
-0.045000 -0.042025
-0.046000 -0.041616
-0.047000 -0.041209
-0.048000 -0.040804
-0.049000 -0.040401
-0.050000 -0.040000
-0.051000 -0.039601
-0.052000 -0.039204
-0.053000 -0.038809
-0.054000 -0.038416
-0.055000 -0.038025
-0.056000 -0.037636
-0.057000 -0.037249
-0.058000 -0.036864
-0.059000 -0.036481
-0.060000 -0.036100
-0.061000 -0.035721
-0.062000 -0.035344
-0.063000 -0.034969
-0.064000 -0.034596
-0.065000 -0.034225
-0.066000 -0.033856
-0.067000 -0.033489
-0.068000 -0.033124
-0.069000 -0.032761
-0.070000 -0.032400
-0.071000 -0.032041
-0.072000 -0.031684
-0.073000 -0.031329
-0.074000 -0.030976
-0.075000 -0.030625
-0.076000 -0.030276
-0.077000 -0.029929
-0.078000 -0.029584
-0.079000 -0.029241
-0.080000 -0.028900
-0.081000 -0.028561
-0.082000 -0.028224
-0.083000 -0.027889
-0.084000 -0.027556
-0.085000 -0.027225
-0.086000 -0.026896
-0.087000 -0.026569
-0.088000 -0.026244
-0.089000 -0.025921
-0.090000 -0.025600
-0.091000 -0.025281
-0.092000 -0.024964
-0.093000 -0.024649
-0.094000 -0.024336
-0.095000 -0.024025
-0.096000 -0.023716
-0.097000 -0.023409
-0.098000 -0.023104
-0.099000 -0.022801
-0.100000 -0.022500
-0.101000 -0.022201
-0.102000 -0.021904
-0.103000 -0.021609
-0.104000 -0.021316
-0.105000 -0.021025
-0.106000 -0.020736
-0.107000 -0.020449
-0.108000 -0.020164
-0.109000 -0.019881
-0.110000 -0.019600
-0.111000 -0.019321
-0.112000 -0.019044
-0.113000 -0.018769
-0.114000 -0.018496
-0.115000 -0.018225
-0.116000 -0.017956
-0.117000 -0.017689
-0.118000 -0.017424
-0.119000 -0.017161
-0.120000 -0.016900
-0.121000 -0.016641
-0.122000 -0.016384
-0.123000 -0.016129
-0.124000 -0.015876
-0.125000 -0.015625
-0.126000 -0.015376
-0.127000 -0.015129
-0.128000 -0.014884
-0.129000 -0.014641
-0.130000 -0.014400
-0.131000 -0.014161
-0.132000 -0.013924
-0.133000 -0.013689
-0.134000 -0.013456
-0.135000 -0.013225
-0.136000 -0.012996
-0.137000 -0.012769
-0.138000 -0.012544
-0.139000 -0.012321
-0.140000 -0.012100
-0.141000 -0.011881
-0.142000 -0.011664
-0.143000 -0.011449
-0.144000 -0.011236
-0.145000 -0.011025
-0.146000 -0.010816
-0.147000 -0.010609
-0.148000 -0.010404
-0.149000 -0.010201
-0.150000 -0.010000
-0.151000 -0.009801
-0.152000 -0.009604
-0.153000 -0.009409
-0.154000 -0.009216
-0.155000 -0.009025
-0.156000 -0.008836
-0.157000 -0.008649
-0.158000 -0.008464
-0.159000 -0.008281
-0.160000 -0.008100
-0.161000 -0.007921
-0.162000 -0.007744
-0.163000 -0.007569
-0.164000 -0.007396
-0.165000 -0.007225
-0.166000 -0.007056
-0.167000 -0.006889
-0.168000 -0.006724
-0.169000 -0.006561
-0.170000 -0.006400
-0.171000 -0.006241
-0.172000 -0.006084
-0.173000 -0.005929
-0.174000 -0.005776
-0.175000 -0.005625
-0.176000 -0.005476
-0.177000 -0.005329
-0.178000 -0.005184
-0.179000 -0.005041
-0.180000 -0.004900
-0.181000 -0.004761
-0.182000 -0.004624
-0.183000 -0.004489
-0.184000 -0.004356
-0.185000 -0.004225
-0.186000 -0.004096
-0.187000 -0.003969
-0.188000 -0.003844
-0.189000 -0.003721
-0.190000 -0.003600
-0.191000 -0.003481
-0.192000 -0.003364
-0.193000 -0.003249
-0.194000 -0.003136
-0.195000 -0.003025
-0.196000 -0.002916
-0.197000 -0.002809
-0.198000 -0.002704
-0.199000 -0.002601
-0.200000 -0.002500
-0.201000 -0.002401
-0.202000 -0.002304
-0.203000 -0.002209
-0.204000 -0.002116
-0.205000 -0.002025
-0.206000 -0.001936
-0.207000 -0.001849
-0.208000 -0.001764
-0.209000 -0.001681
-0.210000 -0.001600
-0.211000 -0.001521
-0.212000 -0.001444
-0.213000 -0.001369
-0.214000 -0.001296
-0.215000 -0.001225
-0.216000 -0.001156
-0.217000 -0.001089
-0.218000 -0.001024
-0.219000 -0.000961
-0.220000 -0.000900
-0.221000 -0.000841
-0.222000 -0.000784
-0.223000 -0.000729
-0.224000 -0.000676
-0.225000 -0.000625
-0.226000 -0.000576
-0.227000 -0.000529
-0.228000 -0.000484
-0.229000 -0.000441
-0.230000 -0.000400
-0.231000 -0.000361
-0.232000 -0.000324
-0.233000 -0.000289
-0.234000 -0.000256
-0.235000 -0.000225
-0.236000 -0.000196
-0.237000 -0.000169
-0.238000 -0.000144
-0.239000 -0.000121
-0.240000 -0.000100
-0.241000 -0.000081
-0.242000 -0.000064
-0.243000 -0.000049
-0.244000 -0.000036
-0.245000 -0.000025
-0.246000 -0.000016
-0.247000 -0.000009
-0.248000 -0.000004
-0.249000 -0.000001
-0.250000 0.000000
-0.251000 -0.000001
-0.252000 -0.000004
-0.253000 -0.000009
-0.254000 -0.000016
-0.255000 -0.000025
-0.256000 -0.000036
-0.257000 -0.000049
-0.258000 -0.000064
-0.259000 -0.000081
-0.260000 -0.000100
-0.261000 -0.000121
-0.262000 -0.000144
-0.263000 -0.000169
-0.264000 -0.000196
-0.265000 -0.000225
-0.266000 -0.000256
-0.267000 -0.000289
-0.268000 -0.000324
-0.269000 -0.000361
-0.270000 -0.000400
-0.271000 -0.000441
-0.272000 -0.000484
-0.273000 -0.000529
-0.274000 -0.000576
-0.275000 -0.000625
-0.276000 -0.000676
-0.277000 -0.000729
-0.278000 -0.000784
-0.279000 -0.000841
-0.280000 -0.000900
-0.281000 -0.000961
-0.282000 -0.001024
-0.283000 -0.001089
-0.284000 -0.001156
-0.285000 -0.001225
-0.286000 -0.001296
-0.287000 -0.001369
-0.288000 -0.001444
-0.289000 -0.001521
-0.290000 -0.001600
-0.291000 -0.001681
-0.292000 -0.001764
-0.293000 -0.001849
-0.294000 -0.001936
-0.295000 -0.002025
-0.296000 -0.002116
-0.297000 -0.002209
-0.298000 -0.002304
-0.299000 -0.002401
-0.300000 -0.002500
-0.301000 -0.002601
-0.302000 -0.002704
-0.303000 -0.002809
-0.304000 -0.002916
-0.305000 -0.003025
-0.306000 -0.003136
-0.307000 -0.003249
-0.308000 -0.003364
-0.309000 -0.003481
-0.310000 -0.003600
-0.311000 -0.003721
-0.312000 -0.003844
-0.313000 -0.003844
-0.314000 -0.003721
-0.315000 -0.003600
-0.316000 -0.003481
-0.317000 -0.003364
-0.318000 -0.003249
-0.319000 -0.003136
-0.320000 -0.003025
-0.321000 -0.002916
-0.322000 -0.002809
-0.323000 -0.002704
-0.324000 -0.002601
-0.325000 -0.002500
-0.326000 -0.002401
-0.327000 -0.002304
-0.328000 -0.002209
-0.329000 -0.002116
-0.330000 -0.002025
-0.331000 -0.001936
-0.332000 -0.001849
-0.333000 -0.001764
-0.334000 -0.001681
-0.335000 -0.001600
-0.336000 -0.001521
-0.337000 -0.001444
-0.338000 -0.001369
-0.339000 -0.001296
-0.340000 -0.001225
-0.341000 -0.001156
-0.342000 -0.001089
-0.343000 -0.001024
-0.344000 -0.000961
-0.345000 -0.000900
-0.346000 -0.000841
-0.347000 -0.000784
-0.348000 -0.000729
-0.349000 -0.000676
-0.350000 -0.000625
-0.351000 -0.000576
-0.352000 -0.000529
-0.353000 -0.000484
-0.354000 -0.000441
-0.355000 -0.000400
-0.356000 -0.000361
-0.357000 -0.000324
-0.358000 -0.000289
-0.359000 -0.000256
-0.360000 -0.000225
-0.361000 -0.000196
-0.362000 -0.000169
-0.363000 -0.000144
-0.364000 -0.000121
-0.365000 -0.000100
-0.366000 -0.000081
-0.367000 -0.000064
-0.368000 -0.000049
-0.369000 -0.000036
-0.370000 -0.000025
-0.371000 -0.000016
-0.372000 -0.000009
-0.373000 -0.000004
-0.374000 -0.000001
-0.375000 0.000000
-0.376000 -0.000001
-0.377000 -0.000004
-0.378000 -0.000009
-0.379000 -0.000016
-0.380000 -0.000025
-0.381000 -0.000036
-0.382000 -0.000049
-0.383000 -0.000064
-0.384000 -0.000081
-0.385000 -0.000100
-0.386000 -0.000121
-0.387000 -0.000144
-0.388000 -0.000169
-0.389000 -0.000196
-0.390000 -0.000225
-0.391000 -0.000256
-0.392000 -0.000289
-0.393000 -0.000324
-0.394000 -0.000361
-0.395000 -0.000400
-0.396000 -0.000441
-0.397000 -0.000484
-0.398000 -0.000529
-0.399000 -0.000576
-0.400000 -0.000625
-0.401000 -0.000676
-0.402000 -0.000729
-0.403000 -0.000784
-0.404000 -0.000841
-0.405000 -0.000900
-0.406000 -0.000961
-0.407000 -0.001024
-0.408000 -0.001089
-0.409000 -0.001156
-0.410000 -0.001225
-0.411000 -0.001296
-0.412000 -0.001369
-0.413000 -0.001444
-0.414000 -0.001521
-0.415000 -0.001600
-0.416000 -0.001681
-0.417000 -0.001764
-0.418000 -0.001849
-0.419000 -0.001936
-0.420000 -0.002025
-0.421000 -0.002116
-0.422000 -0.002209
-0.423000 -0.002304
-0.424000 -0.002401
-0.425000 -0.002500
-0.426000 -0.002601
-0.427000 -0.002704
-0.428000 -0.002809
-0.429000 -0.002916
-0.430000 -0.003025
-0.431000 -0.003136
-0.432000 -0.003249
-0.433000 -0.003364
-0.434000 -0.003481
-0.435000 -0.003600
-0.436000 -0.003721
-0.437000 -0.003844
-0.438000 -0.003844
-0.439000 -0.003721
-0.440000 -0.003600
-0.441000 -0.003481
-0.442000 -0.003364
-0.443000 -0.003249
-0.444000 -0.003136
-0.445000 -0.003025
-0.446000 -0.002916
-0.447000 -0.002809
-0.448000 -0.002704
-0.449000 -0.002601
-0.450000 -0.002500
-0.451000 -0.002401
-0.452000 -0.002304
-0.453000 -0.002209
-0.454000 -0.002116
-0.455000 -0.002025
-0.456000 -0.001936
-0.457000 -0.001849
-0.458000 -0.001764
-0.459000 -0.001681
-0.460000 -0.001600
-0.461000 -0.001521
-0.462000 -0.001444
-0.463000 -0.001369
-0.464000 -0.001296
-0.465000 -0.001225
-0.466000 -0.001156
-0.467000 -0.001089
-0.468000 -0.001024
-0.469000 -0.000961
-0.470000 -0.000900
-0.471000 -0.000841
-0.472000 -0.000784
-0.473000 -0.000729
-0.474000 -0.000676
-0.475000 -0.000625
-0.476000 -0.000576
-0.477000 -0.000529
-0.478000 -0.000484
-0.479000 -0.000441
-0.480000 -0.000400
-0.481000 -0.000361
-0.482000 -0.000324
-0.483000 -0.000289
-0.484000 -0.000256
-0.485000 -0.000225
-0.486000 -0.000196
-0.487000 -0.000169
-0.488000 -0.000144
-0.489000 -0.000121
-0.490000 -0.000100
-0.491000 -0.000081
-0.492000 -0.000064
-0.493000 -0.000049
-0.494000 -0.000036
-0.495000 -0.000025
-0.496000 -0.000016
-0.497000 -0.000009
-0.498000 -0.000004
-0.499000 -0.000001
-0.500000 0.000000
-0.501000 -0.000001
-0.502000 -0.000004
-0.503000 -0.000009
-0.504000 -0.000016
-0.505000 -0.000025
-0.506000 -0.000036
-0.507000 -0.000049
-0.508000 -0.000064
-0.509000 -0.000081
-0.510000 -0.000100
-0.511000 -0.000121
-0.512000 -0.000144
-0.513000 -0.000169
-0.514000 -0.000196
-0.515000 -0.000225
-0.516000 -0.000256
-0.517000 -0.000289
-0.518000 -0.000324
-0.519000 -0.000361
-0.520000 -0.000400
-0.521000 -0.000441
-0.522000 -0.000484
-0.523000 -0.000529
-0.524000 -0.000576
-0.525000 -0.000625
-0.526000 -0.000676
-0.527000 -0.000729
-0.528000 -0.000784
-0.529000 -0.000841
-0.530000 -0.000900
-0.531000 -0.000961
-0.532000 -0.001024
-0.533000 -0.001089
-0.534000 -0.001156
-0.535000 -0.001225
-0.536000 -0.001296
-0.537000 -0.001369
-0.538000 -0.001444
-0.539000 -0.001521
-0.540000 -0.001600
-0.541000 -0.001681
-0.542000 -0.001764
-0.543000 -0.001849
-0.544000 -0.001936
-0.545000 -0.002025
-0.546000 -0.002116
-0.547000 -0.002209
-0.548000 -0.002304
-0.549000 -0.002401
-0.550000 -0.002500
-0.551000 -0.002601
-0.552000 -0.002704
-0.553000 -0.002809
-0.554000 -0.002916
-0.555000 -0.003025
-0.556000 -0.003136
-0.557000 -0.003249
-0.558000 -0.003364
-0.559000 -0.003481
-0.560000 -0.003600
-0.561000 -0.003721
-0.562000 -0.003844
-0.563000 -0.003844
-0.564000 -0.003721
-0.565000 -0.003600
-0.566000 -0.003481
-0.567000 -0.003364
-0.568000 -0.003249
-0.569000 -0.003136
-0.570000 -0.003025
-0.571000 -0.002916
-0.572000 -0.002809
-0.573000 -0.002704
-0.574000 -0.002601
-0.575000 -0.002500
-0.576000 -0.002401
-0.577000 -0.002304
-0.578000 -0.002209
-0.579000 -0.002116
-0.580000 -0.002025
-0.581000 -0.001936
-0.582000 -0.001849
-0.583000 -0.001764
-0.584000 -0.001681
-0.585000 -0.001600
-0.586000 -0.001521
-0.587000 -0.001444
-0.588000 -0.001369
-0.589000 -0.001296
-0.590000 -0.001225
-0.591000 -0.001156
-0.592000 -0.001089
-0.593000 -0.001024
-0.594000 -0.000961
-0.595000 -0.000900
-0.596000 -0.000841
-0.597000 -0.000784
-0.598000 -0.000729
-0.599000 -0.000676
-0.600000 -0.000625
-0.601000 -0.000576
-0.602000 -0.000529
-0.603000 -0.000484
-0.604000 -0.000441
-0.605000 -0.000400
-0.606000 -0.000361
-0.607000 -0.000324
-0.608000 -0.000289
-0.609000 -0.000256
-0.610000 -0.000225
-0.611000 -0.000196
-0.612000 -0.000169
-0.613000 -0.000144
-0.614000 -0.000121
-0.615000 -0.000100
-0.616000 -0.000081
-0.617000 -0.000064
-0.618000 -0.000049
-0.619000 -0.000036
-0.620000 -0.000025
-0.621000 -0.000016
-0.622000 -0.000009
-0.623000 -0.000004
-0.624000 -0.000001
-0.625000 0.000000
-0.626000 -0.000001
-0.627000 -0.000004
-0.628000 -0.000009
-0.629000 -0.000016
-0.630000 -0.000025
-0.631000 -0.000036
-0.632000 -0.000049
-0.633000 -0.000064
-0.634000 -0.000081
-0.635000 -0.000100
-0.636000 -0.000121
-0.637000 -0.000144
-0.638000 -0.000169
-0.639000 -0.000196
-0.640000 -0.000225
-0.641000 -0.000256
-0.642000 -0.000289
-0.643000 -0.000324
-0.644000 -0.000361
-0.645000 -0.000400
-0.646000 -0.000441
-0.647000 -0.000484
-0.648000 -0.000529
-0.649000 -0.000576
-0.650000 -0.000625
-0.651000 -0.000676
-0.652000 -0.000729
-0.653000 -0.000784
-0.654000 -0.000841
-0.655000 -0.000900
-0.656000 -0.000961
-0.657000 -0.001024
-0.658000 -0.001089
-0.659000 -0.001156
-0.660000 -0.001225
-0.661000 -0.001296
-0.662000 -0.001369
-0.663000 -0.001444
-0.664000 -0.001521
-0.665000 -0.001600
-0.666000 -0.001681
-0.667000 -0.001764
-0.668000 -0.001849
-0.669000 -0.001936
-0.670000 -0.002025
-0.671000 -0.002116
-0.672000 -0.002209
-0.673000 -0.002304
-0.674000 -0.002401
-0.675000 -0.002500
-0.676000 -0.002601
-0.677000 -0.002704
-0.678000 -0.002809
-0.679000 -0.002916
-0.680000 -0.003025
-0.681000 -0.003136
-0.682000 -0.003249
-0.683000 -0.003364
-0.684000 -0.003481
-0.685000 -0.003600
-0.686000 -0.003721
-0.687000 -0.003844
-0.688000 -0.003844
-0.689000 -0.003721
-0.690000 -0.003600
-0.691000 -0.003481
-0.692000 -0.003364
-0.693000 -0.003249
-0.694000 -0.003136
-0.695000 -0.003025
-0.696000 -0.002916
-0.697000 -0.002809
-0.698000 -0.002704
-0.699000 -0.002601
-0.700000 -0.002500
-0.701000 -0.002401
-0.702000 -0.002304
-0.703000 -0.002209
-0.704000 -0.002116
-0.705000 -0.002025
-0.706000 -0.001936
-0.707000 -0.001849
-0.708000 -0.001764
-0.709000 -0.001681
-0.710000 -0.001600
-0.711000 -0.001521
-0.712000 -0.001444
-0.713000 -0.001369
-0.714000 -0.001296
-0.715000 -0.001225
-0.716000 -0.001156
-0.717000 -0.001089
-0.718000 -0.001024
-0.719000 -0.000961
-0.720000 -0.000900
-0.721000 -0.000841
-0.722000 -0.000784
-0.723000 -0.000729
-0.724000 -0.000676
-0.725000 -0.000625
-0.726000 -0.000576
-0.727000 -0.000529
-0.728000 -0.000484
-0.729000 -0.000441
-0.730000 -0.000400
-0.731000 -0.000361
-0.732000 -0.000324
-0.733000 -0.000289
-0.734000 -0.000256
-0.735000 -0.000225
-0.736000 -0.000196
-0.737000 -0.000169
-0.738000 -0.000144
-0.739000 -0.000121
-0.740000 -0.000100
-0.741000 -0.000081
-0.742000 -0.000064
-0.743000 -0.000049
-0.744000 -0.000036
-0.745000 -0.000025
-0.746000 -0.000016
-0.747000 -0.000009
-0.748000 -0.000004
-0.749000 -0.000001
-0.750000 0.000000
