-0.687500 0.312500
-0.686500 0.313499
-0.685500 0.314496
-0.684500 0.315491
-0.683500 0.316484
-0.682500 0.317475
-0.681500 0.318464
-0.680500 0.319451
-0.679500 0.320436
-0.678500 0.321419
-0.677500 0.322400
-0.676500 0.323379
-0.675500 0.324356
-0.674500 0.325331
-0.673500 0.326304
-0.672500 0.327275
-0.671500 0.328244
-0.670500 0.329211
-0.669500 0.330176
-0.668500 0.331139
-0.667500 0.332100
-0.666500 0.333059
-0.665500 0.334016
-0.664500 0.334971
-0.663500 0.335924
-0.662500 0.336875
-0.661500 0.337824
-0.660500 0.338771
-0.659500 0.339716
-0.658500 0.340659
-0.657500 0.341600
-0.656500 0.342539
-0.655500 0.343476
-0.654500 0.344411
-0.653500 0.345344
-0.652500 0.346275
-0.651500 0.347204
-0.650500 0.348131
-0.649500 0.349056
-0.648500 0.349979
-0.647500 0.350900
-0.646500 0.351819
-0.645500 0.352736
-0.644500 0.353651
-0.643500 0.354564
-0.642500 0.355475
-0.641500 0.356384
-0.640500 0.357291
-0.639500 0.358196
-0.638500 0.359099
-0.637500 0.360000
-0.636500 0.360899
-0.635500 0.361796
-0.634500 0.362691
-0.633500 0.363584
-0.632500 0.364475
-0.631500 0.365364
-0.630500 0.366251
-0.629500 0.367136
-0.628500 0.368019
-0.627500 0.368900
-0.626500 0.369779
-0.625500 0.370656
-0.624500 0.371531
-0.623500 0.372404
-0.622500 0.373275
-0.621500 0.374144
-0.620500 0.375011
-0.619500 0.375876
-0.618500 0.376739
-0.617500 0.377600
-0.616500 0.378459
-0.615500 0.379316
-0.614500 0.380171
-0.613500 0.381024
-0.612500 0.381875
-0.611500 0.382724
-0.610500 0.383571
-0.609500 0.384416
-0.608500 0.385259
-0.607500 0.386100
-0.606500 0.386939
-0.605500 0.387776
-0.604500 0.388611
-0.603500 0.389444
-0.602500 0.390275
-0.601500 0.391104
-0.600500 0.391931
-0.599500 0.392756
-0.598500 0.393579
-0.597500 0.394400
-0.596500 0.395219
-0.595500 0.396036
-0.594500 0.396851
-0.593500 0.397664
-0.592500 0.398475
-0.591500 0.399284
-0.590500 0.400091
-0.589500 0.400896
-0.588500 0.401699
-0.587500 0.402500
-0.586500 0.403299
-0.585500 0.404096
-0.584500 0.404891
-0.583500 0.405684
-0.582500 0.406475
-0.581500 0.407264
-0.580500 0.408051
-0.579500 0.408836
-0.578500 0.409619
-0.577500 0.410400
-0.576500 0.411179
-0.575500 0.411956
-0.574500 0.412731
-0.573500 0.413504
-0.572500 0.414275
-0.571500 0.415044
-0.570500 0.415811
-0.569500 0.416576
-0.568500 0.417339
-0.567500 0.418100
-0.566500 0.418859
-0.565500 0.419616
-0.564500 0.420371
-0.563500 0.421124
-0.562500 0.421875
-0.561500 0.422624
-0.560500 0.423371
-0.559500 0.424116
-0.558500 0.424859
-0.557500 0.425600
-0.556500 0.426339
-0.555500 0.427076
-0.554500 0.427811
-0.553500 0.428544
-0.552500 0.429275
-0.551500 0.430004
-0.550500 0.430731
-0.549500 0.431456
-0.548500 0.432179
-0.547500 0.432900
-0.546500 0.433619
-0.545500 0.434336
-0.544500 0.435051
-0.543500 0.435764
-0.542500 0.436475
-0.541500 0.437184
-0.540500 0.437891
-0.539500 0.438596
-0.538500 0.439299
-0.537500 0.440000
-0.536500 0.440699
-0.535500 0.441396
-0.534500 0.442091
-0.533500 0.442784
-0.532500 0.443475
-0.531500 0.444164
-0.530500 0.444851
-0.529500 0.445536
-0.528500 0.446219
-0.527500 0.446900
-0.526500 0.447579
-0.525500 0.448256
-0.524500 0.448931
-0.523500 0.449604
-0.522500 0.450275
-0.521500 0.450944
-0.520500 0.451611
-0.519500 0.452276
-0.518500 0.452939
-0.517500 0.453600
-0.516500 0.454259
-0.515500 0.454916
-0.514500 0.455571
-0.513500 0.456224
-0.512500 0.456875
-0.511500 0.457524
-0.510500 0.458171
-0.509500 0.458816
-0.508500 0.459459
-0.507500 0.460100
-0.506500 0.460739
-0.505500 0.461376
-0.504500 0.462011
-0.503500 0.462644
-0.502500 0.463275
-0.501500 0.463904
-0.500500 0.464531
-0.499500 0.464531
-0.498500 0.463904
-0.497500 0.463275
-0.496500 0.462644
-0.495500 0.462011
-0.494500 0.461376
-0.493500 0.460739
-0.492500 0.460100
-0.491500 0.459459
-0.490500 0.458816
-0.489500 0.458171
-0.488500 0.457524
-0.487500 0.456875
-0.486500 0.456224
-0.485500 0.455571
-0.484500 0.454916
-0.483500 0.454259
-0.482500 0.453600
-0.481500 0.452939
-0.480500 0.452276
-0.479500 0.451611
-0.478500 0.450944
-0.477500 0.450275
-0.476500 0.449604
-0.475500 0.448931
-0.474500 0.448256
-0.473500 0.447579
-0.472500 0.446900
-0.471500 0.446219
-0.470500 0.445536
-0.469500 0.444851
-0.468500 0.444164
-0.467500 0.443475
-0.466500 0.442784
-0.465500 0.442091
-0.464500 0.441396
-0.463500 0.440699
-0.462500 0.440000
-0.461500 0.439299
-0.460500 0.438596
-0.459500 0.437891
-0.458500 0.437184
-0.457500 0.436475
-0.456500 0.435764
-0.455500 0.435051
-0.454500 0.434336
-0.453500 0.433619
-0.452500 0.432900
-0.451500 0.432179
-0.450500 0.431456
-0.449500 0.430731
-0.448500 0.430004
-0.447500 0.429275
-0.446500 0.428544
-0.445500 0.427811
-0.444500 0.427076
-0.443500 0.426339
-0.442500 0.425600
-0.441500 0.424859
-0.440500 0.424116
-0.439500 0.423371
-0.438500 0.422624
-0.437500 0.421875
-0.436500 0.421124
-0.435500 0.420371
-0.434500 0.419616
-0.433500 0.418859
-0.432500 0.418100
-0.431500 0.417339
-0.430500 0.416576
-0.429500 0.415811
-0.428500 0.415044
-0.427500 0.414275
-0.426500 0.413504
-0.425500 0.412731
-0.424500 0.411956
-0.423500 0.411179
-0.422500 0.410400
-0.421500 0.409619
-0.420500 0.408836
-0.419500 0.408051
-0.418500 0.407264
-0.417500 0.406475
-0.416500 0.405684
-0.415500 0.404891
-0.414500 0.404096
-0.413500 0.403299
-0.412500 0.402500
-0.411500 0.401699
-0.410500 0.400896
-0.409500 0.400091
-0.408500 0.399284
-0.407500 0.398475
-0.406500 0.397664
-0.405500 0.396851
-0.404500 0.396036
-0.403500 0.395219
-0.402500 0.394400
-0.401500 0.393579
-0.400500 0.392756
-0.399500 0.391931
-0.398500 0.391104
-0.397500 0.390275
-0.396500 0.389444
-0.395500 0.388611
-0.394500 0.387776
-0.393500 0.386939
-0.392500 0.386100
-0.391500 0.385259
-0.390500 0.384416
-0.389500 0.383571
-0.388500 0.382724
-0.387500 0.381875
-0.386500 0.381024
-0.385500 0.380171
-0.384500 0.379316
-0.383500 0.378459
-0.382500 0.377600
-0.381500 0.376739
-0.380500 0.375876
-0.379500 0.375011
-0.378500 0.374144
-0.377500 0.373275
-0.376500 0.372404
-0.375500 0.371531
-0.374500 0.370656
-0.373500 0.369779
-0.372500 0.368900
-0.371500 0.368019
-0.370500 0.367136
-0.369500 0.366251
-0.368500 0.365364
-0.367500 0.364475
-0.366500 0.363584
-0.365500 0.362691
-0.364500 0.361796
-0.363500 0.360899
-0.362500 0.360000
-0.361500 0.359099
-0.360500 0.358196
-0.359500 0.357291
-0.358500 0.356384
-0.357500 0.355475
-0.356500 0.354564
-0.355500 0.353651
-0.354500 0.352736
-0.353500 0.351819
-0.352500 0.350900
-0.351500 0.349979
-0.350500 0.349056
-0.349500 0.348131
-0.348500 0.347204
-0.347500 0.346275
-0.346500 0.345344
-0.345500 0.344411
-0.344500 0.343476
-0.343500 0.342539
-0.342500 0.341600
-0.341500 0.340659
-0.340500 0.339716
-0.339500 0.338771
-0.338500 0.337824
-0.337500 0.336875
-0.336500 0.335924
-0.335500 0.334971
-0.334500 0.334016
-0.333500 0.333059
-0.332500 0.332100
-0.331500 0.331139
-0.330500 0.330176
-0.329500 0.329211
-0.328500 0.328244
-0.327500 0.327275
-0.326500 0.326304
-0.325500 0.325331
-0.324500 0.324356
-0.323500 0.323379
-0.322500 0.322400
-0.321500 0.321419
-0.320500 0.320436
-0.319500 0.319451
-0.318500 0.318464
-0.317500 0.317475
-0.316500 0.316484
-0.315500 0.315491
-0.314500 0.314496
-0.313500 0.313499
-0.312500 0.312500
-0.311500 0.311501
-0.310500 0.310504
-0.309500 0.309509
-0.308500 0.308516
-0.307500 0.307525
-0.306500 0.306536
-0.305500 0.305549
-0.304500 0.304564
-0.303500 0.303581
-0.302500 0.302600
-0.301500 0.301621
-0.300500 0.300644
-0.299500 0.299669
-0.298500 0.298696
-0.297500 0.297725
-0.296500 0.296756
-0.295500 0.295789
-0.294500 0.294824
-0.293500 0.293861
-0.292500 0.292900
-0.291500 0.291941
-0.290500 0.290984
-0.289500 0.290029
-0.288500 0.289076
-0.287500 0.288125
-0.286500 0.287176
-0.285500 0.286229
-0.284500 0.285284
-0.283500 0.284341
-0.282500 0.283400
-0.281500 0.282461
-0.280500 0.281524
-0.279500 0.280589
-0.278500 0.279656
-0.277500 0.278725
-0.276500 0.277796
-0.275500 0.276869
-0.274500 0.275944
-0.273500 0.275021
-0.272500 0.274100
-0.271500 0.273181
-0.270500 0.272264
-0.269500 0.271349
-0.268500 0.270436
-0.267500 0.269525
-0.266500 0.268616
-0.265500 0.267709
-0.264500 0.266804
-0.263500 0.265901
-0.262500 0.265000
-0.261500 0.264101
-0.260500 0.263204
-0.259500 0.262309
-0.258500 0.261416
-0.257500 0.260525
-0.256500 0.259636
-0.255500 0.258749
-0.254500 0.257864
-0.253500 0.256981
-0.252500 0.256100
-0.251500 0.255221
-0.250500 0.254344
-0.249500 0.253469
-0.248500 0.252596
-0.247500 0.251725
-0.246500 0.250856
-0.245500 0.249989
-0.244500 0.249124
-0.243500 0.248261
-0.242500 0.247400
-0.241500 0.246541
-0.240500 0.245684
-0.239500 0.244829
-0.238500 0.243976
-0.237500 0.243125
-0.236500 0.242276
-0.235500 0.241429
-0.234500 0.240584
-0.233500 0.239741
-0.232500 0.238900
-0.231500 0.238061
-0.230500 0.237224
-0.229500 0.236389
-0.228500 0.235556
-0.227500 0.234725
-0.226500 0.233896
-0.225500 0.233069
-0.224500 0.232244
-0.223500 0.231421
-0.222500 0.230600
-0.221500 0.229781
-0.220500 0.228964
-0.219500 0.228149
-0.218500 0.227336
-0.217500 0.226525
-0.216500 0.225716
-0.215500 0.224909
-0.214500 0.224104
-0.213500 0.223301
-0.212500 0.222500
-0.211500 0.221701
-0.210500 0.220904
-0.209500 0.220109
-0.208500 0.219316
-0.207500 0.218525
-0.206500 0.217736
-0.205500 0.216949
-0.204500 0.216164
-0.203500 0.215381
-0.202500 0.214600
-0.201500 0.213821
-0.200500 0.213044
-0.199500 0.212269
-0.198500 0.211496
-0.197500 0.210725
-0.196500 0.209956
-0.195500 0.209189
-0.194500 0.208424
-0.193500 0.207661
-0.192500 0.206900
-0.191500 0.206141
-0.190500 0.205384
-0.189500 0.204629
-0.188500 0.203876
-0.187500 0.203125
-0.186500 0.202376
-0.185500 0.201629
-0.184500 0.200884
-0.183500 0.200141
-0.182500 0.199400
-0.181500 0.198661
-0.180500 0.197924
-0.179500 0.197189
-0.178500 0.196456
-0.177500 0.195725
-0.176500 0.194996
-0.175500 0.194269
-0.174500 0.193544
-0.173500 0.192821
-0.172500 0.192100
-0.171500 0.191381
-0.170500 0.190664
-0.169500 0.189949
-0.168500 0.189236
-0.167500 0.188525
-0.166500 0.187816
-0.165500 0.187109
-0.164500 0.186404
-0.163500 0.185701
-0.162500 0.185000
-0.161500 0.184301
-0.160500 0.183604
-0.159500 0.182909
-0.158500 0.182216
-0.157500 0.181525
-0.156500 0.180836
-0.155500 0.180149
-0.154500 0.179464
-0.153500 0.178781
-0.152500 0.178100
-0.151500 0.177421
-0.150500 0.176744
-0.149500 0.176069
-0.148500 0.175396
-0.147500 0.174725
-0.146500 0.174056
-0.145500 0.173389
-0.144500 0.172724
-0.143500 0.172061
-0.142500 0.171400
-0.141500 0.170741
-0.140500 0.170084
-0.139500 0.169429
-0.138500 0.168776
-0.137500 0.168125
-0.136500 0.167476
-0.135500 0.166829
-0.134500 0.166184
-0.133500 0.165541
-0.132500 0.164900
-0.131500 0.164261
-0.130500 0.163624
-0.129500 0.162989
-0.128500 0.162356
-0.127500 0.161725
-0.126500 0.161096
-0.125500 0.160469
-0.124500 0.159844
-0.123500 0.159221
-0.122500 0.158600
-0.121500 0.157981
-0.120500 0.157364
-0.119500 0.156749
-0.118500 0.156136
-0.117500 0.155525
-0.116500 0.154916
-0.115500 0.154309
-0.114500 0.153704
-0.113500 0.153101
-0.112500 0.152500
-0.111500 0.151901
-0.110500 0.151304
-0.109500 0.150709
-0.108500 0.150116
-0.107500 0.149525
-0.106500 0.148936
-0.105500 0.148349
-0.104500 0.147764
-0.103500 0.147181
-0.102500 0.146600
-0.101500 0.146021
-0.100500 0.145444
-0.099500 0.144869
-0.098500 0.144296
-0.097500 0.143725
-0.096500 0.143156
-0.095500 0.142589
-0.094500 0.142024
-0.093500 0.141461
-0.092500 0.140900
-0.091500 0.140341
-0.090500 0.139784
-0.089500 0.139229
-0.088500 0.138676
-0.087500 0.138125
-0.086500 0.137576
-0.085500 0.137029
-0.084500 0.136484
-0.083500 0.135941
-0.082500 0.135400
-0.081500 0.134861
-0.080500 0.134324
-0.079500 0.133789
-0.078500 0.133256
-0.077500 0.132725
-0.076500 0.132196
-0.075500 0.131669
-0.074500 0.131144
-0.073500 0.130621
-0.072500 0.130100
-0.071500 0.129581
-0.070500 0.129064
-0.069500 0.128549
-0.068500 0.128036
-0.067500 0.127525
-0.066500 0.127016
-0.065500 0.126509
-0.064500 0.126004
-0.063500 0.125501
-0.062500 0.125000
-0.061500 0.124501
-0.060500 0.124004
-0.059500 0.123509
-0.058500 0.123016
-0.057500 0.122525
-0.056500 0.122036
-0.055500 0.121549
-0.054500 0.121064
-0.053500 0.120581
-0.052500 0.120100
-0.051500 0.119621
-0.050500 0.119144
-0.049500 0.118669
-0.048500 0.118196
-0.047500 0.117725
-0.046500 0.117256
-0.045500 0.116789
-0.044500 0.116324
-0.043500 0.115861
-0.042500 0.115400
-0.041500 0.114941
-0.040500 0.114484
-0.039500 0.114029
-0.038500 0.113576
-0.037500 0.113125
-0.036500 0.112676
-0.035500 0.112229
-0.034500 0.111784
-0.033500 0.111341
-0.032500 0.110900
-0.031500 0.110461
-0.030500 0.110024
-0.029500 0.109589
-0.028500 0.109156
-0.027500 0.108725
-0.026500 0.108296
-0.025500 0.107869
-0.024500 0.107444
-0.023500 0.107021
-0.022500 0.106600
-0.021500 0.106181
-0.020500 0.105764
-0.019500 0.105349
-0.018500 0.104936
-0.017500 0.104525
-0.016500 0.104116
-0.015500 0.103709
-0.014500 0.103304
-0.013500 0.102901
-0.012500 0.102500
-0.011500 0.102101
-0.010500 0.101704
-0.009500 0.101309
-0.008500 0.100916
-0.007500 0.100525
-0.006500 0.100136
-0.005500 0.099749
-0.004500 0.099364
-0.003500 0.098981
-0.002500 0.098600
-0.001500 0.098221
-0.000500 0.097844
0.000500 0.097469
0.001500 0.097096
0.002500 0.096725
0.003500 0.096356
0.004500 0.095989
0.005500 0.095624
0.006500 0.095261
0.007500 0.094900
0.008500 0.094541
0.009500 0.094184
0.010500 0.093829
0.011500 0.093476
0.012500 0.093125
0.013500 0.092776
0.014500 0.092429
0.015500 0.092084
0.016500 0.091741
0.017500 0.091400
0.018500 0.091061
0.019500 0.090724
0.020500 0.090389
0.021500 0.090056
0.022500 0.089725
0.023500 0.089396
0.024500 0.089069
0.025500 0.088744
0.026500 0.088421
0.027500 0.088100
0.028500 0.087781
0.029500 0.087464
0.030500 0.087149
0.031500 0.086836
0.032500 0.086525
0.033500 0.086216
0.034500 0.085909
0.035500 0.085604
0.036500 0.085301
0.037500 0.085000
0.038500 0.084701
0.039500 0.084404
0.040500 0.084109
0.041500 0.083816
0.042500 0.083525
0.043500 0.083236
0.044500 0.082949
0.045500 0.082664
0.046500 0.082381
0.047500 0.082100
0.048500 0.081821
0.049500 0.081544
0.050500 0.081269
0.051500 0.080996
0.052500 0.080725
0.053500 0.080456
0.054500 0.080189
0.055500 0.079924
0.056500 0.079661
0.057500 0.079400
0.058500 0.079141
0.059500 0.078884
0.060500 0.078629
0.061500 0.078376
0.062500 0.078125
0.063500 0.077876
0.064500 0.077629
0.065500 0.077384
0.066500 0.077141
0.067500 0.076900
0.068500 0.076661
0.069500 0.076424
0.070500 0.076189
0.071500 0.075956
0.072500 0.075725
0.073500 0.075496
0.074500 0.075269
0.075500 0.075044
0.076500 0.074821
0.077500 0.074600
0.078500 0.074381
0.079500 0.074164
0.080500 0.073949
0.081500 0.073736
0.082500 0.073525
0.083500 0.073316
0.084500 0.073109
0.085500 0.072904
0.086500 0.072701
0.087500 0.072500
0.088500 0.072301
0.089500 0.072104
0.090500 0.071909
0.091500 0.071716
0.092500 0.071525
0.093500 0.071336
0.094500 0.071149
0.095500 0.070964
0.096500 0.070781
0.097500 0.070600
0.098500 0.070421
0.099500 0.070244
0.100500 0.070069
0.101500 0.069896
0.102500 0.069725
0.103500 0.069556
0.104500 0.069389
0.105500 0.069224
0.106500 0.069061
0.107500 0.068900
0.108500 0.068741
0.109500 0.068584
0.110500 0.068429
0.111500 0.068276
0.112500 0.068125
0.113500 0.067976
0.114500 0.067829
0.115500 0.067684
0.116500 0.067541
0.117500 0.067400
0.118500 0.067261
0.119500 0.067124
0.120500 0.066989
0.121500 0.066856
0.122500 0.066725
0.123500 0.066596
0.124500 0.066469
0.125500 0.066344
0.126500 0.066221
0.127500 0.066100
0.128500 0.065981
0.129500 0.065864
0.130500 0.065749
0.131500 0.065636
0.132500 0.065525
0.133500 0.065416
0.134500 0.065309
0.135500 0.065204
0.136500 0.065101
0.137500 0.065000
0.138500 0.064901
0.139500 0.064804
0.140500 0.064709
0.141500 0.064616
0.142500 0.064525
0.143500 0.064436
0.144500 0.064349
0.145500 0.064264
0.146500 0.064181
0.147500 0.064100
0.148500 0.064021
0.149500 0.063944
0.150500 0.063869
0.151500 0.063796
0.152500 0.063725
0.153500 0.063656
0.154500 0.063589
0.155500 0.063524
0.156500 0.063461
0.157500 0.063400
0.158500 0.063341
0.159500 0.063284
0.160500 0.063229
0.161500 0.063176
0.162500 0.063125
0.163500 0.063076
0.164500 0.063029
0.165500 0.062984
0.166500 0.062941
0.167500 0.062900
0.168500 0.062861
0.169500 0.062824
0.170500 0.062789
0.171500 0.062756
0.172500 0.062725
0.173500 0.062696
0.174500 0.062669
0.175500 0.062644
0.176500 0.062621
0.177500 0.062600
0.178500 0.062581
0.179500 0.062564
0.180500 0.062549
0.181500 0.062536
0.182500 0.062525
0.183500 0.062516
0.184500 0.062509
0.185500 0.062504
0.186500 0.062501
0.187500 0.062500
0.188500 0.062501
0.189500 0.062504
0.190500 0.062509
0.191500 0.062516
0.192500 0.062525
0.193500 0.062536
0.194500 0.062549
0.195500 0.062564
0.196500 0.062581
0.197500 0.062600
0.198500 0.062621
0.199500 0.062644
0.200500 0.062669
0.201500 0.062696
0.202500 0.062725
0.203500 0.062756
0.204500 0.062789
0.205500 0.062824
0.206500 0.062861
0.207500 0.062900
0.208500 0.062941
0.209500 0.062984
0.210500 0.063029
0.211500 0.063076
0.212500 0.063125
0.213500 0.063176
0.214500 0.063229
0.215500 0.063284
0.216500 0.063341
0.217500 0.063400
0.218500 0.063461
0.219500 0.063524
0.220500 0.063589
0.221500 0.063656
0.222500 0.063725
0.223500 0.063796
0.224500 0.063869
0.225500 0.063944
0.226500 0.064021
0.227500 0.064100
0.228500 0.064181
0.229500 0.064264
0.230500 0.064349
0.231500 0.064436
0.232500 0.064525
0.233500 0.064616
0.234500 0.064709
0.235500 0.064804
0.236500 0.064901
0.237500 0.065000
0.238500 0.065101
0.239500 0.065204
0.240500 0.065309
0.241500 0.065416
0.242500 0.065525
0.243500 0.065636
0.244500 0.065749
0.245500 0.065864
0.246500 0.065981
0.247500 0.066100
0.248500 0.066221
0.249500 0.066344
0.250500 0.066344
0.251500 0.066221
0.252500 0.066100
0.253500 0.065981
0.254500 0.065864
0.255500 0.065749
0.256500 0.065636
0.257500 0.065525
0.258500 0.065416
0.259500 0.065309
0.260500 0.065204
0.261500 0.065101
0.262500 0.065000
0.263500 0.064901
0.264500 0.064804
0.265500 0.064709
0.266500 0.064616
0.267500 0.064525
0.268500 0.064436
0.269500 0.064349
0.270500 0.064264
0.271500 0.064181
0.272500 0.064100
0.273500 0.064021
0.274500 0.063944
0.275500 0.063869
0.276500 0.063796
0.277500 0.063725
0.278500 0.063656
0.279500 0.063589
0.280500 0.063524
0.281500 0.063461
0.282500 0.063400
0.283500 0.063341
0.284500 0.063284
0.285500 0.063229
0.286500 0.063176
0.287500 0.063125
0.288500 0.063076
0.289500 0.063029
0.290500 0.062984
0.291500 0.062941
0.292500 0.062900
0.293500 0.062861
0.294500 0.062824
0.295500 0.062789
0.296500 0.062756
0.297500 0.062725
0.298500 0.062696
0.299500 0.062669
0.300500 0.062644
0.301500 0.062621
0.302500 0.062600
0.303500 0.062581
0.304500 0.062564
0.305500 0.062549
0.306500 0.062536
0.307500 0.062525
0.308500 0.062516
0.309500 0.062509
0.310500 0.062504
0.311500 0.062501
0.312500 0.062500
0.313500 0.062501
0.314500 0.062504
0.315500 0.062509
0.316500 0.062516
0.317500 0.062525
0.318500 0.062536
0.319500 0.062549
0.320500 0.062564
0.321500 0.062581
0.322500 0.062600
0.323500 0.062621
0.324500 0.062644
0.325500 0.062669
0.326500 0.062696
0.327500 0.062725
0.328500 0.062756
0.329500 0.062789
0.330500 0.062824
0.331500 0.062861
0.332500 0.062900
0.333500 0.062941
0.334500 0.062984
0.335500 0.063029
0.336500 0.063076
0.337500 0.063125
0.338500 0.063176
0.339500 0.063229
0.340500 0.063284
0.341500 0.063341
0.342500 0.063400
0.343500 0.063461
0.344500 0.063524
0.345500 0.063589
0.346500 0.063656
0.347500 0.063725
0.348500 0.063796
0.349500 0.063869
0.350500 0.063944
0.351500 0.064021
0.352500 0.064100
0.353500 0.064181
0.354500 0.064264
0.355500 0.064349
0.356500 0.064436
0.357500 0.064525
0.358500 0.064616
0.359500 0.064709
0.360500 0.064804
0.361500 0.064901
0.362500 0.065000
0.363500 0.065101
0.364500 0.065204
0.365500 0.065309
0.366500 0.065416
0.367500 0.065525
0.368500 0.065636
0.369500 0.065749
0.370500 0.065864
0.371500 0.065981
0.372500 0.066100
0.373500 0.066221
0.374500 0.066344
0.375500 0.066344
0.376500 0.066221
0.377500 0.066100
0.378500 0.065981
0.379500 0.065864
0.380500 0.065749
0.381500 0.065636
0.382500 0.065525
0.383500 0.065416
0.384500 0.065309
0.385500 0.065204
0.386500 0.065101
0.387500 0.065000
0.388500 0.064901
0.389500 0.064804
0.390500 0.064709
0.391500 0.064616
0.392500 0.064525
0.393500 0.064436
0.394500 0.064349
0.395500 0.064264
0.396500 0.064181
0.397500 0.064100
0.398500 0.064021
0.399500 0.063944
0.400500 0.063869
0.401500 0.063796
0.402500 0.063725
0.403500 0.063656
0.404500 0.063589
0.405500 0.063524
0.406500 0.063461
0.407500 0.063400
0.408500 0.063341
0.409500 0.063284
0.410500 0.063229
0.411500 0.063176
0.412500 0.063125
0.413500 0.063076
0.414500 0.063029
0.415500 0.062984
0.416500 0.062941
0.417500 0.062900
0.418500 0.062861
0.419500 0.062824
0.420500 0.062789
0.421500 0.062756
0.422500 0.062725
0.423500 0.062696
0.424500 0.062669
0.425500 0.062644
0.426500 0.062621
0.427500 0.062600
0.428500 0.062581
0.429500 0.062564
0.430500 0.062549
0.431500 0.062536
0.432500 0.062525
0.433500 0.062516
0.434500 0.062509
0.435500 0.062504
0.436500 0.062501
0.437500 0.062500
0.438500 0.062501
0.439500 0.062504
0.440500 0.062509
0.441500 0.062516
0.442500 0.062525
0.443500 0.062536
0.444500 0.062549
0.445500 0.062564
0.446500 0.062581
0.447500 0.062600
0.448500 0.062621
0.449500 0.062644
0.450500 0.062669
0.451500 0.062696
0.452500 0.062725
0.453500 0.062756
0.454500 0.062789
0.455500 0.062824
0.456500 0.062861
0.457500 0.062900
0.458500 0.062941
0.459500 0.062984
0.460500 0.063029
0.461500 0.063076
0.462500 0.063125
0.463500 0.063176
0.464500 0.063229
0.465500 0.063284
0.466500 0.063341
0.467500 0.063400
0.468500 0.063461
0.469500 0.063524
0.470500 0.063589
0.471500 0.063656
0.472500 0.063725
0.473500 0.063796
0.474500 0.063869
0.475500 0.063944
0.476500 0.064021
0.477500 0.064100
0.478500 0.064181
0.479500 0.064264
0.480500 0.064349
0.481500 0.064436
0.482500 0.064525
0.483500 0.064616
0.484500 0.064709
0.485500 0.064804
0.486500 0.064901
0.487500 0.065000
0.488500 0.065101
0.489500 0.065204
0.490500 0.065309
0.491500 0.065416
0.492500 0.065525
0.493500 0.065636
0.494500 0.065749
0.495500 0.065864
0.496500 0.065981
0.497500 0.066100
0.498500 0.066221
0.499500 0.066344
0.500500 0.066344
0.501500 0.066221
0.502500 0.066100
0.503500 0.065981
0.504500 0.065864
0.505500 0.065749
0.506500 0.065636
0.507500 0.065525
0.508500 0.065416
0.509500 0.065309
0.510500 0.065204
0.511500 0.065101
0.512500 0.065000
0.513500 0.064901
0.514500 0.064804
0.515500 0.064709
0.516500 0.064616
0.517500 0.064525
0.518500 0.064436
0.519500 0.064349
0.520500 0.064264
0.521500 0.064181
0.522500 0.064100
0.523500 0.064021
0.524500 0.063944
0.525500 0.063869
0.526500 0.063796
0.527500 0.063725
0.528500 0.063656
0.529500 0.063589
0.530500 0.063524
0.531500 0.063461
0.532500 0.063400
0.533500 0.063341
0.534500 0.063284
0.535500 0.063229
0.536500 0.063176
0.537500 0.063125
0.538500 0.063076
0.539500 0.063029
0.540500 0.062984
0.541500 0.062941
0.542500 0.062900
0.543500 0.062861
0.544500 0.062824
0.545500 0.062789
0.546500 0.062756
0.547500 0.062725
0.548500 0.062696
0.549500 0.062669
0.550500 0.062644
0.551500 0.062621
0.552500 0.062600
0.553500 0.062581
0.554500 0.062564
0.555500 0.062549
0.556500 0.062536
0.557500 0.062525
0.558500 0.062516
0.559500 0.062509
0.560500 0.062504
0.561500 0.062501
0.562500 0.062500
0.563500 0.062501
0.564500 0.062504
0.565500 0.062509
0.566500 0.062516
0.567500 0.062525
0.568500 0.062536
0.569500 0.062549
0.570500 0.062564
0.571500 0.062581
0.572500 0.062600
0.573500 0.062621
0.574500 0.062644
0.575500 0.062669
0.576500 0.062696
0.577500 0.062725
0.578500 0.062756
0.579500 0.062789
0.580500 0.062824
0.581500 0.062861
0.582500 0.062900
0.583500 0.062941
0.584500 0.062984
0.585500 0.063029
0.586500 0.063076
0.587500 0.063125
0.588500 0.063176
0.589500 0.063229
0.590500 0.063284
0.591500 0.063341
0.592500 0.063400
0.593500 0.063461
0.594500 0.063524
0.595500 0.063589
0.596500 0.063656
0.597500 0.063725
0.598500 0.063796
0.599500 0.063869
0.600500 0.063944
0.601500 0.064021
0.602500 0.064100
0.603500 0.064181
0.604500 0.064264
0.605500 0.064349
0.606500 0.064436
0.607500 0.064525
0.608500 0.064616
0.609500 0.064709
0.610500 0.064804
0.611500 0.064901
0.612500 0.065000
0.613500 0.065101
0.614500 0.065204
0.615500 0.065309
0.616500 0.065416
0.617500 0.065525
0.618500 0.065636
0.619500 0.065749
0.620500 0.065864
0.621500 0.065981
0.622500 0.066100
0.623500 0.066221
0.624500 0.066344
0.625500 0.066344
0.626500 0.066221
0.627500 0.066100
0.628500 0.065981
0.629500 0.065864
0.630500 0.065749
0.631500 0.065636
0.632500 0.065525
0.633500 0.065416
0.634500 0.065309
0.635500 0.065204
0.636500 0.065101
0.637500 0.065000
0.638500 0.064901
0.639500 0.064804
0.640500 0.064709
0.641500 0.064616
0.642500 0.064525
0.643500 0.064436
0.644500 0.064349
0.645500 0.064264
0.646500 0.064181
0.647500 0.064100
0.648500 0.064021
0.649500 0.063944
0.650500 0.063869
0.651500 0.063796
0.652500 0.063725
0.653500 0.063656
0.654500 0.063589
0.655500 0.063524
0.656500 0.063461
0.657500 0.063400
0.658500 0.063341
0.659500 0.063284
0.660500 0.063229
0.661500 0.063176
0.662500 0.063125
0.663500 0.063076
0.664500 0.063029
0.665500 0.062984
0.666500 0.062941
0.667500 0.062900
0.668500 0.062861
0.669500 0.062824
0.670500 0.062789
0.671500 0.062756
0.672500 0.062725
0.673500 0.062696
0.674500 0.062669
0.675500 0.062644
0.676500 0.062621
0.677500 0.062600
0.678500 0.062581
0.679500 0.062564
0.680500 0.062549
0.681500 0.062536
0.682500 0.062525
0.683500 0.062516
0.684500 0.062509
0.685500 0.062504
0.686500 0.062501
0.686500 -0.313499
0.685500 -0.314496
0.684500 -0.315491
0.683500 -0.316484
0.682500 -0.317475
0.681500 -0.318464
0.680500 -0.319451
0.679500 -0.320436
0.678500 -0.321419
0.677500 -0.322400
0.676500 -0.323379
0.675500 -0.324356
0.674500 -0.325331
0.673500 -0.326304
0.672500 -0.327275
0.671500 -0.328244
0.670500 -0.329211
0.669500 -0.330176
0.668500 -0.331139
0.667500 -0.332100
0.666500 -0.333059
0.665500 -0.334016
0.664500 -0.334971
0.663500 -0.335924
0.662500 -0.336875
0.661500 -0.337824
0.660500 -0.338771
0.659500 -0.339716
0.658500 -0.340659
0.657500 -0.341600
0.656500 -0.342539
0.655500 -0.343476
0.654500 -0.344411
0.653500 -0.345344
0.652500 -0.346275
0.651500 -0.347204
0.650500 -0.348131
0.649500 -0.349056
0.648500 -0.349979
0.647500 -0.350900
0.646500 -0.351819
0.645500 -0.352736
0.644500 -0.353651
0.643500 -0.354564
0.642500 -0.355475
0.641500 -0.356384
0.640500 -0.357291
0.639500 -0.358196
0.638500 -0.359099
0.637500 -0.360000
0.636500 -0.360899
0.635500 -0.361796
0.634500 -0.362691
0.633500 -0.363584
0.632500 -0.364475
0.631500 -0.365364
0.630500 -0.366251
0.629500 -0.367136
0.628500 -0.368019
0.627500 -0.368900
0.626500 -0.369779
0.625500 -0.370656
0.624500 -0.371531
0.623500 -0.372404
0.622500 -0.373275
0.621500 -0.374144
0.620500 -0.375011
0.619500 -0.375876
0.618500 -0.376739
0.617500 -0.377600
0.616500 -0.378459
0.615500 -0.379316
0.614500 -0.380171
0.613500 -0.381024
0.612500 -0.381875
0.611500 -0.382724
0.610500 -0.383571
0.609500 -0.384416
0.608500 -0.385259
0.607500 -0.386100
0.606500 -0.386939
0.605500 -0.387776
0.604500 -0.388611
0.603500 -0.389444
0.602500 -0.390275
0.601500 -0.391104
0.600500 -0.391931
0.599500 -0.392756
0.598500 -0.393579
0.597500 -0.394400
0.596500 -0.395219
0.595500 -0.396036
0.594500 -0.396851
0.593500 -0.397664
0.592500 -0.398475
0.591500 -0.399284
0.590500 -0.400091
0.589500 -0.400896
0.588500 -0.401699
0.587500 -0.402500
0.586500 -0.403299
0.585500 -0.404096
0.584500 -0.404891
0.583500 -0.405684
0.582500 -0.406475
0.581500 -0.407264
0.580500 -0.408051
0.579500 -0.408836
0.578500 -0.409619
0.577500 -0.410400
0.576500 -0.411179
0.575500 -0.411956
0.574500 -0.412731
0.573500 -0.413504
0.572500 -0.414275
0.571500 -0.415044
0.570500 -0.415811
0.569500 -0.416576
0.568500 -0.417339
0.567500 -0.418100
0.566500 -0.418859
0.565500 -0.419616
0.564500 -0.420371
0.563500 -0.421124
0.562500 -0.421875
0.561500 -0.422624
0.560500 -0.423371
0.559500 -0.424116
0.558500 -0.424859
0.557500 -0.425600
0.556500 -0.426339
0.555500 -0.427076
0.554500 -0.427811
0.553500 -0.428544
0.552500 -0.429275
0.551500 -0.430004
0.550500 -0.430731
0.549500 -0.431456
0.548500 -0.432179
0.547500 -0.432900
0.546500 -0.433619
0.545500 -0.434336
0.544500 -0.435051
0.543500 -0.435764
0.542500 -0.436475
0.541500 -0.437184
0.540500 -0.437891
0.539500 -0.438596
0.538500 -0.439299
0.537500 -0.440000
0.536500 -0.440699
0.535500 -0.441396
0.534500 -0.442091
0.533500 -0.442784
0.532500 -0.443475
0.531500 -0.444164
0.530500 -0.444851
0.529500 -0.445536
0.528500 -0.446219
0.527500 -0.446900
0.526500 -0.447579
0.525500 -0.448256
0.524500 -0.448931
0.523500 -0.449604
0.522500 -0.450275
0.521500 -0.450944
0.520500 -0.451611
0.519500 -0.452276
0.518500 -0.452939
0.517500 -0.453600
0.516500 -0.454259
0.515500 -0.454916
0.514500 -0.455571
0.513500 -0.456224
0.512500 -0.456875
0.511500 -0.457524
0.510500 -0.458171
0.509500 -0.458816
0.508500 -0.459459
0.507500 -0.460100
0.506500 -0.460739
0.505500 -0.461376
0.504500 -0.462011
0.503500 -0.462644
0.502500 -0.463275
0.501500 -0.463904
0.500500 -0.464531
0.499500 -0.464531
0.498500 -0.463904
0.497500 -0.463275
0.496500 -0.462644
0.495500 -0.462011
0.494500 -0.461376
0.493500 -0.460739
0.492500 -0.460100
0.491500 -0.459459
0.490500 -0.458816
0.489500 -0.458171
0.488500 -0.457524
0.487500 -0.456875
0.486500 -0.456224
0.485500 -0.455571
0.484500 -0.454916
0.483500 -0.454259
0.482500 -0.453600
0.481500 -0.452939
0.480500 -0.452276
0.479500 -0.451611
0.478500 -0.450944
0.477500 -0.450275
0.476500 -0.449604
0.475500 -0.448931
0.474500 -0.448256
0.473500 -0.447579
0.472500 -0.446900
0.471500 -0.446219
0.470500 -0.445536
0.469500 -0.444851
0.468500 -0.444164
0.467500 -0.443475
0.466500 -0.442784
0.465500 -0.442091
0.464500 -0.441396
0.463500 -0.440699
0.462500 -0.440000
0.461500 -0.439299
0.460500 -0.438596
0.459500 -0.437891
0.458500 -0.437184
0.457500 -0.436475
0.456500 -0.435764
0.455500 -0.435051
0.454500 -0.434336
0.453500 -0.433619
0.452500 -0.432900
0.451500 -0.432179
0.450500 -0.431456
0.449500 -0.430731
0.448500 -0.430004
0.447500 -0.429275
0.446500 -0.428544
0.445500 -0.427811
0.444500 -0.427076
0.443500 -0.426339
0.442500 -0.425600
0.441500 -0.424859
0.440500 -0.424116
0.439500 -0.423371
0.438500 -0.422624
0.437500 -0.421875
0.436500 -0.421124
0.435500 -0.420371
0.434500 -0.419616
0.433500 -0.418859
0.432500 -0.418100
0.431500 -0.417339
0.430500 -0.416576
0.429500 -0.415811
0.428500 -0.415044
0.427500 -0.414275
0.426500 -0.413504
0.425500 -0.412731
0.424500 -0.411956
0.423500 -0.411179
0.422500 -0.410400
0.421500 -0.409619
0.420500 -0.408836
0.419500 -0.408051
0.418500 -0.407264
0.417500 -0.406475
0.416500 -0.405684
0.415500 -0.404891
0.414500 -0.404096
0.413500 -0.403299
0.412500 -0.402500
0.411500 -0.401699
0.410500 -0.400896
0.409500 -0.400091
0.408500 -0.399284
0.407500 -0.398475
0.406500 -0.397664
0.405500 -0.396851
0.404500 -0.396036
0.403500 -0.395219
0.402500 -0.394400
0.401500 -0.393579
0.400500 -0.392756
0.399500 -0.391931
0.398500 -0.391104
0.397500 -0.390275
0.396500 -0.389444
0.395500 -0.388611
0.394500 -0.387776
0.393500 -0.386939
0.392500 -0.386100
0.391500 -0.385259
0.390500 -0.384416
0.389500 -0.383571
0.388500 -0.382724
0.387500 -0.381875
0.386500 -0.381024
0.385500 -0.380171
0.384500 -0.379316
0.383500 -0.378459
0.382500 -0.377600
0.381500 -0.376739
0.380500 -0.375876
0.379500 -0.375011
0.378500 -0.374144
0.377500 -0.373275
0.376500 -0.372404
0.375500 -0.371531
0.374500 -0.370656
0.373500 -0.369779
0.372500 -0.368900
0.371500 -0.368019
0.370500 -0.367136
0.369500 -0.366251
0.368500 -0.365364
0.367500 -0.364475
0.366500 -0.363584
0.365500 -0.362691
0.364500 -0.361796
0.363500 -0.360899
0.362500 -0.360000
0.361500 -0.359099
0.360500 -0.358196
0.359500 -0.357291
0.358500 -0.356384
0.357500 -0.355475
0.356500 -0.354564
0.355500 -0.353651
0.354500 -0.352736
0.353500 -0.351819
0.352500 -0.350900
0.351500 -0.349979
0.350500 -0.349056
0.349500 -0.348131
0.348500 -0.347204
0.347500 -0.346275
0.346500 -0.345344
0.345500 -0.344411
0.344500 -0.343476
0.343500 -0.342539
0.342500 -0.341600
0.341500 -0.340659
0.340500 -0.339716
0.339500 -0.338771
0.338500 -0.337824
0.337500 -0.336875
0.336500 -0.335924
0.335500 -0.334971
0.334500 -0.334016
0.333500 -0.333059
0.332500 -0.332100
0.331500 -0.331139
0.330500 -0.330176
0.329500 -0.329211
0.328500 -0.328244
0.327500 -0.327275
0.326500 -0.326304
0.325500 -0.325331
0.324500 -0.324356
0.323500 -0.323379
0.322500 -0.322400
0.321500 -0.321419
0.320500 -0.320436
0.319500 -0.319451
0.318500 -0.318464
0.317500 -0.317475
0.316500 -0.316484
0.315500 -0.315491
0.314500 -0.314496
0.313500 -0.313499
0.312500 -0.312500
0.311500 -0.311501
0.310500 -0.310504
0.309500 -0.309509
0.308500 -0.308516
0.307500 -0.307525
0.306500 -0.306536
0.305500 -0.305549
0.304500 -0.304564
0.303500 -0.303581
0.302500 -0.302600
0.301500 -0.301621
0.300500 -0.300644
0.299500 -0.299669
0.298500 -0.298696
0.297500 -0.297725
0.296500 -0.296756
0.295500 -0.295789
0.294500 -0.294824
0.293500 -0.293861
0.292500 -0.292900
0.291500 -0.291941
0.290500 -0.290984
0.289500 -0.290029
0.288500 -0.289076
0.287500 -0.288125
0.286500 -0.287176
0.285500 -0.286229
0.284500 -0.285284
0.283500 -0.284341
0.282500 -0.283400
0.281500 -0.282461
0.280500 -0.281524
0.279500 -0.280589
0.278500 -0.279656
0.277500 -0.278725
0.276500 -0.277796
0.275500 -0.276869
0.274500 -0.275944
0.273500 -0.275021
0.272500 -0.274100
0.271500 -0.273181
0.270500 -0.272264
0.269500 -0.271349
0.268500 -0.270436
0.267500 -0.269525
0.266500 -0.268616
0.265500 -0.267709
0.264500 -0.266804
0.263500 -0.265901
0.262500 -0.265000
0.261500 -0.264101
0.260500 -0.263204
0.259500 -0.262309
0.258500 -0.261416
0.257500 -0.260525
0.256500 -0.259636
0.255500 -0.258749
0.254500 -0.257864
0.253500 -0.256981
0.252500 -0.256100
0.251500 -0.255221
0.250500 -0.254344
0.249500 -0.253469
0.248500 -0.252596
0.247500 -0.251725
0.246500 -0.250856
0.245500 -0.249989
0.244500 -0.249124
0.243500 -0.248261
0.242500 -0.247400
0.241500 -0.246541
0.240500 -0.245684
0.239500 -0.244829
0.238500 -0.243976
0.237500 -0.243125
0.236500 -0.242276
0.235500 -0.241429
0.234500 -0.240584
0.233500 -0.239741
0.232500 -0.238900
0.231500 -0.238061
0.230500 -0.237224
0.229500 -0.236389
0.228500 -0.235556
0.227500 -0.234725
0.226500 -0.233896
0.225500 -0.233069
0.224500 -0.232244
0.223500 -0.231421
0.222500 -0.230600
0.221500 -0.229781
0.220500 -0.228964
0.219500 -0.228149
0.218500 -0.227336
0.217500 -0.226525
0.216500 -0.225716
0.215500 -0.224909
0.214500 -0.224104
0.213500 -0.223301
0.212500 -0.222500
0.211500 -0.221701
0.210500 -0.220904
0.209500 -0.220109
0.208500 -0.219316
0.207500 -0.218525
0.206500 -0.217736
0.205500 -0.216949
0.204500 -0.216164
0.203500 -0.215381
0.202500 -0.214600
0.201500 -0.213821
0.200500 -0.213044
0.199500 -0.212269
0.198500 -0.211496
0.197500 -0.210725
0.196500 -0.209956
0.195500 -0.209189
0.194500 -0.208424
0.193500 -0.207661
0.192500 -0.206900
0.191500 -0.206141
0.190500 -0.205384
0.189500 -0.204629
0.188500 -0.203876
0.187500 -0.203125
0.186500 -0.202376
0.185500 -0.201629
0.184500 -0.200884
0.183500 -0.200141
0.182500 -0.199400
0.181500 -0.198661
0.180500 -0.197924
0.179500 -0.197189
0.178500 -0.196456
0.177500 -0.195725
0.176500 -0.194996
0.175500 -0.194269
0.174500 -0.193544
0.173500 -0.192821
0.172500 -0.192100
0.171500 -0.191381
0.170500 -0.190664
0.169500 -0.189949
0.168500 -0.189236
0.167500 -0.188525
0.166500 -0.187816
0.165500 -0.187109
0.164500 -0.186404
0.163500 -0.185701
0.162500 -0.185000
0.161500 -0.184301
0.160500 -0.183604
0.159500 -0.182909
0.158500 -0.182216
0.157500 -0.181525
0.156500 -0.180836
0.155500 -0.180149
0.154500 -0.179464
0.153500 -0.178781
0.152500 -0.178100
0.151500 -0.177421
0.150500 -0.176744
0.149500 -0.176069
0.148500 -0.175396
0.147500 -0.174725
0.146500 -0.174056
0.145500 -0.173389
0.144500 -0.172724
0.143500 -0.172061
0.142500 -0.171400
0.141500 -0.170741
0.140500 -0.170084
0.139500 -0.169429
0.138500 -0.168776
0.137500 -0.168125
0.136500 -0.167476
0.135500 -0.166829
0.134500 -0.166184
0.133500 -0.165541
0.132500 -0.164900
0.131500 -0.164261
0.130500 -0.163624
0.129500 -0.162989
0.128500 -0.162356
0.127500 -0.161725
0.126500 -0.161096
0.125500 -0.160469
0.124500 -0.159844
0.123500 -0.159221
0.122500 -0.158600
0.121500 -0.157981
0.120500 -0.157364
0.119500 -0.156749
0.118500 -0.156136
0.117500 -0.155525
0.116500 -0.154916
0.115500 -0.154309
0.114500 -0.153704
0.113500 -0.153101
0.112500 -0.152500
0.111500 -0.151901
0.110500 -0.151304
0.109500 -0.150709
0.108500 -0.150116
0.107500 -0.149525
0.106500 -0.148936
0.105500 -0.148349
0.104500 -0.147764
0.103500 -0.147181
0.102500 -0.146600
0.101500 -0.146021
0.100500 -0.145444
0.099500 -0.144869
0.098500 -0.144296
0.097500 -0.143725
0.096500 -0.143156
0.095500 -0.142589
0.094500 -0.142024
0.093500 -0.141461
0.092500 -0.140900
0.091500 -0.140341
0.090500 -0.139784
0.089500 -0.139229
0.088500 -0.138676
0.087500 -0.138125
0.086500 -0.137576
0.085500 -0.137029
0.084500 -0.136484
0.083500 -0.135941
0.082500 -0.135400
0.081500 -0.134861
0.080500 -0.134324
0.079500 -0.133789
0.078500 -0.133256
0.077500 -0.132725
0.076500 -0.132196
0.075500 -0.131669
0.074500 -0.131144
0.073500 -0.130621
0.072500 -0.130100
0.071500 -0.129581
0.070500 -0.129064
0.069500 -0.128549
0.068500 -0.128036
0.067500 -0.127525
0.066500 -0.127016
0.065500 -0.126509
0.064500 -0.126004
0.063500 -0.125501
0.062500 -0.125000
0.061500 -0.124501
0.060500 -0.124004
0.059500 -0.123509
0.058500 -0.123016
0.057500 -0.122525
0.056500 -0.122036
0.055500 -0.121549
0.054500 -0.121064
0.053500 -0.120581
0.052500 -0.120100
0.051500 -0.119621
0.050500 -0.119144
0.049500 -0.118669
0.048500 -0.118196
0.047500 -0.117725
0.046500 -0.117256
0.045500 -0.116789
0.044500 -0.116324
0.043500 -0.115861
0.042500 -0.115400
0.041500 -0.114941
0.040500 -0.114484
0.039500 -0.114029
0.038500 -0.113576
0.037500 -0.113125
0.036500 -0.112676
0.035500 -0.112229
0.034500 -0.111784
0.033500 -0.111341
0.032500 -0.110900
0.031500 -0.110461
0.030500 -0.110024
0.029500 -0.109589
0.028500 -0.109156
0.027500 -0.108725
0.026500 -0.108296
0.025500 -0.107869
0.024500 -0.107444
0.023500 -0.107021
0.022500 -0.106600
0.021500 -0.106181
0.020500 -0.105764
0.019500 -0.105349
0.018500 -0.104936
0.017500 -0.104525
0.016500 -0.104116
0.015500 -0.103709
0.014500 -0.103304
0.013500 -0.102901
0.012500 -0.102500
0.011500 -0.102101
0.010500 -0.101704
0.009500 -0.101309
0.008500 -0.100916
0.007500 -0.100525
0.006500 -0.100136
0.005500 -0.099749
0.004500 -0.099364
0.003500 -0.098981
0.002500 -0.098600
0.001500 -0.098221
0.000500 -0.097844
-0.000500 -0.097469
-0.001500 -0.097096
-0.002500 -0.096725
-0.003500 -0.096356
-0.004500 -0.095989
-0.005500 -0.095624
-0.006500 -0.095261
-0.007500 -0.094900
-0.008500 -0.094541
-0.009500 -0.094184
-0.010500 -0.093829
-0.011500 -0.093476
-0.012500 -0.093125
-0.013500 -0.092776
-0.014500 -0.092429
-0.015500 -0.092084
-0.016500 -0.091741
-0.017500 -0.091400
-0.018500 -0.091061
-0.019500 -0.090724
-0.020500 -0.090389
-0.021500 -0.090056
-0.022500 -0.089725
-0.023500 -0.089396
-0.024500 -0.089069
-0.025500 -0.088744
-0.026500 -0.088421
-0.027500 -0.088100
-0.028500 -0.087781
-0.029500 -0.087464
-0.030500 -0.087149
-0.031500 -0.086836
-0.032500 -0.086525
-0.033500 -0.086216
-0.034500 -0.085909
-0.035500 -0.085604
-0.036500 -0.085301
-0.037500 -0.085000
-0.038500 -0.084701
-0.039500 -0.084404
-0.040500 -0.084109
-0.041500 -0.083816
-0.042500 -0.083525
-0.043500 -0.083236
-0.044500 -0.082949
-0.045500 -0.082664
-0.046500 -0.082381
-0.047500 -0.082100
-0.048500 -0.081821
-0.049500 -0.081544
-0.050500 -0.081269
-0.051500 -0.080996
-0.052500 -0.080725
-0.053500 -0.080456
-0.054500 -0.080189
-0.055500 -0.079924
-0.056500 -0.079661
-0.057500 -0.079400
-0.058500 -0.079141
-0.059500 -0.078884
-0.060500 -0.078629
-0.061500 -0.078376
-0.062500 -0.078125
-0.063500 -0.077876
-0.064500 -0.077629
-0.065500 -0.077384
-0.066500 -0.077141
-0.067500 -0.076900
-0.068500 -0.076661
-0.069500 -0.076424
-0.070500 -0.076189
-0.071500 -0.075956
-0.072500 -0.075725
-0.073500 -0.075496
-0.074500 -0.075269
-0.075500 -0.075044
-0.076500 -0.074821
-0.077500 -0.074600
-0.078500 -0.074381
-0.079500 -0.074164
-0.080500 -0.073949
-0.081500 -0.073736
-0.082500 -0.073525
-0.083500 -0.073316
-0.084500 -0.073109
-0.085500 -0.072904
-0.086500 -0.072701
-0.087500 -0.072500
-0.088500 -0.072301
-0.089500 -0.072104
-0.090500 -0.071909
-0.091500 -0.071716
-0.092500 -0.071525
-0.093500 -0.071336
-0.094500 -0.071149
-0.095500 -0.070964
-0.096500 -0.070781
-0.097500 -0.070600
-0.098500 -0.070421
-0.099500 -0.070244
-0.100500 -0.070069
-0.101500 -0.069896
-0.102500 -0.069725
-0.103500 -0.069556
-0.104500 -0.069389
-0.105500 -0.069224
-0.106500 -0.069061
-0.107500 -0.068900
-0.108500 -0.068741
-0.109500 -0.068584
-0.110500 -0.068429
-0.111500 -0.068276
-0.112500 -0.068125
-0.113500 -0.067976
-0.114500 -0.067829
-0.115500 -0.067684
-0.116500 -0.067541
-0.117500 -0.067400
-0.118500 -0.067261
-0.119500 -0.067124
-0.120500 -0.066989
-0.121500 -0.066856
-0.122500 -0.066725
-0.123500 -0.066596
-0.124500 -0.066469
-0.125500 -0.066344
-0.126500 -0.066221
-0.127500 -0.066100
-0.128500 -0.065981
-0.129500 -0.065864
-0.130500 -0.065749
-0.131500 -0.065636
-0.132500 -0.065525
-0.133500 -0.065416
-0.134500 -0.065309
-0.135500 -0.065204
-0.136500 -0.065101
-0.137500 -0.065000
-0.138500 -0.064901
-0.139500 -0.064804
-0.140500 -0.064709
-0.141500 -0.064616
-0.142500 -0.064525
-0.143500 -0.064436
-0.144500 -0.064349
-0.145500 -0.064264
-0.146500 -0.064181
-0.147500 -0.064100
-0.148500 -0.064021
-0.149500 -0.063944
-0.150500 -0.063869
-0.151500 -0.063796
-0.152500 -0.063725
-0.153500 -0.063656
-0.154500 -0.063589
-0.155500 -0.063524
-0.156500 -0.063461
-0.157500 -0.063400
-0.158500 -0.063341
-0.159500 -0.063284
-0.160500 -0.063229
-0.161500 -0.063176
-0.162500 -0.063125
-0.163500 -0.063076
-0.164500 -0.063029
-0.165500 -0.062984
-0.166500 -0.062941
-0.167500 -0.062900
-0.168500 -0.062861
-0.169500 -0.062824
-0.170500 -0.062789
-0.171500 -0.062756
-0.172500 -0.062725
-0.173500 -0.062696
-0.174500 -0.062669
-0.175500 -0.062644
-0.176500 -0.062621
-0.177500 -0.062600
-0.178500 -0.062581
-0.179500 -0.062564
-0.180500 -0.062549
-0.181500 -0.062536
-0.182500 -0.062525
-0.183500 -0.062516
-0.184500 -0.062509
-0.185500 -0.062504
-0.186500 -0.062501
-0.187500 -0.062500
-0.188500 -0.062501
-0.189500 -0.062504
-0.190500 -0.062509
-0.191500 -0.062516
-0.192500 -0.062525
-0.193500 -0.062536
-0.194500 -0.062549
-0.195500 -0.062564
-0.196500 -0.062581
-0.197500 -0.062600
-0.198500 -0.062621
-0.199500 -0.062644
-0.200500 -0.062669
-0.201500 -0.062696
-0.202500 -0.062725
-0.203500 -0.062756
-0.204500 -0.062789
-0.205500 -0.062824
-0.206500 -0.062861
-0.207500 -0.062900
-0.208500 -0.062941
-0.209500 -0.062984
-0.210500 -0.063029
-0.211500 -0.063076
-0.212500 -0.063125
-0.213500 -0.063176
-0.214500 -0.063229
-0.215500 -0.063284
-0.216500 -0.063341
-0.217500 -0.063400
-0.218500 -0.063461
-0.219500 -0.063524
-0.220500 -0.063589
-0.221500 -0.063656
-0.222500 -0.063725
-0.223500 -0.063796
-0.224500 -0.063869
-0.225500 -0.063944
-0.226500 -0.064021
-0.227500 -0.064100
-0.228500 -0.064181
-0.229500 -0.064264
-0.230500 -0.064349
-0.231500 -0.064436
-0.232500 -0.064525
-0.233500 -0.064616
-0.234500 -0.064709
-0.235500 -0.064804
-0.236500 -0.064901
-0.237500 -0.065000
-0.238500 -0.065101
-0.239500 -0.065204
-0.240500 -0.065309
-0.241500 -0.065416
-0.242500 -0.065525
-0.243500 -0.065636
-0.244500 -0.065749
-0.245500 -0.065864
-0.246500 -0.065981
-0.247500 -0.066100
-0.248500 -0.066221
-0.249500 -0.066344
-0.250500 -0.066344
-0.251500 -0.066221
-0.252500 -0.066100
-0.253500 -0.065981
-0.254500 -0.065864
-0.255500 -0.065749
-0.256500 -0.065636
-0.257500 -0.065525
-0.258500 -0.065416
-0.259500 -0.065309
-0.260500 -0.065204
-0.261500 -0.065101
-0.262500 -0.065000
-0.263500 -0.064901
-0.264500 -0.064804
-0.265500 -0.064709
-0.266500 -0.064616
-0.267500 -0.064525
-0.268500 -0.064436
-0.269500 -0.064349
-0.270500 -0.064264
-0.271500 -0.064181
-0.272500 -0.064100
-0.273500 -0.064021
-0.274500 -0.063944
-0.275500 -0.063869
-0.276500 -0.063796
-0.277500 -0.063725
-0.278500 -0.063656
-0.279500 -0.063589
-0.280500 -0.063524
-0.281500 -0.063461
-0.282500 -0.063400
-0.283500 -0.063341
-0.284500 -0.063284
-0.285500 -0.063229
-0.286500 -0.063176
-0.287500 -0.063125
-0.288500 -0.063076
-0.289500 -0.063029
-0.290500 -0.062984
-0.291500 -0.062941
-0.292500 -0.062900
-0.293500 -0.062861
-0.294500 -0.062824
-0.295500 -0.062789
-0.296500 -0.062756
-0.297500 -0.062725
-0.298500 -0.062696
-0.299500 -0.062669
-0.300500 -0.062644
-0.301500 -0.062621
-0.302500 -0.062600
-0.303500 -0.062581
-0.304500 -0.062564
-0.305500 -0.062549
-0.306500 -0.062536
-0.307500 -0.062525
-0.308500 -0.062516
-0.309500 -0.062509
-0.310500 -0.062504
-0.311500 -0.062501
-0.312500 -0.062500
-0.313500 -0.062501
-0.314500 -0.062504
-0.315500 -0.062509
-0.316500 -0.062516
-0.317500 -0.062525
-0.318500 -0.062536
-0.319500 -0.062549
-0.320500 -0.062564
-0.321500 -0.062581
-0.322500 -0.062600
-0.323500 -0.062621
-0.324500 -0.062644
-0.325500 -0.062669
-0.326500 -0.062696
-0.327500 -0.062725
-0.328500 -0.062756
-0.329500 -0.062789
-0.330500 -0.062824
-0.331500 -0.062861
-0.332500 -0.062900
-0.333500 -0.062941
-0.334500 -0.062984
-0.335500 -0.063029
-0.336500 -0.063076
-0.337500 -0.063125
-0.338500 -0.063176
-0.339500 -0.063229
-0.340500 -0.063284
-0.341500 -0.063341
-0.342500 -0.063400
-0.343500 -0.063461
-0.344500 -0.063524
-0.345500 -0.063589
-0.346500 -0.063656
-0.347500 -0.063725
-0.348500 -0.063796
-0.349500 -0.063869
-0.350500 -0.063944
-0.351500 -0.064021
-0.352500 -0.064100
-0.353500 -0.064181
-0.354500 -0.064264
-0.355500 -0.064349
-0.356500 -0.064436
-0.357500 -0.064525
-0.358500 -0.064616
-0.359500 -0.064709
-0.360500 -0.064804
-0.361500 -0.064901
-0.362500 -0.065000
-0.363500 -0.065101
-0.364500 -0.065204
-0.365500 -0.065309
-0.366500 -0.065416
-0.367500 -0.065525
-0.368500 -0.065636
-0.369500 -0.065749
-0.370500 -0.065864
-0.371500 -0.065981
-0.372500 -0.066100
-0.373500 -0.066221
-0.374500 -0.066344
-0.375500 -0.066344
-0.376500 -0.066221
-0.377500 -0.066100
-0.378500 -0.065981
-0.379500 -0.065864
-0.380500 -0.065749
-0.381500 -0.065636
-0.382500 -0.065525
-0.383500 -0.065416
-0.384500 -0.065309
-0.385500 -0.065204
-0.386500 -0.065101
-0.387500 -0.065000
-0.388500 -0.064901
-0.389500 -0.064804
-0.390500 -0.064709
-0.391500 -0.064616
-0.392500 -0.064525
-0.393500 -0.064436
-0.394500 -0.064349
-0.395500 -0.064264
-0.396500 -0.064181
-0.397500 -0.064100
-0.398500 -0.064021
-0.399500 -0.063944
-0.400500 -0.063869
-0.401500 -0.063796
-0.402500 -0.063725
-0.403500 -0.063656
-0.404500 -0.063589
-0.405500 -0.063524
-0.406500 -0.063461
-0.407500 -0.063400
-0.408500 -0.063341
-0.409500 -0.063284
-0.410500 -0.063229
-0.411500 -0.063176
-0.412500 -0.063125
-0.413500 -0.063076
-0.414500 -0.063029
-0.415500 -0.062984
-0.416500 -0.062941
-0.417500 -0.062900
-0.418500 -0.062861
-0.419500 -0.062824
-0.420500 -0.062789
-0.421500 -0.062756
-0.422500 -0.062725
-0.423500 -0.062696
-0.424500 -0.062669
-0.425500 -0.062644
-0.426500 -0.062621
-0.427500 -0.062600
-0.428500 -0.062581
-0.429500 -0.062564
-0.430500 -0.062549
-0.431500 -0.062536
-0.432500 -0.062525
-0.433500 -0.062516
-0.434500 -0.062509
-0.435500 -0.062504
-0.436500 -0.062501
-0.437500 -0.062500
-0.438500 -0.062501
-0.439500 -0.062504
-0.440500 -0.062509
-0.441500 -0.062516
-0.442500 -0.062525
-0.443500 -0.062536
-0.444500 -0.062549
-0.445500 -0.062564
-0.446500 -0.062581
-0.447500 -0.062600
-0.448500 -0.062621
-0.449500 -0.062644
-0.450500 -0.062669
-0.451500 -0.062696
-0.452500 -0.062725
-0.453500 -0.062756
-0.454500 -0.062789
-0.455500 -0.062824
-0.456500 -0.062861
-0.457500 -0.062900
-0.458500 -0.062941
-0.459500 -0.062984
-0.460500 -0.063029
-0.461500 -0.063076
-0.462500 -0.063125
-0.463500 -0.063176
-0.464500 -0.063229
-0.465500 -0.063284
-0.466500 -0.063341
-0.467500 -0.063400
-0.468500 -0.063461
-0.469500 -0.063524
-0.470500 -0.063589
-0.471500 -0.063656
-0.472500 -0.063725
-0.473500 -0.063796
-0.474500 -0.063869
-0.475500 -0.063944
-0.476500 -0.064021
-0.477500 -0.064100
-0.478500 -0.064181
-0.479500 -0.064264
-0.480500 -0.064349
-0.481500 -0.064436
-0.482500 -0.064525
-0.483500 -0.064616
-0.484500 -0.064709
-0.485500 -0.064804
-0.486500 -0.064901
-0.487500 -0.065000
-0.488500 -0.065101
-0.489500 -0.065204
-0.490500 -0.065309
-0.491500 -0.065416
-0.492500 -0.065525
-0.493500 -0.065636
-0.494500 -0.065749
-0.495500 -0.065864
-0.496500 -0.065981
-0.497500 -0.066100
-0.498500 -0.066221
-0.499500 -0.066344
-0.500500 -0.066344
-0.501500 -0.066221
-0.502500 -0.066100
-0.503500 -0.065981
-0.504500 -0.065864
-0.505500 -0.065749
-0.506500 -0.065636
-0.507500 -0.065525
-0.508500 -0.065416
-0.509500 -0.065309
-0.510500 -0.065204
-0.511500 -0.065101
-0.512500 -0.065000
-0.513500 -0.064901
-0.514500 -0.064804
-0.515500 -0.064709
-0.516500 -0.064616
-0.517500 -0.064525
-0.518500 -0.064436
-0.519500 -0.064349
-0.520500 -0.064264
-0.521500 -0.064181
-0.522500 -0.064100
-0.523500 -0.064021
-0.524500 -0.063944
-0.525500 -0.063869
-0.526500 -0.063796
-0.527500 -0.063725
-0.528500 -0.063656
-0.529500 -0.063589
-0.530500 -0.063524
-0.531500 -0.063461
-0.532500 -0.063400
-0.533500 -0.063341
-0.534500 -0.063284
-0.535500 -0.063229
-0.536500 -0.063176
-0.537500 -0.063125
-0.538500 -0.063076
-0.539500 -0.063029
-0.540500 -0.062984
-0.541500 -0.062941
-0.542500 -0.062900
-0.543500 -0.062861
-0.544500 -0.062824
-0.545500 -0.062789
-0.546500 -0.062756
-0.547500 -0.062725
-0.548500 -0.062696
-0.549500 -0.062669
-0.550500 -0.062644
-0.551500 -0.062621
-0.552500 -0.062600
-0.553500 -0.062581
-0.554500 -0.062564
-0.555500 -0.062549
-0.556500 -0.062536
-0.557500 -0.062525
-0.558500 -0.062516
-0.559500 -0.062509
-0.560500 -0.062504
-0.561500 -0.062501
-0.562500 -0.062500
-0.563500 -0.062501
-0.564500 -0.062504
-0.565500 -0.062509
-0.566500 -0.062516
-0.567500 -0.062525
-0.568500 -0.062536
-0.569500 -0.062549
-0.570500 -0.062564
-0.571500 -0.062581
-0.572500 -0.062600
-0.573500 -0.062621
-0.574500 -0.062644
-0.575500 -0.062669
-0.576500 -0.062696
-0.577500 -0.062725
-0.578500 -0.062756
-0.579500 -0.062789
-0.580500 -0.062824
-0.581500 -0.062861
-0.582500 -0.062900
-0.583500 -0.062941
-0.584500 -0.062984
-0.585500 -0.063029
-0.586500 -0.063076
-0.587500 -0.063125
-0.588500 -0.063176
-0.589500 -0.063229
-0.590500 -0.063284
-0.591500 -0.063341
-0.592500 -0.063400
-0.593500 -0.063461
-0.594500 -0.063524
-0.595500 -0.063589
-0.596500 -0.063656
-0.597500 -0.063725
-0.598500 -0.063796
-0.599500 -0.063869
-0.600500 -0.063944
-0.601500 -0.064021
-0.602500 -0.064100
-0.603500 -0.064181
-0.604500 -0.064264
-0.605500 -0.064349
-0.606500 -0.064436
-0.607500 -0.064525
-0.608500 -0.064616
-0.609500 -0.064709
-0.610500 -0.064804
-0.611500 -0.064901
-0.612500 -0.065000
-0.613500 -0.065101
-0.614500 -0.065204
-0.615500 -0.065309
-0.616500 -0.065416
-0.617500 -0.065525
-0.618500 -0.065636
-0.619500 -0.065749
-0.620500 -0.065864
-0.621500 -0.065981
-0.622500 -0.066100
-0.623500 -0.066221
-0.624500 -0.066344
-0.625500 -0.066344
-0.626500 -0.066221
-0.627500 -0.066100
-0.628500 -0.065981
-0.629500 -0.065864
-0.630500 -0.065749
-0.631500 -0.065636
-0.632500 -0.065525
-0.633500 -0.065416
-0.634500 -0.065309
-0.635500 -0.065204
-0.636500 -0.065101
-0.637500 -0.065000
-0.638500 -0.064901
-0.639500 -0.064804
-0.640500 -0.064709
-0.641500 -0.064616
-0.642500 -0.064525
-0.643500 -0.064436
-0.644500 -0.064349
-0.645500 -0.064264
-0.646500 -0.064181
-0.647500 -0.064100
-0.648500 -0.064021
-0.649500 -0.063944
-0.650500 -0.063869
-0.651500 -0.063796
-0.652500 -0.063725
-0.653500 -0.063656
-0.654500 -0.063589
-0.655500 -0.063524
-0.656500 -0.063461
-0.657500 -0.063400
-0.658500 -0.063341
-0.659500 -0.063284
-0.660500 -0.063229
-0.661500 -0.063176
-0.662500 -0.063125
-0.663500 -0.063076
-0.664500 -0.063029
-0.665500 -0.062984
-0.666500 -0.062941
-0.667500 -0.062900
-0.668500 -0.062861
-0.669500 -0.062824
-0.670500 -0.062789
-0.671500 -0.062756
-0.672500 -0.062725
-0.673500 -0.062696
-0.674500 -0.062669
-0.675500 -0.062644
-0.676500 -0.062621
-0.677500 -0.062600
-0.678500 -0.062581
-0.679500 -0.062564
-0.680500 -0.062549
-0.681500 -0.062536
-0.682500 -0.062525
-0.683500 -0.062516
-0.684500 -0.062509
-0.685500 -0.062504
-0.686500 -0.062501
-0.687500 -0.062500
