-0.625000 0.375000
-0.624000 0.375999
-0.623000 0.376996
-0.622000 0.377991
-0.621000 0.378984
-0.620000 0.379975
-0.619000 0.380964
-0.618000 0.381951
-0.617000 0.382936
-0.616000 0.383919
-0.615000 0.384900
-0.614000 0.385879
-0.613000 0.386856
-0.612000 0.387831
-0.611000 0.388804
-0.610000 0.389775
-0.609000 0.390744
-0.608000 0.391711
-0.607000 0.392676
-0.606000 0.393639
-0.605000 0.394600
-0.604000 0.395559
-0.603000 0.396516
-0.602000 0.397471
-0.601000 0.398424
-0.600000 0.399375
-0.599000 0.400324
-0.598000 0.401271
-0.597000 0.402216
-0.596000 0.403159
-0.595000 0.404100
-0.594000 0.405039
-0.593000 0.405976
-0.592000 0.406911
-0.591000 0.407844
-0.590000 0.408775
-0.589000 0.409704
-0.588000 0.410631
-0.587000 0.411556
-0.586000 0.412479
-0.585000 0.413400
-0.584000 0.414319
-0.583000 0.415236
-0.582000 0.416151
-0.581000 0.417064
-0.580000 0.417975
-0.579000 0.418884
-0.578000 0.419791
-0.577000 0.420696
-0.576000 0.421599
-0.575000 0.422500
-0.574000 0.423399
-0.573000 0.424296
-0.572000 0.425191
-0.571000 0.426084
-0.570000 0.426975
-0.569000 0.427864
-0.568000 0.428751
-0.567000 0.429636
-0.566000 0.430519
-0.565000 0.431400
-0.564000 0.432279
-0.563000 0.433156
-0.562000 0.434031
-0.561000 0.434904
-0.560000 0.435775
-0.559000 0.436644
-0.558000 0.437511
-0.557000 0.438376
-0.556000 0.439239
-0.555000 0.440100
-0.554000 0.440959
-0.553000 0.441816
-0.552000 0.442671
-0.551000 0.443524
-0.550000 0.444375
-0.549000 0.445224
-0.548000 0.446071
-0.547000 0.446916
-0.546000 0.447759
-0.545000 0.448600
-0.544000 0.449439
-0.543000 0.450276
-0.542000 0.451111
-0.541000 0.451944
-0.540000 0.452775
-0.539000 0.453604
-0.538000 0.454431
-0.537000 0.455256
-0.536000 0.456079
-0.535000 0.456900
-0.534000 0.457719
-0.533000 0.458536
-0.532000 0.459351
-0.531000 0.460164
-0.530000 0.460975
-0.529000 0.461784
-0.528000 0.462591
-0.527000 0.463396
-0.526000 0.464199
-0.525000 0.465000
-0.524000 0.465799
-0.523000 0.466596
-0.522000 0.467391
-0.521000 0.468184
-0.520000 0.468975
-0.519000 0.469764
-0.518000 0.470551
-0.517000 0.471336
-0.516000 0.472119
-0.515000 0.472900
-0.514000 0.473679
-0.513000 0.474456
-0.512000 0.475231
-0.511000 0.476004
-0.510000 0.476775
-0.509000 0.477544
-0.508000 0.478311
-0.507000 0.479076
-0.506000 0.479839
-0.505000 0.480600
-0.504000 0.481359
-0.503000 0.482116
-0.502000 0.482871
-0.501000 0.483624
-0.500000 0.484375
-0.499000 0.483624
-0.498000 0.482871
-0.497000 0.482116
-0.496000 0.481359
-0.495000 0.480600
-0.494000 0.479839
-0.493000 0.479076
-0.492000 0.478311
-0.491000 0.477544
-0.490000 0.476775
-0.489000 0.476004
-0.488000 0.475231
-0.487000 0.474456
-0.486000 0.473679
-0.485000 0.472900
-0.484000 0.472119
-0.483000 0.471336
-0.482000 0.470551
-0.481000 0.469764
-0.480000 0.468975
-0.479000 0.468184
-0.478000 0.467391
-0.477000 0.466596
-0.476000 0.465799
-0.475000 0.465000
-0.474000 0.464199
-0.473000 0.463396
-0.472000 0.462591
-0.471000 0.461784
-0.470000 0.460975
-0.469000 0.460164
-0.468000 0.459351
-0.467000 0.458536
-0.466000 0.457719
-0.465000 0.456900
-0.464000 0.456079
-0.463000 0.455256
-0.462000 0.454431
-0.461000 0.453604
-0.460000 0.452775
-0.459000 0.451944
-0.458000 0.451111
-0.457000 0.450276
-0.456000 0.449439
-0.455000 0.448600
-0.454000 0.447759
-0.453000 0.446916
-0.452000 0.446071
-0.451000 0.445224
-0.450000 0.444375
-0.449000 0.443524
-0.448000 0.442671
-0.447000 0.441816
-0.446000 0.440959
-0.445000 0.440100
-0.444000 0.439239
-0.443000 0.438376
-0.442000 0.437511
-0.441000 0.436644
-0.440000 0.435775
-0.439000 0.434904
-0.438000 0.434031
-0.437000 0.433156
-0.436000 0.432279
-0.435000 0.431400
-0.434000 0.430519
-0.433000 0.429636
-0.432000 0.428751
-0.431000 0.427864
-0.430000 0.426975
-0.429000 0.426084
-0.428000 0.425191
-0.427000 0.424296
-0.426000 0.423399
-0.425000 0.422500
-0.424000 0.421599
-0.423000 0.420696
-0.422000 0.419791
-0.421000 0.418884
-0.420000 0.417975
-0.419000 0.417064
-0.418000 0.416151
-0.417000 0.415236
-0.416000 0.414319
-0.415000 0.413400
-0.414000 0.412479
-0.413000 0.411556
-0.412000 0.410631
-0.411000 0.409704
-0.410000 0.408775
-0.409000 0.407844
-0.408000 0.406911
-0.407000 0.405976
-0.406000 0.405039
-0.405000 0.404100
-0.404000 0.403159
-0.403000 0.402216
-0.402000 0.401271
-0.401000 0.400324
-0.400000 0.399375
-0.399000 0.398424
-0.398000 0.397471
-0.397000 0.396516
-0.396000 0.395559
-0.395000 0.394600
-0.394000 0.393639
-0.393000 0.392676
-0.392000 0.391711
-0.391000 0.390744
-0.390000 0.389775
-0.389000 0.388804
-0.388000 0.387831
-0.387000 0.386856
-0.386000 0.385879
-0.385000 0.384900
-0.384000 0.383919
-0.383000 0.382936
-0.382000 0.381951
-0.381000 0.380964
-0.380000 0.379975
-0.379000 0.378984
-0.378000 0.377991
-0.377000 0.376996
-0.376000 0.375999
-0.375000 0.375000
-0.374000 0.374001
-0.373000 0.373004
-0.372000 0.372009
-0.371000 0.371016
-0.370000 0.370025
-0.369000 0.369036
-0.368000 0.368049
-0.367000 0.367064
-0.366000 0.366081
-0.365000 0.365100
-0.364000 0.364121
-0.363000 0.363144
-0.362000 0.362169
-0.361000 0.361196
-0.360000 0.360225
-0.359000 0.359256
-0.358000 0.358289
-0.357000 0.357324
-0.356000 0.356361
-0.355000 0.355400
-0.354000 0.354441
-0.353000 0.353484
-0.352000 0.352529
-0.351000 0.351576
-0.350000 0.350625
-0.349000 0.349676
-0.348000 0.348729
-0.347000 0.347784
-0.346000 0.346841
-0.345000 0.345900
-0.344000 0.344961
-0.343000 0.344024
-0.342000 0.343089
-0.341000 0.342156
-0.340000 0.341225
-0.339000 0.340296
-0.338000 0.339369
-0.337000 0.338444
-0.336000 0.337521
-0.335000 0.336600
-0.334000 0.335681
-0.333000 0.334764
-0.332000 0.333849
-0.331000 0.332936
-0.330000 0.332025
-0.329000 0.331116
-0.328000 0.330209
-0.327000 0.329304
-0.326000 0.328401
-0.325000 0.327500
-0.324000 0.326601
-0.323000 0.325704
-0.322000 0.324809
-0.321000 0.323916
-0.320000 0.323025
-0.319000 0.322136
-0.318000 0.321249
-0.317000 0.320364
-0.316000 0.319481
-0.315000 0.318600
-0.314000 0.317721
-0.313000 0.316844
-0.312000 0.315969
-0.311000 0.315096
-0.310000 0.314225
-0.309000 0.313356
-0.308000 0.312489
-0.307000 0.311624
-0.306000 0.310761
-0.305000 0.309900
-0.304000 0.309041
-0.303000 0.308184
-0.302000 0.307329
-0.301000 0.306476
-0.300000 0.305625
-0.299000 0.304776
-0.298000 0.303929
-0.297000 0.303084
-0.296000 0.302241
-0.295000 0.301400
-0.294000 0.300561
-0.293000 0.299724
-0.292000 0.298889
-0.291000 0.298056
-0.290000 0.297225
-0.289000 0.296396
-0.288000 0.295569
-0.287000 0.294744
-0.286000 0.293921
-0.285000 0.293100
-0.284000 0.292281
-0.283000 0.291464
-0.282000 0.290649
-0.281000 0.289836
-0.280000 0.289025
-0.279000 0.288216
-0.278000 0.287409
-0.277000 0.286604
-0.276000 0.285801
-0.275000 0.285000
-0.274000 0.284201
-0.273000 0.283404
-0.272000 0.282609
-0.271000 0.281816
-0.270000 0.281025
-0.269000 0.280236
-0.268000 0.279449
-0.267000 0.278664
-0.266000 0.277881
-0.265000 0.277100
-0.264000 0.276321
-0.263000 0.275544
-0.262000 0.274769
-0.261000 0.273996
-0.260000 0.273225
-0.259000 0.272456
-0.258000 0.271689
-0.257000 0.270924
-0.256000 0.270161
-0.255000 0.269400
-0.254000 0.268641
-0.253000 0.267884
-0.252000 0.267129
-0.251000 0.266376
-0.250000 0.265625
-0.249000 0.264876
-0.248000 0.264129
-0.247000 0.263384
-0.246000 0.262641
-0.245000 0.261900
-0.244000 0.261161
-0.243000 0.260424
-0.242000 0.259689
-0.241000 0.258956
-0.240000 0.258225
-0.239000 0.257496
-0.238000 0.256769
-0.237000 0.256044
-0.236000 0.255321
-0.235000 0.254600
-0.234000 0.253881
-0.233000 0.253164
-0.232000 0.252449
-0.231000 0.251736
-0.230000 0.251025
-0.229000 0.250316
-0.228000 0.249609
-0.227000 0.248904
-0.226000 0.248201
-0.225000 0.247500
-0.224000 0.246801
-0.223000 0.246104
-0.222000 0.245409
-0.221000 0.244716
-0.220000 0.244025
-0.219000 0.243336
-0.218000 0.242649
-0.217000 0.241964
-0.216000 0.241281
-0.215000 0.240600
-0.214000 0.239921
-0.213000 0.239244
-0.212000 0.238569
-0.211000 0.237896
-0.210000 0.237225
-0.209000 0.236556
-0.208000 0.235889
-0.207000 0.235224
-0.206000 0.234561
-0.205000 0.233900
-0.204000 0.233241
-0.203000 0.232584
-0.202000 0.231929
-0.201000 0.231276
-0.200000 0.230625
-0.199000 0.229976
-0.198000 0.229329
-0.197000 0.228684
-0.196000 0.228041
-0.195000 0.227400
-0.194000 0.226761
-0.193000 0.226124
-0.192000 0.225489
-0.191000 0.224856
-0.190000 0.224225
-0.189000 0.223596
-0.188000 0.222969
-0.187000 0.222344
-0.186000 0.221721
-0.185000 0.221100
-0.184000 0.220481
-0.183000 0.219864
-0.182000 0.219249
-0.181000 0.218636
-0.180000 0.218025
-0.179000 0.217416
-0.178000 0.216809
-0.177000 0.216204
-0.176000 0.215601
-0.175000 0.215000
-0.174000 0.214401
-0.173000 0.213804
-0.172000 0.213209
-0.171000 0.212616
-0.170000 0.212025
-0.169000 0.211436
-0.168000 0.210849
-0.167000 0.210264
-0.166000 0.209681
-0.165000 0.209100
-0.164000 0.208521
-0.163000 0.207944
-0.162000 0.207369
-0.161000 0.206796
-0.160000 0.206225
-0.159000 0.205656
-0.158000 0.205089
-0.157000 0.204524
-0.156000 0.203961
-0.155000 0.203400
-0.154000 0.202841
-0.153000 0.202284
-0.152000 0.201729
-0.151000 0.201176
-0.150000 0.200625
-0.149000 0.200076
-0.148000 0.199529
-0.147000 0.198984
-0.146000 0.198441
-0.145000 0.197900
-0.144000 0.197361
-0.143000 0.196824
-0.142000 0.196289
-0.141000 0.195756
-0.140000 0.195225
-0.139000 0.194696
-0.138000 0.194169
-0.137000 0.193644
-0.136000 0.193121
-0.135000 0.192600
-0.134000 0.192081
-0.133000 0.191564
-0.132000 0.191049
-0.131000 0.190536
-0.130000 0.190025
-0.129000 0.189516
-0.128000 0.189009
-0.127000 0.188504
-0.126000 0.188001
-0.125000 0.187500
-0.124000 0.187001
-0.123000 0.186504
-0.122000 0.186009
-0.121000 0.185516
-0.120000 0.185025
-0.119000 0.184536
-0.118000 0.184049
-0.117000 0.183564
-0.116000 0.183081
-0.115000 0.182600
-0.114000 0.182121
-0.113000 0.181644
-0.112000 0.181169
-0.111000 0.180696
-0.110000 0.180225
-0.109000 0.179756
-0.108000 0.179289
-0.107000 0.178824
-0.106000 0.178361
-0.105000 0.177900
-0.104000 0.177441
-0.103000 0.176984
-0.102000 0.176529
-0.101000 0.176076
-0.100000 0.175625
-0.099000 0.175176
-0.098000 0.174729
-0.097000 0.174284
-0.096000 0.173841
-0.095000 0.173400
-0.094000 0.172961
-0.093000 0.172524
-0.092000 0.172089
-0.091000 0.171656
-0.090000 0.171225
-0.089000 0.170796
-0.088000 0.170369
-0.087000 0.169944
-0.086000 0.169521
-0.085000 0.169100
-0.084000 0.168681
-0.083000 0.168264
-0.082000 0.167849
-0.081000 0.167436
-0.080000 0.167025
-0.079000 0.166616
-0.078000 0.166209
-0.077000 0.165804
-0.076000 0.165401
-0.075000 0.165000
-0.074000 0.164601
-0.073000 0.164204
-0.072000 0.163809
-0.071000 0.163416
-0.070000 0.163025
-0.069000 0.162636
-0.068000 0.162249
-0.067000 0.161864
-0.066000 0.161481
-0.065000 0.161100
-0.064000 0.160721
-0.063000 0.160344
-0.062000 0.159969
-0.061000 0.159596
-0.060000 0.159225
-0.059000 0.158856
-0.058000 0.158489
-0.057000 0.158124
-0.056000 0.157761
-0.055000 0.157400
-0.054000 0.157041
-0.053000 0.156684
-0.052000 0.156329
-0.051000 0.155976
-0.050000 0.155625
-0.049000 0.155276
-0.048000 0.154929
-0.047000 0.154584
-0.046000 0.154241
-0.045000 0.153900
-0.044000 0.153561
-0.043000 0.153224
-0.042000 0.152889
-0.041000 0.152556
-0.040000 0.152225
-0.039000 0.151896
-0.038000 0.151569
-0.037000 0.151244
-0.036000 0.150921
-0.035000 0.150600
-0.034000 0.150281
-0.033000 0.149964
-0.032000 0.149649
-0.031000 0.149336
-0.030000 0.149025
-0.029000 0.148716
-0.028000 0.148409
-0.027000 0.148104
-0.026000 0.147801
-0.025000 0.147500
-0.024000 0.147201
-0.023000 0.146904
-0.022000 0.146609
-0.021000 0.146316
-0.020000 0.146025
-0.019000 0.145736
-0.018000 0.145449
-0.017000 0.145164
-0.016000 0.144881
-0.015000 0.144600
-0.014000 0.144321
-0.013000 0.144044
-0.012000 0.143769
-0.011000 0.143496
-0.010000 0.143225
-0.009000 0.142956
-0.008000 0.142689
-0.007000 0.142424
-0.006000 0.142161
-0.005000 0.141900
-0.004000 0.141641
-0.003000 0.141384
-0.002000 0.141129
-0.001000 0.140876
0.000000 0.140625
0.001000 0.140376
0.002000 0.140129
0.003000 0.139884
0.004000 0.139641
0.005000 0.139400
0.006000 0.139161
0.007000 0.138924
0.008000 0.138689
0.009000 0.138456
0.010000 0.138225
0.011000 0.137996
0.012000 0.137769
0.013000 0.137544
0.014000 0.137321
0.015000 0.137100
0.016000 0.136881
0.017000 0.136664
0.018000 0.136449
0.019000 0.136236
0.020000 0.136025
0.021000 0.135816
0.022000 0.135609
0.023000 0.135404
0.024000 0.135201
0.025000 0.135000
0.026000 0.134801
0.027000 0.134604
0.028000 0.134409
0.029000 0.134216
0.030000 0.134025
0.031000 0.133836
0.032000 0.133649
0.033000 0.133464
0.034000 0.133281
0.035000 0.133100
0.036000 0.132921
0.037000 0.132744
0.038000 0.132569
0.039000 0.132396
0.040000 0.132225
0.041000 0.132056
0.042000 0.131889
0.043000 0.131724
0.044000 0.131561
0.045000 0.131400
0.046000 0.131241
0.047000 0.131084
0.048000 0.130929
0.049000 0.130776
0.050000 0.130625
0.051000 0.130476
0.052000 0.130329
0.053000 0.130184
0.054000 0.130041
0.055000 0.129900
0.056000 0.129761
0.057000 0.129624
0.058000 0.129489
0.059000 0.129356
0.060000 0.129225
0.061000 0.129096
0.062000 0.128969
0.063000 0.128844
0.064000 0.128721
0.065000 0.128600
0.066000 0.128481
0.067000 0.128364
0.068000 0.128249
0.069000 0.128136
0.070000 0.128025
0.071000 0.127916
0.072000 0.127809
0.073000 0.127704
0.074000 0.127601
0.075000 0.127500
0.076000 0.127401
0.077000 0.127304
0.078000 0.127209
0.079000 0.127116
0.080000 0.127025
0.081000 0.126936
0.082000 0.126849
0.083000 0.126764
0.084000 0.126681
0.085000 0.126600
0.086000 0.126521
0.087000 0.126444
0.088000 0.126369
0.089000 0.126296
0.090000 0.126225
0.091000 0.126156
0.092000 0.126089
0.093000 0.126024
0.094000 0.125961
0.095000 0.125900
0.096000 0.125841
0.097000 0.125784
0.098000 0.125729
0.099000 0.125676
0.100000 0.125625
0.101000 0.125576
0.102000 0.125529
0.103000 0.125484
0.104000 0.125441
0.105000 0.125400
0.106000 0.125361
0.107000 0.125324
0.108000 0.125289
0.109000 0.125256
0.110000 0.125225
0.111000 0.125196
0.112000 0.125169
0.113000 0.125144
0.114000 0.125121
0.115000 0.125100
0.116000 0.125081
0.117000 0.125064
0.118000 0.125049
0.119000 0.125036
0.120000 0.125025
0.121000 0.125016
0.122000 0.125009
0.123000 0.125004
0.124000 0.125001
0.125000 0.125000
0.126000 0.125001
0.127000 0.125004
0.128000 0.125009
0.129000 0.125016
0.130000 0.125025
0.131000 0.125036
0.132000 0.125049
0.133000 0.125064
0.134000 0.125081
0.135000 0.125100
0.136000 0.125121
0.137000 0.125144
0.138000 0.125169
0.139000 0.125196
0.140000 0.125225
0.141000 0.125256
0.142000 0.125289
0.143000 0.125324
0.144000 0.125361
0.145000 0.125400
0.146000 0.125441
0.147000 0.125484
0.148000 0.125529
0.149000 0.125576
0.150000 0.125625
0.151000 0.125676
0.152000 0.125729
0.153000 0.125784
0.154000 0.125841
0.155000 0.125900
0.156000 0.125961
0.157000 0.126024
0.158000 0.126089
0.159000 0.126156
0.160000 0.126225
0.161000 0.126296
0.162000 0.126369
0.163000 0.126444
0.164000 0.126521
0.165000 0.126600
0.166000 0.126681
0.167000 0.126764
0.168000 0.126849
0.169000 0.126936
0.170000 0.127025
0.171000 0.127116
0.172000 0.127209
0.173000 0.127304
0.174000 0.127401
0.175000 0.127500
0.176000 0.127601
0.177000 0.127704
0.178000 0.127809
0.179000 0.127916
0.180000 0.128025
0.181000 0.128136
0.182000 0.128249
0.183000 0.128364
0.184000 0.128481
0.185000 0.128600
0.186000 0.128721
0.187000 0.128844
0.188000 0.128844
0.189000 0.128721
0.190000 0.128600
0.191000 0.128481
0.192000 0.128364
0.193000 0.128249
0.194000 0.128136
0.195000 0.128025
0.196000 0.127916
0.197000 0.127809
0.198000 0.127704
0.199000 0.127601
0.200000 0.127500
0.201000 0.127401
0.202000 0.127304
0.203000 0.127209
0.204000 0.127116
0.205000 0.127025
0.206000 0.126936
0.207000 0.126849
0.208000 0.126764
0.209000 0.126681
0.210000 0.126600
0.211000 0.126521
0.212000 0.126444
0.213000 0.126369
0.214000 0.126296
0.215000 0.126225
0.216000 0.126156
0.217000 0.126089
0.218000 0.126024
0.219000 0.125961
0.220000 0.125900
0.221000 0.125841
0.222000 0.125784
0.223000 0.125729
0.224000 0.125676
0.225000 0.125625
0.226000 0.125576
0.227000 0.125529
0.228000 0.125484
0.229000 0.125441
0.230000 0.125400
0.231000 0.125361
0.232000 0.125324
0.233000 0.125289
0.234000 0.125256
0.235000 0.125225
0.236000 0.125196
0.237000 0.125169
0.238000 0.125144
0.239000 0.125121
0.240000 0.125100
0.241000 0.125081
0.242000 0.125064
0.243000 0.125049
0.244000 0.125036
0.245000 0.125025
0.246000 0.125016
0.247000 0.125009
0.248000 0.125004
0.249000 0.125001
0.250000 0.125000
0.251000 0.125001
0.252000 0.125004
0.253000 0.125009
0.254000 0.125016
0.255000 0.125025
0.256000 0.125036
0.257000 0.125049
0.258000 0.125064
0.259000 0.125081
0.260000 0.125100
0.261000 0.125121
0.262000 0.125144
0.263000 0.125169
0.264000 0.125196
0.265000 0.125225
0.266000 0.125256
0.267000 0.125289
0.268000 0.125324
0.269000 0.125361
0.270000 0.125400
0.271000 0.125441
0.272000 0.125484
0.273000 0.125529
0.274000 0.125576
0.275000 0.125625
0.276000 0.125676
0.277000 0.125729
0.278000 0.125784
0.279000 0.125841
0.280000 0.125900
0.281000 0.125961
0.282000 0.126024
0.283000 0.126089
0.284000 0.126156
0.285000 0.126225
0.286000 0.126296
0.287000 0.126369
0.288000 0.126444
0.289000 0.126521
0.290000 0.126600
0.291000 0.126681
0.292000 0.126764
0.293000 0.126849
0.294000 0.126936
0.295000 0.127025
0.296000 0.127116
0.297000 0.127209
0.298000 0.127304
0.299000 0.127401
0.300000 0.127500
0.301000 0.127601
0.302000 0.127704
0.303000 0.127809
0.304000 0.127916
0.305000 0.128025
0.306000 0.128136
0.307000 0.128249
0.308000 0.128364
0.309000 0.128481
0.310000 0.128600
0.311000 0.128721
0.312000 0.128844
0.313000 0.128844
0.314000 0.128721
0.315000 0.128600
0.316000 0.128481
0.317000 0.128364
0.318000 0.128249
0.319000 0.128136
0.320000 0.128025
0.321000 0.127916
0.322000 0.127809
0.323000 0.127704
0.324000 0.127601
0.325000 0.127500
0.326000 0.127401
0.327000 0.127304
0.328000 0.127209
0.329000 0.127116
0.330000 0.127025
0.331000 0.126936
0.332000 0.126849
0.333000 0.126764
0.334000 0.126681
0.335000 0.126600
0.336000 0.126521
0.337000 0.126444
0.338000 0.126369
0.339000 0.126296
0.340000 0.126225
0.341000 0.126156
0.342000 0.126089
0.343000 0.126024
0.344000 0.125961
0.345000 0.125900
0.346000 0.125841
0.347000 0.125784
0.348000 0.125729
0.349000 0.125676
0.350000 0.125625
0.351000 0.125576
0.352000 0.125529
0.353000 0.125484
0.354000 0.125441
0.355000 0.125400
0.356000 0.125361
0.357000 0.125324
0.358000 0.125289
0.359000 0.125256
0.360000 0.125225
0.361000 0.125196
0.362000 0.125169
0.363000 0.125144
0.364000 0.125121
0.365000 0.125100
0.366000 0.125081
0.367000 0.125064
0.368000 0.125049
0.369000 0.125036
0.370000 0.125025
0.371000 0.125016
0.372000 0.125009
0.373000 0.125004
0.374000 0.125001
0.375000 0.125000
0.376000 0.125001
0.377000 0.125004
0.378000 0.125009
0.379000 0.125016
0.380000 0.125025
0.381000 0.125036
0.382000 0.125049
0.383000 0.125064
0.384000 0.125081
0.385000 0.125100
0.386000 0.125121
0.387000 0.125144
0.388000 0.125169
0.389000 0.125196
0.390000 0.125225
0.391000 0.125256
0.392000 0.125289
0.393000 0.125324
0.394000 0.125361
0.395000 0.125400
0.396000 0.125441
0.397000 0.125484
0.398000 0.125529
0.399000 0.125576
0.400000 0.125625
0.401000 0.125676
0.402000 0.125729
0.403000 0.125784
0.404000 0.125841
0.405000 0.125900
0.406000 0.125961
0.407000 0.126024
0.408000 0.126089
0.409000 0.126156
0.410000 0.126225
0.411000 0.126296
0.412000 0.126369
0.413000 0.126444
0.414000 0.126521
0.415000 0.126600
0.416000 0.126681
0.417000 0.126764
0.418000 0.126849
0.419000 0.126936
0.420000 0.127025
0.421000 0.127116
0.422000 0.127209
0.423000 0.127304
0.424000 0.127401
0.425000 0.127500
0.426000 0.127601
0.427000 0.127704
0.428000 0.127809
0.429000 0.127916
0.430000 0.128025
0.431000 0.128136
0.432000 0.128249
0.433000 0.128364
0.434000 0.128481
0.435000 0.128600
0.436000 0.128721
0.437000 0.128844
0.438000 0.128844
0.439000 0.128721
0.440000 0.128600
0.441000 0.128481
0.442000 0.128364
0.443000 0.128249
0.444000 0.128136
0.445000 0.128025
0.446000 0.127916
0.447000 0.127809
0.448000 0.127704
0.449000 0.127601
0.450000 0.127500
0.451000 0.127401
0.452000 0.127304
0.453000 0.127209
0.454000 0.127116
0.455000 0.127025
0.456000 0.126936
0.457000 0.126849
0.458000 0.126764
0.459000 0.126681
0.460000 0.126600
0.461000 0.126521
0.462000 0.126444
0.463000 0.126369
0.464000 0.126296
0.465000 0.126225
0.466000 0.126156
0.467000 0.126089
0.468000 0.126024
0.469000 0.125961
0.470000 0.125900
0.471000 0.125841
0.472000 0.125784
0.473000 0.125729
0.474000 0.125676
0.475000 0.125625
0.476000 0.125576
0.477000 0.125529
0.478000 0.125484
0.479000 0.125441
0.480000 0.125400
0.481000 0.125361
0.482000 0.125324
0.483000 0.125289
0.484000 0.125256
0.485000 0.125225
0.486000 0.125196
0.487000 0.125169
0.488000 0.125144
0.489000 0.125121
0.490000 0.125100
0.491000 0.125081
0.492000 0.125064
0.493000 0.125049
0.494000 0.125036
0.495000 0.125025
0.496000 0.125016
0.497000 0.125009
0.498000 0.125004
0.499000 0.125001
0.500000 0.125000
0.501000 0.125001
0.502000 0.125004
0.503000 0.125009
0.504000 0.125016
0.505000 0.125025
0.506000 0.125036
0.507000 0.125049
0.508000 0.125064
0.509000 0.125081
0.510000 0.125100
0.511000 0.125121
0.512000 0.125144
0.513000 0.125169
0.514000 0.125196
0.515000 0.125225
0.516000 0.125256
0.517000 0.125289
0.518000 0.125324
0.519000 0.125361
0.520000 0.125400
0.521000 0.125441
0.522000 0.125484
0.523000 0.125529
0.524000 0.125576
0.525000 0.125625
0.526000 0.125676
0.527000 0.125729
0.528000 0.125784
0.529000 0.125841
0.530000 0.125900
0.531000 0.125961
0.532000 0.126024
0.533000 0.126089
0.534000 0.126156
0.535000 0.126225
0.536000 0.126296
0.537000 0.126369
0.538000 0.126444
0.539000 0.126521
0.540000 0.126600
0.541000 0.126681
0.542000 0.126764
0.543000 0.126849
0.544000 0.126936
0.545000 0.127025
0.546000 0.127116
0.547000 0.127209
0.548000 0.127304
0.549000 0.127401
0.550000 0.127500
0.551000 0.127601
0.552000 0.127704
0.553000 0.127809
0.554000 0.127916
0.555000 0.128025
0.556000 0.128136
0.557000 0.128249
0.558000 0.128364
0.559000 0.128481
0.560000 0.128600
0.561000 0.128721
0.562000 0.128844
0.563000 0.128844
0.564000 0.128721
0.565000 0.128600
0.566000 0.128481
0.567000 0.128364
0.568000 0.128249
0.569000 0.128136
0.570000 0.128025
0.571000 0.127916
0.572000 0.127809
0.573000 0.127704
0.574000 0.127601
0.575000 0.127500
0.576000 0.127401
0.577000 0.127304
0.578000 0.127209
0.579000 0.127116
0.580000 0.127025
0.581000 0.126936
0.582000 0.126849
0.583000 0.126764
0.584000 0.126681
0.585000 0.126600
0.586000 0.126521
0.587000 0.126444
0.588000 0.126369
0.589000 0.126296
0.590000 0.126225
0.591000 0.126156
0.592000 0.126089
0.593000 0.126024
0.594000 0.125961
0.595000 0.125900
0.596000 0.125841
0.597000 0.125784
0.598000 0.125729
0.599000 0.125676
0.600000 0.125625
0.601000 0.125576
0.602000 0.125529
0.603000 0.125484
0.604000 0.125441
0.605000 0.125400
0.606000 0.125361
0.607000 0.125324
0.608000 0.125289
0.609000 0.125256
0.610000 0.125225
0.611000 0.125196
0.612000 0.125169
0.613000 0.125144
0.614000 0.125121
0.615000 0.125100
0.616000 0.125081
0.617000 0.125064
0.618000 0.125049
0.619000 0.125036
0.620000 0.125025
0.621000 0.125016
0.622000 0.125009
0.623000 0.125004
0.624000 0.125001
0.624000 -0.375999
0.623000 -0.376996
0.622000 -0.377991
0.621000 -0.378984
0.620000 -0.379975
0.619000 -0.380964
0.618000 -0.381951
0.617000 -0.382936
0.616000 -0.383919
0.615000 -0.384900
0.614000 -0.385879
0.613000 -0.386856
0.612000 -0.387831
0.611000 -0.388804
0.610000 -0.389775
0.609000 -0.390744
0.608000 -0.391711
0.607000 -0.392676
0.606000 -0.393639
0.605000 -0.394600
0.604000 -0.395559
0.603000 -0.396516
0.602000 -0.397471
0.601000 -0.398424
0.600000 -0.399375
0.599000 -0.400324
0.598000 -0.401271
0.597000 -0.402216
0.596000 -0.403159
0.595000 -0.404100
0.594000 -0.405039
0.593000 -0.405976
0.592000 -0.406911
0.591000 -0.407844
0.590000 -0.408775
0.589000 -0.409704
0.588000 -0.410631
0.587000 -0.411556
0.586000 -0.412479
0.585000 -0.413400
0.584000 -0.414319
0.583000 -0.415236
0.582000 -0.416151
0.581000 -0.417064
0.580000 -0.417975
0.579000 -0.418884
0.578000 -0.419791
0.577000 -0.420696
0.576000 -0.421599
0.575000 -0.422500
0.574000 -0.423399
0.573000 -0.424296
0.572000 -0.425191
0.571000 -0.426084
0.570000 -0.426975
0.569000 -0.427864
0.568000 -0.428751
0.567000 -0.429636
0.566000 -0.430519
0.565000 -0.431400
0.564000 -0.432279
0.563000 -0.433156
0.562000 -0.434031
0.561000 -0.434904
0.560000 -0.435775
0.559000 -0.436644
0.558000 -0.437511
0.557000 -0.438376
0.556000 -0.439239
0.555000 -0.440100
0.554000 -0.440959
0.553000 -0.441816
0.552000 -0.442671
0.551000 -0.443524
0.550000 -0.444375
0.549000 -0.445224
0.548000 -0.446071
0.547000 -0.446916
0.546000 -0.447759
0.545000 -0.448600
0.544000 -0.449439
0.543000 -0.450276
0.542000 -0.451111
0.541000 -0.451944
0.540000 -0.452775
0.539000 -0.453604
0.538000 -0.454431
0.537000 -0.455256
0.536000 -0.456079
0.535000 -0.456900
0.534000 -0.457719
0.533000 -0.458536
0.532000 -0.459351
0.531000 -0.460164
0.530000 -0.460975
0.529000 -0.461784
0.528000 -0.462591
0.527000 -0.463396
0.526000 -0.464199
0.525000 -0.465000
0.524000 -0.465799
0.523000 -0.466596
0.522000 -0.467391
0.521000 -0.468184
0.520000 -0.468975
0.519000 -0.469764
0.518000 -0.470551
0.517000 -0.471336
0.516000 -0.472119
0.515000 -0.472900
0.514000 -0.473679
0.513000 -0.474456
0.512000 -0.475231
0.511000 -0.476004
0.510000 -0.476775
0.509000 -0.477544
0.508000 -0.478311
0.507000 -0.479076
0.506000 -0.479839
0.505000 -0.480600
0.504000 -0.481359
0.503000 -0.482116
0.502000 -0.482871
0.501000 -0.483624
0.500000 -0.484375
0.499000 -0.483624
0.498000 -0.482871
0.497000 -0.482116
0.496000 -0.481359
0.495000 -0.480600
0.494000 -0.479839
0.493000 -0.479076
0.492000 -0.478311
0.491000 -0.477544
0.490000 -0.476775
0.489000 -0.476004
0.488000 -0.475231
0.487000 -0.474456
0.486000 -0.473679
0.485000 -0.472900
0.484000 -0.472119
0.483000 -0.471336
0.482000 -0.470551
0.481000 -0.469764
0.480000 -0.468975
0.479000 -0.468184
0.478000 -0.467391
0.477000 -0.466596
0.476000 -0.465799
0.475000 -0.465000
0.474000 -0.464199
0.473000 -0.463396
0.472000 -0.462591
0.471000 -0.461784
0.470000 -0.460975
0.469000 -0.460164
0.468000 -0.459351
0.467000 -0.458536
0.466000 -0.457719
0.465000 -0.456900
0.464000 -0.456079
0.463000 -0.455256
0.462000 -0.454431
0.461000 -0.453604
0.460000 -0.452775
0.459000 -0.451944
0.458000 -0.451111
0.457000 -0.450276
0.456000 -0.449439
0.455000 -0.448600
0.454000 -0.447759
0.453000 -0.446916
0.452000 -0.446071
0.451000 -0.445224
0.450000 -0.444375
0.449000 -0.443524
0.448000 -0.442671
0.447000 -0.441816
0.446000 -0.440959
0.445000 -0.440100
0.444000 -0.439239
0.443000 -0.438376
0.442000 -0.437511
0.441000 -0.436644
0.440000 -0.435775
0.439000 -0.434904
0.438000 -0.434031
0.437000 -0.433156
0.436000 -0.432279
0.435000 -0.431400
0.434000 -0.430519
0.433000 -0.429636
0.432000 -0.428751
0.431000 -0.427864
0.430000 -0.426975
0.429000 -0.426084
0.428000 -0.425191
0.427000 -0.424296
0.426000 -0.423399
0.425000 -0.422500
0.424000 -0.421599
0.423000 -0.420696
0.422000 -0.419791
0.421000 -0.418884
0.420000 -0.417975
0.419000 -0.417064
0.418000 -0.416151
0.417000 -0.415236
0.416000 -0.414319
0.415000 -0.413400
0.414000 -0.412479
0.413000 -0.411556
0.412000 -0.410631
0.411000 -0.409704
0.410000 -0.408775
0.409000 -0.407844
0.408000 -0.406911
0.407000 -0.405976
0.406000 -0.405039
0.405000 -0.404100
0.404000 -0.403159
0.403000 -0.402216
0.402000 -0.401271
0.401000 -0.400324
0.400000 -0.399375
0.399000 -0.398424
0.398000 -0.397471
0.397000 -0.396516
0.396000 -0.395559
0.395000 -0.394600
0.394000 -0.393639
0.393000 -0.392676
0.392000 -0.391711
0.391000 -0.390744
0.390000 -0.389775
0.389000 -0.388804
0.388000 -0.387831
0.387000 -0.386856
0.386000 -0.385879
0.385000 -0.384900
0.384000 -0.383919
0.383000 -0.382936
0.382000 -0.381951
0.381000 -0.380964
0.380000 -0.379975
0.379000 -0.378984
0.378000 -0.377991
0.377000 -0.376996
0.376000 -0.375999
0.375000 -0.375000
0.374000 -0.374001
0.373000 -0.373004
0.372000 -0.372009
0.371000 -0.371016
0.370000 -0.370025
0.369000 -0.369036
0.368000 -0.368049
0.367000 -0.367064
0.366000 -0.366081
0.365000 -0.365100
0.364000 -0.364121
0.363000 -0.363144
0.362000 -0.362169
0.361000 -0.361196
0.360000 -0.360225
0.359000 -0.359256
0.358000 -0.358289
0.357000 -0.357324
0.356000 -0.356361
0.355000 -0.355400
0.354000 -0.354441
0.353000 -0.353484
0.352000 -0.352529
0.351000 -0.351576
0.350000 -0.350625
0.349000 -0.349676
0.348000 -0.348729
0.347000 -0.347784
0.346000 -0.346841
0.345000 -0.345900
0.344000 -0.344961
0.343000 -0.344024
0.342000 -0.343089
0.341000 -0.342156
0.340000 -0.341225
0.339000 -0.340296
0.338000 -0.339369
0.337000 -0.338444
0.336000 -0.337521
0.335000 -0.336600
0.334000 -0.335681
0.333000 -0.334764
0.332000 -0.333849
0.331000 -0.332936
0.330000 -0.332025
0.329000 -0.331116
0.328000 -0.330209
0.327000 -0.329304
0.326000 -0.328401
0.325000 -0.327500
0.324000 -0.326601
0.323000 -0.325704
0.322000 -0.324809
0.321000 -0.323916
0.320000 -0.323025
0.319000 -0.322136
0.318000 -0.321249
0.317000 -0.320364
0.316000 -0.319481
0.315000 -0.318600
0.314000 -0.317721
0.313000 -0.316844
0.312000 -0.315969
0.311000 -0.315096
0.310000 -0.314225
0.309000 -0.313356
0.308000 -0.312489
0.307000 -0.311624
0.306000 -0.310761
0.305000 -0.309900
0.304000 -0.309041
0.303000 -0.308184
0.302000 -0.307329
0.301000 -0.306476
0.300000 -0.305625
0.299000 -0.304776
0.298000 -0.303929
0.297000 -0.303084
0.296000 -0.302241
0.295000 -0.301400
0.294000 -0.300561
0.293000 -0.299724
0.292000 -0.298889
0.291000 -0.298056
0.290000 -0.297225
0.289000 -0.296396
0.288000 -0.295569
0.287000 -0.294744
0.286000 -0.293921
0.285000 -0.293100
0.284000 -0.292281
0.283000 -0.291464
0.282000 -0.290649
0.281000 -0.289836
0.280000 -0.289025
0.279000 -0.288216
0.278000 -0.287409
0.277000 -0.286604
0.276000 -0.285801
0.275000 -0.285000
0.274000 -0.284201
0.273000 -0.283404
0.272000 -0.282609
0.271000 -0.281816
0.270000 -0.281025
0.269000 -0.280236
0.268000 -0.279449
0.267000 -0.278664
0.266000 -0.277881
0.265000 -0.277100
0.264000 -0.276321
0.263000 -0.275544
0.262000 -0.274769
0.261000 -0.273996
0.260000 -0.273225
0.259000 -0.272456
0.258000 -0.271689
0.257000 -0.270924
0.256000 -0.270161
0.255000 -0.269400
0.254000 -0.268641
0.253000 -0.267884
0.252000 -0.267129
0.251000 -0.266376
0.250000 -0.265625
0.249000 -0.264876
0.248000 -0.264129
0.247000 -0.263384
0.246000 -0.262641
0.245000 -0.261900
0.244000 -0.261161
0.243000 -0.260424
0.242000 -0.259689
0.241000 -0.258956
0.240000 -0.258225
0.239000 -0.257496
0.238000 -0.256769
0.237000 -0.256044
0.236000 -0.255321
0.235000 -0.254600
0.234000 -0.253881
0.233000 -0.253164
0.232000 -0.252449
0.231000 -0.251736
0.230000 -0.251025
0.229000 -0.250316
0.228000 -0.249609
0.227000 -0.248904
0.226000 -0.248201
0.225000 -0.247500
0.224000 -0.246801
0.223000 -0.246104
0.222000 -0.245409
0.221000 -0.244716
0.220000 -0.244025
0.219000 -0.243336
0.218000 -0.242649
0.217000 -0.241964
0.216000 -0.241281
0.215000 -0.240600
0.214000 -0.239921
0.213000 -0.239244
0.212000 -0.238569
0.211000 -0.237896
0.210000 -0.237225
0.209000 -0.236556
0.208000 -0.235889
0.207000 -0.235224
0.206000 -0.234561
0.205000 -0.233900
0.204000 -0.233241
0.203000 -0.232584
0.202000 -0.231929
0.201000 -0.231276
0.200000 -0.230625
0.199000 -0.229976
0.198000 -0.229329
0.197000 -0.228684
0.196000 -0.228041
0.195000 -0.227400
0.194000 -0.226761
0.193000 -0.226124
0.192000 -0.225489
0.191000 -0.224856
0.190000 -0.224225
0.189000 -0.223596
0.188000 -0.222969
0.187000 -0.222344
0.186000 -0.221721
0.185000 -0.221100
0.184000 -0.220481
0.183000 -0.219864
0.182000 -0.219249
0.181000 -0.218636
0.180000 -0.218025
0.179000 -0.217416
0.178000 -0.216809
0.177000 -0.216204
0.176000 -0.215601
0.175000 -0.215000
0.174000 -0.214401
0.173000 -0.213804
0.172000 -0.213209
0.171000 -0.212616
0.170000 -0.212025
0.169000 -0.211436
0.168000 -0.210849
0.167000 -0.210264
0.166000 -0.209681
0.165000 -0.209100
0.164000 -0.208521
0.163000 -0.207944
0.162000 -0.207369
0.161000 -0.206796
0.160000 -0.206225
0.159000 -0.205656
0.158000 -0.205089
0.157000 -0.204524
0.156000 -0.203961
0.155000 -0.203400
0.154000 -0.202841
0.153000 -0.202284
0.152000 -0.201729
0.151000 -0.201176
0.150000 -0.200625
0.149000 -0.200076
0.148000 -0.199529
0.147000 -0.198984
0.146000 -0.198441
0.145000 -0.197900
0.144000 -0.197361
0.143000 -0.196824
0.142000 -0.196289
0.141000 -0.195756
0.140000 -0.195225
0.139000 -0.194696
0.138000 -0.194169
0.137000 -0.193644
0.136000 -0.193121
0.135000 -0.192600
0.134000 -0.192081
0.133000 -0.191564
0.132000 -0.191049
0.131000 -0.190536
0.130000 -0.190025
0.129000 -0.189516
0.128000 -0.189009
0.127000 -0.188504
0.126000 -0.188001
0.125000 -0.187500
0.124000 -0.187001
0.123000 -0.186504
0.122000 -0.186009
0.121000 -0.185516
0.120000 -0.185025
0.119000 -0.184536
0.118000 -0.184049
0.117000 -0.183564
0.116000 -0.183081
0.115000 -0.182600
0.114000 -0.182121
0.113000 -0.181644
0.112000 -0.181169
0.111000 -0.180696
0.110000 -0.180225
0.109000 -0.179756
0.108000 -0.179289
0.107000 -0.178824
0.106000 -0.178361
0.105000 -0.177900
0.104000 -0.177441
0.103000 -0.176984
0.102000 -0.176529
0.101000 -0.176076
0.100000 -0.175625
0.099000 -0.175176
0.098000 -0.174729
0.097000 -0.174284
0.096000 -0.173841
0.095000 -0.173400
0.094000 -0.172961
0.093000 -0.172524
0.092000 -0.172089
0.091000 -0.171656
0.090000 -0.171225
0.089000 -0.170796
0.088000 -0.170369
0.087000 -0.169944
0.086000 -0.169521
0.085000 -0.169100
0.084000 -0.168681
0.083000 -0.168264
0.082000 -0.167849
0.081000 -0.167436
0.080000 -0.167025
0.079000 -0.166616
0.078000 -0.166209
0.077000 -0.165804
0.076000 -0.165401
0.075000 -0.165000
0.074000 -0.164601
0.073000 -0.164204
0.072000 -0.163809
0.071000 -0.163416
0.070000 -0.163025
0.069000 -0.162636
0.068000 -0.162249
0.067000 -0.161864
0.066000 -0.161481
0.065000 -0.161100
0.064000 -0.160721
0.063000 -0.160344
0.062000 -0.159969
0.061000 -0.159596
0.060000 -0.159225
0.059000 -0.158856
0.058000 -0.158489
0.057000 -0.158124
0.056000 -0.157761
0.055000 -0.157400
0.054000 -0.157041
0.053000 -0.156684
0.052000 -0.156329
0.051000 -0.155976
0.050000 -0.155625
0.049000 -0.155276
0.048000 -0.154929
0.047000 -0.154584
0.046000 -0.154241
0.045000 -0.153900
0.044000 -0.153561
0.043000 -0.153224
0.042000 -0.152889
0.041000 -0.152556
0.040000 -0.152225
0.039000 -0.151896
0.038000 -0.151569
0.037000 -0.151244
0.036000 -0.150921
0.035000 -0.150600
0.034000 -0.150281
0.033000 -0.149964
0.032000 -0.149649
0.031000 -0.149336
0.030000 -0.149025
0.029000 -0.148716
0.028000 -0.148409
0.027000 -0.148104
0.026000 -0.147801
0.025000 -0.147500
0.024000 -0.147201
0.023000 -0.146904
0.022000 -0.146609
0.021000 -0.146316
0.020000 -0.146025
0.019000 -0.145736
0.018000 -0.145449
0.017000 -0.145164
0.016000 -0.144881
0.015000 -0.144600
0.014000 -0.144321
0.013000 -0.144044
0.012000 -0.143769
0.011000 -0.143496
0.010000 -0.143225
0.009000 -0.142956
0.008000 -0.142689
0.007000 -0.142424
0.006000 -0.142161
0.005000 -0.141900
0.004000 -0.141641
0.003000 -0.141384
0.002000 -0.141129
0.001000 -0.140876
0.000000 -0.140625
-0.001000 -0.140376
-0.002000 -0.140129
-0.003000 -0.139884
-0.004000 -0.139641
-0.005000 -0.139400
-0.006000 -0.139161
-0.007000 -0.138924
-0.008000 -0.138689
-0.009000 -0.138456
-0.010000 -0.138225
-0.011000 -0.137996
-0.012000 -0.137769
-0.013000 -0.137544
-0.014000 -0.137321
-0.015000 -0.137100
-0.016000 -0.136881
-0.017000 -0.136664
-0.018000 -0.136449
-0.019000 -0.136236
-0.020000 -0.136025
-0.021000 -0.135816
-0.022000 -0.135609
-0.023000 -0.135404
-0.024000 -0.135201
-0.025000 -0.135000
-0.026000 -0.134801
-0.027000 -0.134604
-0.028000 -0.134409
-0.029000 -0.134216
-0.030000 -0.134025
-0.031000 -0.133836
-0.032000 -0.133649
-0.033000 -0.133464
-0.034000 -0.133281
-0.035000 -0.133100
-0.036000 -0.132921
-0.037000 -0.132744
-0.038000 -0.132569
-0.039000 -0.132396
-0.040000 -0.132225
-0.041000 -0.132056
-0.042000 -0.131889
-0.043000 -0.131724
-0.044000 -0.131561
-0.045000 -0.131400
-0.046000 -0.131241
-0.047000 -0.131084
-0.048000 -0.130929
-0.049000 -0.130776
-0.050000 -0.130625
-0.051000 -0.130476
-0.052000 -0.130329
-0.053000 -0.130184
-0.054000 -0.130041
-0.055000 -0.129900
-0.056000 -0.129761
-0.057000 -0.129624
-0.058000 -0.129489
-0.059000 -0.129356
-0.060000 -0.129225
-0.061000 -0.129096
-0.062000 -0.128969
-0.063000 -0.128844
-0.064000 -0.128721
-0.065000 -0.128600
-0.066000 -0.128481
-0.067000 -0.128364
-0.068000 -0.128249
-0.069000 -0.128136
-0.070000 -0.128025
-0.071000 -0.127916
-0.072000 -0.127809
-0.073000 -0.127704
-0.074000 -0.127601
-0.075000 -0.127500
-0.076000 -0.127401
-0.077000 -0.127304
-0.078000 -0.127209
-0.079000 -0.127116
-0.080000 -0.127025
-0.081000 -0.126936
-0.082000 -0.126849
-0.083000 -0.126764
-0.084000 -0.126681
-0.085000 -0.126600
-0.086000 -0.126521
-0.087000 -0.126444
-0.088000 -0.126369
-0.089000 -0.126296
-0.090000 -0.126225
-0.091000 -0.126156
-0.092000 -0.126089
-0.093000 -0.126024
-0.094000 -0.125961
-0.095000 -0.125900
-0.096000 -0.125841
-0.097000 -0.125784
-0.098000 -0.125729
-0.099000 -0.125676
-0.100000 -0.125625
-0.101000 -0.125576
-0.102000 -0.125529
-0.103000 -0.125484
-0.104000 -0.125441
-0.105000 -0.125400
-0.106000 -0.125361
-0.107000 -0.125324
-0.108000 -0.125289
-0.109000 -0.125256
-0.110000 -0.125225
-0.111000 -0.125196
-0.112000 -0.125169
-0.113000 -0.125144
-0.114000 -0.125121
-0.115000 -0.125100
-0.116000 -0.125081
-0.117000 -0.125064
-0.118000 -0.125049
-0.119000 -0.125036
-0.120000 -0.125025
-0.121000 -0.125016
-0.122000 -0.125009
-0.123000 -0.125004
-0.124000 -0.125001
-0.125000 -0.125000
-0.126000 -0.125001
-0.127000 -0.125004
-0.128000 -0.125009
-0.129000 -0.125016
-0.130000 -0.125025
-0.131000 -0.125036
-0.132000 -0.125049
-0.133000 -0.125064
-0.134000 -0.125081
-0.135000 -0.125100
-0.136000 -0.125121
-0.137000 -0.125144
-0.138000 -0.125169
-0.139000 -0.125196
-0.140000 -0.125225
-0.141000 -0.125256
-0.142000 -0.125289
-0.143000 -0.125324
-0.144000 -0.125361
-0.145000 -0.125400
-0.146000 -0.125441
-0.147000 -0.125484
-0.148000 -0.125529
-0.149000 -0.125576
-0.150000 -0.125625
-0.151000 -0.125676
-0.152000 -0.125729
-0.153000 -0.125784
-0.154000 -0.125841
-0.155000 -0.125900
-0.156000 -0.125961
-0.157000 -0.126024
-0.158000 -0.126089
-0.159000 -0.126156
-0.160000 -0.126225
-0.161000 -0.126296
-0.162000 -0.126369
-0.163000 -0.126444
-0.164000 -0.126521
-0.165000 -0.126600
-0.166000 -0.126681
-0.167000 -0.126764
-0.168000 -0.126849
-0.169000 -0.126936
-0.170000 -0.127025
-0.171000 -0.127116
-0.172000 -0.127209
-0.173000 -0.127304
-0.174000 -0.127401
-0.175000 -0.127500
-0.176000 -0.127601
-0.177000 -0.127704
-0.178000 -0.127809
-0.179000 -0.127916
-0.180000 -0.128025
-0.181000 -0.128136
-0.182000 -0.128249
-0.183000 -0.128364
-0.184000 -0.128481
-0.185000 -0.128600
-0.186000 -0.128721
-0.187000 -0.128844
-0.188000 -0.128844
-0.189000 -0.128721
-0.190000 -0.128600
-0.191000 -0.128481
-0.192000 -0.128364
-0.193000 -0.128249
-0.194000 -0.128136
-0.195000 -0.128025
-0.196000 -0.127916
-0.197000 -0.127809
-0.198000 -0.127704
-0.199000 -0.127601
-0.200000 -0.127500
-0.201000 -0.127401
-0.202000 -0.127304
-0.203000 -0.127209
-0.204000 -0.127116
-0.205000 -0.127025
-0.206000 -0.126936
-0.207000 -0.126849
-0.208000 -0.126764
-0.209000 -0.126681
-0.210000 -0.126600
-0.211000 -0.126521
-0.212000 -0.126444
-0.213000 -0.126369
-0.214000 -0.126296
-0.215000 -0.126225
-0.216000 -0.126156
-0.217000 -0.126089
-0.218000 -0.126024
-0.219000 -0.125961
-0.220000 -0.125900
-0.221000 -0.125841
-0.222000 -0.125784
-0.223000 -0.125729
-0.224000 -0.125676
-0.225000 -0.125625
-0.226000 -0.125576
-0.227000 -0.125529
-0.228000 -0.125484
-0.229000 -0.125441
-0.230000 -0.125400
-0.231000 -0.125361
-0.232000 -0.125324
-0.233000 -0.125289
-0.234000 -0.125256
-0.235000 -0.125225
-0.236000 -0.125196
-0.237000 -0.125169
-0.238000 -0.125144
-0.239000 -0.125121
-0.240000 -0.125100
-0.241000 -0.125081
-0.242000 -0.125064
-0.243000 -0.125049
-0.244000 -0.125036
-0.245000 -0.125025
-0.246000 -0.125016
-0.247000 -0.125009
-0.248000 -0.125004
-0.249000 -0.125001
-0.250000 -0.125000
-0.251000 -0.125001
-0.252000 -0.125004
-0.253000 -0.125009
-0.254000 -0.125016
-0.255000 -0.125025
-0.256000 -0.125036
-0.257000 -0.125049
-0.258000 -0.125064
-0.259000 -0.125081
-0.260000 -0.125100
-0.261000 -0.125121
-0.262000 -0.125144
-0.263000 -0.125169
-0.264000 -0.125196
-0.265000 -0.125225
-0.266000 -0.125256
-0.267000 -0.125289
-0.268000 -0.125324
-0.269000 -0.125361
-0.270000 -0.125400
-0.271000 -0.125441
-0.272000 -0.125484
-0.273000 -0.125529
-0.274000 -0.125576
-0.275000 -0.125625
-0.276000 -0.125676
-0.277000 -0.125729
-0.278000 -0.125784
-0.279000 -0.125841
-0.280000 -0.125900
-0.281000 -0.125961
-0.282000 -0.126024
-0.283000 -0.126089
-0.284000 -0.126156
-0.285000 -0.126225
-0.286000 -0.126296
-0.287000 -0.126369
-0.288000 -0.126444
-0.289000 -0.126521
-0.290000 -0.126600
-0.291000 -0.126681
-0.292000 -0.126764
-0.293000 -0.126849
-0.294000 -0.126936
-0.295000 -0.127025
-0.296000 -0.127116
-0.297000 -0.127209
-0.298000 -0.127304
-0.299000 -0.127401
-0.300000 -0.127500
-0.301000 -0.127601
-0.302000 -0.127704
-0.303000 -0.127809
-0.304000 -0.127916
-0.305000 -0.128025
-0.306000 -0.128136
-0.307000 -0.128249
-0.308000 -0.128364
-0.309000 -0.128481
-0.310000 -0.128600
-0.311000 -0.128721
-0.312000 -0.128844
-0.313000 -0.128844
-0.314000 -0.128721
-0.315000 -0.128600
-0.316000 -0.128481
-0.317000 -0.128364
-0.318000 -0.128249
-0.319000 -0.128136
-0.320000 -0.128025
-0.321000 -0.127916
-0.322000 -0.127809
-0.323000 -0.127704
-0.324000 -0.127601
-0.325000 -0.127500
-0.326000 -0.127401
-0.327000 -0.127304
-0.328000 -0.127209
-0.329000 -0.127116
-0.330000 -0.127025
-0.331000 -0.126936
-0.332000 -0.126849
-0.333000 -0.126764
-0.334000 -0.126681
-0.335000 -0.126600
-0.336000 -0.126521
-0.337000 -0.126444
-0.338000 -0.126369
-0.339000 -0.126296
-0.340000 -0.126225
-0.341000 -0.126156
-0.342000 -0.126089
-0.343000 -0.126024
-0.344000 -0.125961
-0.345000 -0.125900
-0.346000 -0.125841
-0.347000 -0.125784
-0.348000 -0.125729
-0.349000 -0.125676
-0.350000 -0.125625
-0.351000 -0.125576
-0.352000 -0.125529
-0.353000 -0.125484
-0.354000 -0.125441
-0.355000 -0.125400
-0.356000 -0.125361
-0.357000 -0.125324
-0.358000 -0.125289
-0.359000 -0.125256
-0.360000 -0.125225
-0.361000 -0.125196
-0.362000 -0.125169
-0.363000 -0.125144
-0.364000 -0.125121
-0.365000 -0.125100
-0.366000 -0.125081
-0.367000 -0.125064
-0.368000 -0.125049
-0.369000 -0.125036
-0.370000 -0.125025
-0.371000 -0.125016
-0.372000 -0.125009
-0.373000 -0.125004
-0.374000 -0.125001
-0.375000 -0.125000
-0.376000 -0.125001
-0.377000 -0.125004
-0.378000 -0.125009
-0.379000 -0.125016
-0.380000 -0.125025
-0.381000 -0.125036
-0.382000 -0.125049
-0.383000 -0.125064
-0.384000 -0.125081
-0.385000 -0.125100
-0.386000 -0.125121
-0.387000 -0.125144
-0.388000 -0.125169
-0.389000 -0.125196
-0.390000 -0.125225
-0.391000 -0.125256
-0.392000 -0.125289
-0.393000 -0.125324
-0.394000 -0.125361
-0.395000 -0.125400
-0.396000 -0.125441
-0.397000 -0.125484
-0.398000 -0.125529
-0.399000 -0.125576
-0.400000 -0.125625
-0.401000 -0.125676
-0.402000 -0.125729
-0.403000 -0.125784
-0.404000 -0.125841
-0.405000 -0.125900
-0.406000 -0.125961
-0.407000 -0.126024
-0.408000 -0.126089
-0.409000 -0.126156
-0.410000 -0.126225
-0.411000 -0.126296
-0.412000 -0.126369
-0.413000 -0.126444
-0.414000 -0.126521
-0.415000 -0.126600
-0.416000 -0.126681
-0.417000 -0.126764
-0.418000 -0.126849
-0.419000 -0.126936
-0.420000 -0.127025
-0.421000 -0.127116
-0.422000 -0.127209
-0.423000 -0.127304
-0.424000 -0.127401
-0.425000 -0.127500
-0.426000 -0.127601
-0.427000 -0.127704
-0.428000 -0.127809
-0.429000 -0.127916
-0.430000 -0.128025
-0.431000 -0.128136
-0.432000 -0.128249
-0.433000 -0.128364
-0.434000 -0.128481
-0.435000 -0.128600
-0.436000 -0.128721
-0.437000 -0.128844
-0.438000 -0.128844
-0.439000 -0.128721
-0.440000 -0.128600
-0.441000 -0.128481
-0.442000 -0.128364
-0.443000 -0.128249
-0.444000 -0.128136
-0.445000 -0.128025
-0.446000 -0.127916
-0.447000 -0.127809
-0.448000 -0.127704
-0.449000 -0.127601
-0.450000 -0.127500
-0.451000 -0.127401
-0.452000 -0.127304
-0.453000 -0.127209
-0.454000 -0.127116
-0.455000 -0.127025
-0.456000 -0.126936
-0.457000 -0.126849
-0.458000 -0.126764
-0.459000 -0.126681
-0.460000 -0.126600
-0.461000 -0.126521
-0.462000 -0.126444
-0.463000 -0.126369
-0.464000 -0.126296
-0.465000 -0.126225
-0.466000 -0.126156
-0.467000 -0.126089
-0.468000 -0.126024
-0.469000 -0.125961
-0.470000 -0.125900
-0.471000 -0.125841
-0.472000 -0.125784
-0.473000 -0.125729
-0.474000 -0.125676
-0.475000 -0.125625
-0.476000 -0.125576
-0.477000 -0.125529
-0.478000 -0.125484
-0.479000 -0.125441
-0.480000 -0.125400
-0.481000 -0.125361
-0.482000 -0.125324
-0.483000 -0.125289
-0.484000 -0.125256
-0.485000 -0.125225
-0.486000 -0.125196
-0.487000 -0.125169
-0.488000 -0.125144
-0.489000 -0.125121
-0.490000 -0.125100
-0.491000 -0.125081
-0.492000 -0.125064
-0.493000 -0.125049
-0.494000 -0.125036
-0.495000 -0.125025
-0.496000 -0.125016
-0.497000 -0.125009
-0.498000 -0.125004
-0.499000 -0.125001
-0.500000 -0.125000
-0.501000 -0.125001
-0.502000 -0.125004
-0.503000 -0.125009
-0.504000 -0.125016
-0.505000 -0.125025
-0.506000 -0.125036
-0.507000 -0.125049
-0.508000 -0.125064
-0.509000 -0.125081
-0.510000 -0.125100
-0.511000 -0.125121
-0.512000 -0.125144
-0.513000 -0.125169
-0.514000 -0.125196
-0.515000 -0.125225
-0.516000 -0.125256
-0.517000 -0.125289
-0.518000 -0.125324
-0.519000 -0.125361
-0.520000 -0.125400
-0.521000 -0.125441
-0.522000 -0.125484
-0.523000 -0.125529
-0.524000 -0.125576
-0.525000 -0.125625
-0.526000 -0.125676
-0.527000 -0.125729
-0.528000 -0.125784
-0.529000 -0.125841
-0.530000 -0.125900
-0.531000 -0.125961
-0.532000 -0.126024
-0.533000 -0.126089
-0.534000 -0.126156
-0.535000 -0.126225
-0.536000 -0.126296
-0.537000 -0.126369
-0.538000 -0.126444
-0.539000 -0.126521
-0.540000 -0.126600
-0.541000 -0.126681
-0.542000 -0.126764
-0.543000 -0.126849
-0.544000 -0.126936
-0.545000 -0.127025
-0.546000 -0.127116
-0.547000 -0.127209
-0.548000 -0.127304
-0.549000 -0.127401
-0.550000 -0.127500
-0.551000 -0.127601
-0.552000 -0.127704
-0.553000 -0.127809
-0.554000 -0.127916
-0.555000 -0.128025
-0.556000 -0.128136
-0.557000 -0.128249
-0.558000 -0.128364
-0.559000 -0.128481
-0.560000 -0.128600
-0.561000 -0.128721
-0.562000 -0.128844
-0.563000 -0.128844
-0.564000 -0.128721
-0.565000 -0.128600
-0.566000 -0.128481
-0.567000 -0.128364
-0.568000 -0.128249
-0.569000 -0.128136
-0.570000 -0.128025
-0.571000 -0.127916
-0.572000 -0.127809
-0.573000 -0.127704
-0.574000 -0.127601
-0.575000 -0.127500
-0.576000 -0.127401
-0.577000 -0.127304
-0.578000 -0.127209
-0.579000 -0.127116
-0.580000 -0.127025
-0.581000 -0.126936
-0.582000 -0.126849
-0.583000 -0.126764
-0.584000 -0.126681
-0.585000 -0.126600
-0.586000 -0.126521
-0.587000 -0.126444
-0.588000 -0.126369
-0.589000 -0.126296
-0.590000 -0.126225
-0.591000 -0.126156
-0.592000 -0.126089
-0.593000 -0.126024
-0.594000 -0.125961
-0.595000 -0.125900
-0.596000 -0.125841
-0.597000 -0.125784
-0.598000 -0.125729
-0.599000 -0.125676
-0.600000 -0.125625
-0.601000 -0.125576
-0.602000 -0.125529
-0.603000 -0.125484
-0.604000 -0.125441
-0.605000 -0.125400
-0.606000 -0.125361
-0.607000 -0.125324
-0.608000 -0.125289
-0.609000 -0.125256
-0.610000 -0.125225
-0.611000 -0.125196
-0.612000 -0.125169
-0.613000 -0.125144
-0.614000 -0.125121
-0.615000 -0.125100
-0.616000 -0.125081
-0.617000 -0.125064
-0.618000 -0.125049
-0.619000 -0.125036
-0.620000 -0.125025
-0.621000 -0.125016
-0.622000 -0.125009
-0.623000 -0.125004
-0.624000 -0.125001
-0.625000 -0.125000
