-0.500000 0.500000
-0.499000 0.499001
-0.498000 0.498004
-0.497000 0.497009
-0.496000 0.496016
-0.495000 0.495025
-0.494000 0.494036
-0.493000 0.493049
-0.492000 0.492064
-0.491000 0.491081
-0.490000 0.490100
-0.489000 0.489121
-0.488000 0.488144
-0.487000 0.487169
-0.486000 0.486196
-0.485000 0.485225
-0.484000 0.484256
-0.483000 0.483289
-0.482000 0.482324
-0.481000 0.481361
-0.480000 0.480400
-0.479000 0.479441
-0.478000 0.478484
-0.477000 0.477529
-0.476000 0.476576
-0.475000 0.475625
-0.474000 0.474676
-0.473000 0.473729
-0.472000 0.472784
-0.471000 0.471841
-0.470000 0.470900
-0.469000 0.469961
-0.468000 0.469024
-0.467000 0.468089
-0.466000 0.467156
-0.465000 0.466225
-0.464000 0.465296
-0.463000 0.464369
-0.462000 0.463444
-0.461000 0.462521
-0.460000 0.461600
-0.459000 0.460681
-0.458000 0.459764
-0.457000 0.458849
-0.456000 0.457936
-0.455000 0.457025
-0.454000 0.456116
-0.453000 0.455209
-0.452000 0.454304
-0.451000 0.453401
-0.450000 0.452500
-0.449000 0.451601
-0.448000 0.450704
-0.447000 0.449809
-0.446000 0.448916
-0.445000 0.448025
-0.444000 0.447136
-0.443000 0.446249
-0.442000 0.445364
-0.441000 0.444481
-0.440000 0.443600
-0.439000 0.442721
-0.438000 0.441844
-0.437000 0.440969
-0.436000 0.440096
-0.435000 0.439225
-0.434000 0.438356
-0.433000 0.437489
-0.432000 0.436624
-0.431000 0.435761
-0.430000 0.434900
-0.429000 0.434041
-0.428000 0.433184
-0.427000 0.432329
-0.426000 0.431476
-0.425000 0.430625
-0.424000 0.429776
-0.423000 0.428929
-0.422000 0.428084
-0.421000 0.427241
-0.420000 0.426400
-0.419000 0.425561
-0.418000 0.424724
-0.417000 0.423889
-0.416000 0.423056
-0.415000 0.422225
-0.414000 0.421396
-0.413000 0.420569
-0.412000 0.419744
-0.411000 0.418921
-0.410000 0.418100
-0.409000 0.417281
-0.408000 0.416464
-0.407000 0.415649
-0.406000 0.414836
-0.405000 0.414025
-0.404000 0.413216
-0.403000 0.412409
-0.402000 0.411604
-0.401000 0.410801
-0.400000 0.410000
-0.399000 0.409201
-0.398000 0.408404
-0.397000 0.407609
-0.396000 0.406816
-0.395000 0.406025
-0.394000 0.405236
-0.393000 0.404449
-0.392000 0.403664
-0.391000 0.402881
-0.390000 0.402100
-0.389000 0.401321
-0.388000 0.400544
-0.387000 0.399769
-0.386000 0.398996
-0.385000 0.398225
-0.384000 0.397456
-0.383000 0.396689
-0.382000 0.395924
-0.381000 0.395161
-0.380000 0.394400
-0.379000 0.393641
-0.378000 0.392884
-0.377000 0.392129
-0.376000 0.391376
-0.375000 0.390625
-0.374000 0.389876
-0.373000 0.389129
-0.372000 0.388384
-0.371000 0.387641
-0.370000 0.386900
-0.369000 0.386161
-0.368000 0.385424
-0.367000 0.384689
-0.366000 0.383956
-0.365000 0.383225
-0.364000 0.382496
-0.363000 0.381769
-0.362000 0.381044
-0.361000 0.380321
-0.360000 0.379600
-0.359000 0.378881
-0.358000 0.378164
-0.357000 0.377449
-0.356000 0.376736
-0.355000 0.376025
-0.354000 0.375316
-0.353000 0.374609
-0.352000 0.373904
-0.351000 0.373201
-0.350000 0.372500
-0.349000 0.371801
-0.348000 0.371104
-0.347000 0.370409
-0.346000 0.369716
-0.345000 0.369025
-0.344000 0.368336
-0.343000 0.367649
-0.342000 0.366964
-0.341000 0.366281
-0.340000 0.365600
-0.339000 0.364921
-0.338000 0.364244
-0.337000 0.363569
-0.336000 0.362896
-0.335000 0.362225
-0.334000 0.361556
-0.333000 0.360889
-0.332000 0.360224
-0.331000 0.359561
-0.330000 0.358900
-0.329000 0.358241
-0.328000 0.357584
-0.327000 0.356929
-0.326000 0.356276
-0.325000 0.355625
-0.324000 0.354976
-0.323000 0.354329
-0.322000 0.353684
-0.321000 0.353041
-0.320000 0.352400
-0.319000 0.351761
-0.318000 0.351124
-0.317000 0.350489
-0.316000 0.349856
-0.315000 0.349225
-0.314000 0.348596
-0.313000 0.347969
-0.312000 0.347344
-0.311000 0.346721
-0.310000 0.346100
-0.309000 0.345481
-0.308000 0.344864
-0.307000 0.344249
-0.306000 0.343636
-0.305000 0.343025
-0.304000 0.342416
-0.303000 0.341809
-0.302000 0.341204
-0.301000 0.340601
-0.300000 0.340000
-0.299000 0.339401
-0.298000 0.338804
-0.297000 0.338209
-0.296000 0.337616
-0.295000 0.337025
-0.294000 0.336436
-0.293000 0.335849
-0.292000 0.335264
-0.291000 0.334681
-0.290000 0.334100
-0.289000 0.333521
-0.288000 0.332944
-0.287000 0.332369
-0.286000 0.331796
-0.285000 0.331225
-0.284000 0.330656
-0.283000 0.330089
-0.282000 0.329524
-0.281000 0.328961
-0.280000 0.328400
-0.279000 0.327841
-0.278000 0.327284
-0.277000 0.326729
-0.276000 0.326176
-0.275000 0.325625
-0.274000 0.325076
-0.273000 0.324529
-0.272000 0.323984
-0.271000 0.323441
-0.270000 0.322900
-0.269000 0.322361
-0.268000 0.321824
-0.267000 0.321289
-0.266000 0.320756
-0.265000 0.320225
-0.264000 0.319696
-0.263000 0.319169
-0.262000 0.318644
-0.261000 0.318121
-0.260000 0.317600
-0.259000 0.317081
-0.258000 0.316564
-0.257000 0.316049
-0.256000 0.315536
-0.255000 0.315025
-0.254000 0.314516
-0.253000 0.314009
-0.252000 0.313504
-0.251000 0.313001
-0.250000 0.312500
-0.249000 0.312001
-0.248000 0.311504
-0.247000 0.311009
-0.246000 0.310516
-0.245000 0.310025
-0.244000 0.309536
-0.243000 0.309049
-0.242000 0.308564
-0.241000 0.308081
-0.240000 0.307600
-0.239000 0.307121
-0.238000 0.306644
-0.237000 0.306169
-0.236000 0.305696
-0.235000 0.305225
-0.234000 0.304756
-0.233000 0.304289
-0.232000 0.303824
-0.231000 0.303361
-0.230000 0.302900
-0.229000 0.302441
-0.228000 0.301984
-0.227000 0.301529
-0.226000 0.301076
-0.225000 0.300625
-0.224000 0.300176
-0.223000 0.299729
-0.222000 0.299284
-0.221000 0.298841
-0.220000 0.298400
-0.219000 0.297961
-0.218000 0.297524
-0.217000 0.297089
-0.216000 0.296656
-0.215000 0.296225
-0.214000 0.295796
-0.213000 0.295369
-0.212000 0.294944
-0.211000 0.294521
-0.210000 0.294100
-0.209000 0.293681
-0.208000 0.293264
-0.207000 0.292849
-0.206000 0.292436
-0.205000 0.292025
-0.204000 0.291616
-0.203000 0.291209
-0.202000 0.290804
-0.201000 0.290401
-0.200000 0.290000
-0.199000 0.289601
-0.198000 0.289204
-0.197000 0.288809
-0.196000 0.288416
-0.195000 0.288025
-0.194000 0.287636
-0.193000 0.287249
-0.192000 0.286864
-0.191000 0.286481
-0.190000 0.286100
-0.189000 0.285721
-0.188000 0.285344
-0.187000 0.284969
-0.186000 0.284596
-0.185000 0.284225
-0.184000 0.283856
-0.183000 0.283489
-0.182000 0.283124
-0.181000 0.282761
-0.180000 0.282400
-0.179000 0.282041
-0.178000 0.281684
-0.177000 0.281329
-0.176000 0.280976
-0.175000 0.280625
-0.174000 0.280276
-0.173000 0.279929
-0.172000 0.279584
-0.171000 0.279241
-0.170000 0.278900
-0.169000 0.278561
-0.168000 0.278224
-0.167000 0.277889
-0.166000 0.277556
-0.165000 0.277225
-0.164000 0.276896
-0.163000 0.276569
-0.162000 0.276244
-0.161000 0.275921
-0.160000 0.275600
-0.159000 0.275281
-0.158000 0.274964
-0.157000 0.274649
-0.156000 0.274336
-0.155000 0.274025
-0.154000 0.273716
-0.153000 0.273409
-0.152000 0.273104
-0.151000 0.272801
-0.150000 0.272500
-0.149000 0.272201
-0.148000 0.271904
-0.147000 0.271609
-0.146000 0.271316
-0.145000 0.271025
-0.144000 0.270736
-0.143000 0.270449
-0.142000 0.270164
-0.141000 0.269881
-0.140000 0.269600
-0.139000 0.269321
-0.138000 0.269044
-0.137000 0.268769
-0.136000 0.268496
-0.135000 0.268225
-0.134000 0.267956
-0.133000 0.267689
-0.132000 0.267424
-0.131000 0.267161
-0.130000 0.266900
-0.129000 0.266641
-0.128000 0.266384
-0.127000 0.266129
-0.126000 0.265876
-0.125000 0.265625
-0.124000 0.265376
-0.123000 0.265129
-0.122000 0.264884
-0.121000 0.264641
-0.120000 0.264400
-0.119000 0.264161
-0.118000 0.263924
-0.117000 0.263689
-0.116000 0.263456
-0.115000 0.263225
-0.114000 0.262996
-0.113000 0.262769
-0.112000 0.262544
-0.111000 0.262321
-0.110000 0.262100
-0.109000 0.261881
-0.108000 0.261664
-0.107000 0.261449
-0.106000 0.261236
-0.105000 0.261025
-0.104000 0.260816
-0.103000 0.260609
-0.102000 0.260404
-0.101000 0.260201
-0.100000 0.260000
-0.099000 0.259801
-0.098000 0.259604
-0.097000 0.259409
-0.096000 0.259216
-0.095000 0.259025
-0.094000 0.258836
-0.093000 0.258649
-0.092000 0.258464
-0.091000 0.258281
-0.090000 0.258100
-0.089000 0.257921
-0.088000 0.257744
-0.087000 0.257569
-0.086000 0.257396
-0.085000 0.257225
-0.084000 0.257056
-0.083000 0.256889
-0.082000 0.256724
-0.081000 0.256561
-0.080000 0.256400
-0.079000 0.256241
-0.078000 0.256084
-0.077000 0.255929
-0.076000 0.255776
-0.075000 0.255625
-0.074000 0.255476
-0.073000 0.255329
-0.072000 0.255184
-0.071000 0.255041
-0.070000 0.254900
-0.069000 0.254761
-0.068000 0.254624
-0.067000 0.254489
-0.066000 0.254356
-0.065000 0.254225
-0.064000 0.254096
-0.063000 0.253969
-0.062000 0.253844
-0.061000 0.253721
-0.060000 0.253600
-0.059000 0.253481
-0.058000 0.253364
-0.057000 0.253249
-0.056000 0.253136
-0.055000 0.253025
-0.054000 0.252916
-0.053000 0.252809
-0.052000 0.252704
-0.051000 0.252601
-0.050000 0.252500
-0.049000 0.252401
-0.048000 0.252304
-0.047000 0.252209
-0.046000 0.252116
-0.045000 0.252025
-0.044000 0.251936
-0.043000 0.251849
-0.042000 0.251764
-0.041000 0.251681
-0.040000 0.251600
-0.039000 0.251521
-0.038000 0.251444
-0.037000 0.251369
-0.036000 0.251296
-0.035000 0.251225
-0.034000 0.251156
-0.033000 0.251089
-0.032000 0.251024
-0.031000 0.250961
-0.030000 0.250900
-0.029000 0.250841
-0.028000 0.250784
-0.027000 0.250729
-0.026000 0.250676
-0.025000 0.250625
-0.024000 0.250576
-0.023000 0.250529
-0.022000 0.250484
-0.021000 0.250441
-0.020000 0.250400
-0.019000 0.250361
-0.018000 0.250324
-0.017000 0.250289
-0.016000 0.250256
-0.015000 0.250225
-0.014000 0.250196
-0.013000 0.250169
-0.012000 0.250144
-0.011000 0.250121
-0.010000 0.250100
-0.009000 0.250081
-0.008000 0.250064
-0.007000 0.250049
-0.006000 0.250036
-0.005000 0.250025
-0.004000 0.250016
-0.003000 0.250009
-0.002000 0.250004
-0.001000 0.250001
0.000000 0.250000
0.001000 0.250001
0.002000 0.250004
0.003000 0.250009
0.004000 0.250016
0.005000 0.250025
0.006000 0.250036
0.007000 0.250049
0.008000 0.250064
0.009000 0.250081
0.010000 0.250100
0.011000 0.250121
0.012000 0.250144
0.013000 0.250169
0.014000 0.250196
0.015000 0.250225
0.016000 0.250256
0.017000 0.250289
0.018000 0.250324
0.019000 0.250361
0.020000 0.250400
0.021000 0.250441
0.022000 0.250484
0.023000 0.250529
0.024000 0.250576
0.025000 0.250625
0.026000 0.250676
0.027000 0.250729
0.028000 0.250784
0.029000 0.250841
0.030000 0.250900
0.031000 0.250961
0.032000 0.251024
0.033000 0.251089
0.034000 0.251156
0.035000 0.251225
0.036000 0.251296
0.037000 0.251369
0.038000 0.251444
0.039000 0.251521
0.040000 0.251600
0.041000 0.251681
0.042000 0.251764
0.043000 0.251849
0.044000 0.251936
0.045000 0.252025
0.046000 0.252116
0.047000 0.252209
0.048000 0.252304
0.049000 0.252401
0.050000 0.252500
0.051000 0.252601
0.052000 0.252704
0.053000 0.252809
0.054000 0.252916
0.055000 0.253025
0.056000 0.253136
0.057000 0.253249
0.058000 0.253364
0.059000 0.253481
0.060000 0.253600
0.061000 0.253721
0.062000 0.253844
0.063000 0.253844
0.064000 0.253721
0.065000 0.253600
0.066000 0.253481
0.067000 0.253364
0.068000 0.253249
0.069000 0.253136
0.070000 0.253025
0.071000 0.252916
0.072000 0.252809
0.073000 0.252704
0.074000 0.252601
0.075000 0.252500
0.076000 0.252401
0.077000 0.252304
0.078000 0.252209
0.079000 0.252116
0.080000 0.252025
0.081000 0.251936
0.082000 0.251849
0.083000 0.251764
0.084000 0.251681
0.085000 0.251600
0.086000 0.251521
0.087000 0.251444
0.088000 0.251369
0.089000 0.251296
0.090000 0.251225
0.091000 0.251156
0.092000 0.251089
0.093000 0.251024
0.094000 0.250961
0.095000 0.250900
0.096000 0.250841
0.097000 0.250784
0.098000 0.250729
0.099000 0.250676
0.100000 0.250625
0.101000 0.250576
0.102000 0.250529
0.103000 0.250484
0.104000 0.250441
0.105000 0.250400
0.106000 0.250361
0.107000 0.250324
0.108000 0.250289
0.109000 0.250256
0.110000 0.250225
0.111000 0.250196
0.112000 0.250169
0.113000 0.250144
0.114000 0.250121
0.115000 0.250100
0.116000 0.250081
0.117000 0.250064
0.118000 0.250049
0.119000 0.250036
0.120000 0.250025
0.121000 0.250016
0.122000 0.250009
0.123000 0.250004
0.124000 0.250001
0.125000 0.250000
0.126000 0.250001
0.127000 0.250004
0.128000 0.250009
0.129000 0.250016
0.130000 0.250025
0.131000 0.250036
0.132000 0.250049
0.133000 0.250064
0.134000 0.250081
0.135000 0.250100
0.136000 0.250121
0.137000 0.250144
0.138000 0.250169
0.139000 0.250196
0.140000 0.250225
0.141000 0.250256
0.142000 0.250289
0.143000 0.250324
0.144000 0.250361
0.145000 0.250400
0.146000 0.250441
0.147000 0.250484
0.148000 0.250529
0.149000 0.250576
0.150000 0.250625
0.151000 0.250676
0.152000 0.250729
0.153000 0.250784
0.154000 0.250841
0.155000 0.250900
0.156000 0.250961
0.157000 0.251024
0.158000 0.251089
0.159000 0.251156
0.160000 0.251225
0.161000 0.251296
0.162000 0.251369
0.163000 0.251444
0.164000 0.251521
0.165000 0.251600
0.166000 0.251681
0.167000 0.251764
0.168000 0.251849
0.169000 0.251936
0.170000 0.252025
0.171000 0.252116
0.172000 0.252209
0.173000 0.252304
0.174000 0.252401
0.175000 0.252500
0.176000 0.252601
0.177000 0.252704
0.178000 0.252809
0.179000 0.252916
0.180000 0.253025
0.181000 0.253136
0.182000 0.253249
0.183000 0.253364
0.184000 0.253481
0.185000 0.253600
0.186000 0.253721
0.187000 0.253844
0.188000 0.253844
0.189000 0.253721
0.190000 0.253600
0.191000 0.253481
0.192000 0.253364
0.193000 0.253249
0.194000 0.253136
0.195000 0.253025
0.196000 0.252916
0.197000 0.252809
0.198000 0.252704
0.199000 0.252601
0.200000 0.252500
0.201000 0.252401
0.202000 0.252304
0.203000 0.252209
0.204000 0.252116
0.205000 0.252025
0.206000 0.251936
0.207000 0.251849
0.208000 0.251764
0.209000 0.251681
0.210000 0.251600
0.211000 0.251521
0.212000 0.251444
0.213000 0.251369
0.214000 0.251296
0.215000 0.251225
0.216000 0.251156
0.217000 0.251089
0.218000 0.251024
0.219000 0.250961
0.220000 0.250900
0.221000 0.250841
0.222000 0.250784
0.223000 0.250729
0.224000 0.250676
0.225000 0.250625
0.226000 0.250576
0.227000 0.250529
0.228000 0.250484
0.229000 0.250441
0.230000 0.250400
0.231000 0.250361
0.232000 0.250324
0.233000 0.250289
0.234000 0.250256
0.235000 0.250225
0.236000 0.250196
0.237000 0.250169
0.238000 0.250144
0.239000 0.250121
0.240000 0.250100
0.241000 0.250081
0.242000 0.250064
0.243000 0.250049
0.244000 0.250036
0.245000 0.250025
0.246000 0.250016
0.247000 0.250009
0.248000 0.250004
0.249000 0.250001
0.250000 0.250000
0.251000 0.250001
0.252000 0.250004
0.253000 0.250009
0.254000 0.250016
0.255000 0.250025
0.256000 0.250036
0.257000 0.250049
0.258000 0.250064
0.259000 0.250081
0.260000 0.250100
0.261000 0.250121
0.262000 0.250144
0.263000 0.250169
0.264000 0.250196
0.265000 0.250225
0.266000 0.250256
0.267000 0.250289
0.268000 0.250324
0.269000 0.250361
0.270000 0.250400
0.271000 0.250441
0.272000 0.250484
0.273000 0.250529
0.274000 0.250576
0.275000 0.250625
0.276000 0.250676
0.277000 0.250729
0.278000 0.250784
0.279000 0.250841
0.280000 0.250900
0.281000 0.250961
0.282000 0.251024
0.283000 0.251089
0.284000 0.251156
0.285000 0.251225
0.286000 0.251296
0.287000 0.251369
0.288000 0.251444
0.289000 0.251521
0.290000 0.251600
0.291000 0.251681
0.292000 0.251764
0.293000 0.251849
0.294000 0.251936
0.295000 0.252025
0.296000 0.252116
0.297000 0.252209
0.298000 0.252304
0.299000 0.252401
0.300000 0.252500
0.301000 0.252601
0.302000 0.252704
0.303000 0.252809
0.304000 0.252916
0.305000 0.253025
0.306000 0.253136
0.307000 0.253249
0.308000 0.253364
0.309000 0.253481
0.310000 0.253600
0.311000 0.253721
0.312000 0.253844
0.313000 0.253844
0.314000 0.253721
0.315000 0.253600
0.316000 0.253481
0.317000 0.253364
0.318000 0.253249
0.319000 0.253136
0.320000 0.253025
0.321000 0.252916
0.322000 0.252809
0.323000 0.252704
0.324000 0.252601
0.325000 0.252500
0.326000 0.252401
0.327000 0.252304
0.328000 0.252209
0.329000 0.252116
0.330000 0.252025
0.331000 0.251936
0.332000 0.251849
0.333000 0.251764
0.334000 0.251681
0.335000 0.251600
0.336000 0.251521
0.337000 0.251444
0.338000 0.251369
0.339000 0.251296
0.340000 0.251225
0.341000 0.251156
0.342000 0.251089
0.343000 0.251024
0.344000 0.250961
0.345000 0.250900
0.346000 0.250841
0.347000 0.250784
0.348000 0.250729
0.349000 0.250676
0.350000 0.250625
0.351000 0.250576
0.352000 0.250529
0.353000 0.250484
0.354000 0.250441
0.355000 0.250400
0.356000 0.250361
0.357000 0.250324
0.358000 0.250289
0.359000 0.250256
0.360000 0.250225
0.361000 0.250196
0.362000 0.250169
0.363000 0.250144
0.364000 0.250121
0.365000 0.250100
0.366000 0.250081
0.367000 0.250064
0.368000 0.250049
0.369000 0.250036
0.370000 0.250025
0.371000 0.250016
0.372000 0.250009
0.373000 0.250004
0.374000 0.250001
0.375000 0.250000
0.376000 0.250001
0.377000 0.250004
0.378000 0.250009
0.379000 0.250016
0.380000 0.250025
0.381000 0.250036
0.382000 0.250049
0.383000 0.250064
0.384000 0.250081
0.385000 0.250100
0.386000 0.250121
0.387000 0.250144
0.388000 0.250169
0.389000 0.250196
0.390000 0.250225
0.391000 0.250256
0.392000 0.250289
0.393000 0.250324
0.394000 0.250361
0.395000 0.250400
0.396000 0.250441
0.397000 0.250484
0.398000 0.250529
0.399000 0.250576
0.400000 0.250625
0.401000 0.250676
0.402000 0.250729
0.403000 0.250784
0.404000 0.250841
0.405000 0.250900
0.406000 0.250961
0.407000 0.251024
0.408000 0.251089
0.409000 0.251156
0.410000 0.251225
0.411000 0.251296
0.412000 0.251369
0.413000 0.251444
0.414000 0.251521
0.415000 0.251600
0.416000 0.251681
0.417000 0.251764
0.418000 0.251849
0.419000 0.251936
0.420000 0.252025
0.421000 0.252116
0.422000 0.252209
0.423000 0.252304
0.424000 0.252401
0.425000 0.252500
0.426000 0.252601
0.427000 0.252704
0.428000 0.252809
0.429000 0.252916
0.430000 0.253025
0.431000 0.253136
0.432000 0.253249
0.433000 0.253364
0.434000 0.253481
0.435000 0.253600
0.436000 0.253721
0.437000 0.253844
0.438000 0.253844
0.439000 0.253721
0.440000 0.253600
0.441000 0.253481
0.442000 0.253364
0.443000 0.253249
0.444000 0.253136
0.445000 0.253025
0.446000 0.252916
0.447000 0.252809
0.448000 0.252704
0.449000 0.252601
0.450000 0.252500
0.451000 0.252401
0.452000 0.252304
0.453000 0.252209
0.454000 0.252116
0.455000 0.252025
0.456000 0.251936
0.457000 0.251849
0.458000 0.251764
0.459000 0.251681
0.460000 0.251600
0.461000 0.251521
0.462000 0.251444
0.463000 0.251369
0.464000 0.251296
0.465000 0.251225
0.466000 0.251156
0.467000 0.251089
0.468000 0.251024
0.469000 0.250961
0.470000 0.250900
0.471000 0.250841
0.472000 0.250784
0.473000 0.250729
0.474000 0.250676
0.475000 0.250625
0.476000 0.250576
0.477000 0.250529
0.478000 0.250484
0.479000 0.250441
0.480000 0.250400
0.481000 0.250361
0.482000 0.250324
0.483000 0.250289
0.484000 0.250256
0.485000 0.250225
0.486000 0.250196
0.487000 0.250169
0.488000 0.250144
0.489000 0.250121
0.490000 0.250100
0.491000 0.250081
0.492000 0.250064
0.493000 0.250049
0.494000 0.250036
0.495000 0.250025
0.496000 0.250016
0.497000 0.250009
0.498000 0.250004
0.499000 0.250001
0.499000 -0.499001
0.498000 -0.498004
0.497000 -0.497009
0.496000 -0.496016
0.495000 -0.495025
0.494000 -0.494036
0.493000 -0.493049
0.492000 -0.492064
0.491000 -0.491081
0.490000 -0.490100
0.489000 -0.489121
0.488000 -0.488144
0.487000 -0.487169
0.486000 -0.486196
0.485000 -0.485225
0.484000 -0.484256
0.483000 -0.483289
0.482000 -0.482324
0.481000 -0.481361
0.480000 -0.480400
0.479000 -0.479441
0.478000 -0.478484
0.477000 -0.477529
0.476000 -0.476576
0.475000 -0.475625
0.474000 -0.474676
0.473000 -0.473729
0.472000 -0.472784
0.471000 -0.471841
0.470000 -0.470900
0.469000 -0.469961
0.468000 -0.469024
0.467000 -0.468089
0.466000 -0.467156
0.465000 -0.466225
0.464000 -0.465296
0.463000 -0.464369
0.462000 -0.463444
0.461000 -0.462521
0.460000 -0.461600
0.459000 -0.460681
0.458000 -0.459764
0.457000 -0.458849
0.456000 -0.457936
0.455000 -0.457025
0.454000 -0.456116
0.453000 -0.455209
0.452000 -0.454304
0.451000 -0.453401
0.450000 -0.452500
0.449000 -0.451601
0.448000 -0.450704
0.447000 -0.449809
0.446000 -0.448916
0.445000 -0.448025
0.444000 -0.447136
0.443000 -0.446249
0.442000 -0.445364
0.441000 -0.444481
0.440000 -0.443600
0.439000 -0.442721
0.438000 -0.441844
0.437000 -0.440969
0.436000 -0.440096
0.435000 -0.439225
0.434000 -0.438356
0.433000 -0.437489
0.432000 -0.436624
0.431000 -0.435761
0.430000 -0.434900
0.429000 -0.434041
0.428000 -0.433184
0.427000 -0.432329
0.426000 -0.431476
0.425000 -0.430625
0.424000 -0.429776
0.423000 -0.428929
0.422000 -0.428084
0.421000 -0.427241
0.420000 -0.426400
0.419000 -0.425561
0.418000 -0.424724
0.417000 -0.423889
0.416000 -0.423056
0.415000 -0.422225
0.414000 -0.421396
0.413000 -0.420569
0.412000 -0.419744
0.411000 -0.418921
0.410000 -0.418100
0.409000 -0.417281
0.408000 -0.416464
0.407000 -0.415649
0.406000 -0.414836
0.405000 -0.414025
0.404000 -0.413216
0.403000 -0.412409
0.402000 -0.411604
0.401000 -0.410801
0.400000 -0.410000
0.399000 -0.409201
0.398000 -0.408404
0.397000 -0.407609
0.396000 -0.406816
0.395000 -0.406025
0.394000 -0.405236
0.393000 -0.404449
0.392000 -0.403664
0.391000 -0.402881
0.390000 -0.402100
0.389000 -0.401321
0.388000 -0.400544
0.387000 -0.399769
0.386000 -0.398996
0.385000 -0.398225
0.384000 -0.397456
0.383000 -0.396689
0.382000 -0.395924
0.381000 -0.395161
0.380000 -0.394400
0.379000 -0.393641
0.378000 -0.392884
0.377000 -0.392129
0.376000 -0.391376
0.375000 -0.390625
0.374000 -0.389876
0.373000 -0.389129
0.372000 -0.388384
0.371000 -0.387641
0.370000 -0.386900
0.369000 -0.386161
0.368000 -0.385424
0.367000 -0.384689
0.366000 -0.383956
0.365000 -0.383225
0.364000 -0.382496
0.363000 -0.381769
0.362000 -0.381044
0.361000 -0.380321
0.360000 -0.379600
0.359000 -0.378881
0.358000 -0.378164
0.357000 -0.377449
0.356000 -0.376736
0.355000 -0.376025
0.354000 -0.375316
0.353000 -0.374609
0.352000 -0.373904
0.351000 -0.373201
0.350000 -0.372500
0.349000 -0.371801
0.348000 -0.371104
0.347000 -0.370409
0.346000 -0.369716
0.345000 -0.369025
0.344000 -0.368336
0.343000 -0.367649
0.342000 -0.366964
0.341000 -0.366281
0.340000 -0.365600
0.339000 -0.364921
0.338000 -0.364244
0.337000 -0.363569
0.336000 -0.362896
0.335000 -0.362225
0.334000 -0.361556
0.333000 -0.360889
0.332000 -0.360224
0.331000 -0.359561
0.330000 -0.358900
0.329000 -0.358241
0.328000 -0.357584
0.327000 -0.356929
0.326000 -0.356276
0.325000 -0.355625
0.324000 -0.354976
0.323000 -0.354329
0.322000 -0.353684
0.321000 -0.353041
0.320000 -0.352400
0.319000 -0.351761
0.318000 -0.351124
0.317000 -0.350489
0.316000 -0.349856
0.315000 -0.349225
0.314000 -0.348596
0.313000 -0.347969
0.312000 -0.347344
0.311000 -0.346721
0.310000 -0.346100
0.309000 -0.345481
0.308000 -0.344864
0.307000 -0.344249
0.306000 -0.343636
0.305000 -0.343025
0.304000 -0.342416
0.303000 -0.341809
0.302000 -0.341204
0.301000 -0.340601
0.300000 -0.340000
0.299000 -0.339401
0.298000 -0.338804
0.297000 -0.338209
0.296000 -0.337616
0.295000 -0.337025
0.294000 -0.336436
0.293000 -0.335849
0.292000 -0.335264
0.291000 -0.334681
0.290000 -0.334100
0.289000 -0.333521
0.288000 -0.332944
0.287000 -0.332369
0.286000 -0.331796
0.285000 -0.331225
0.284000 -0.330656
0.283000 -0.330089
0.282000 -0.329524
0.281000 -0.328961
0.280000 -0.328400
0.279000 -0.327841
0.278000 -0.327284
0.277000 -0.326729
0.276000 -0.326176
0.275000 -0.325625
0.274000 -0.325076
0.273000 -0.324529
0.272000 -0.323984
0.271000 -0.323441
0.270000 -0.322900
0.269000 -0.322361
0.268000 -0.321824
0.267000 -0.321289
0.266000 -0.320756
0.265000 -0.320225
0.264000 -0.319696
0.263000 -0.319169
0.262000 -0.318644
0.261000 -0.318121
0.260000 -0.317600
0.259000 -0.317081
0.258000 -0.316564
0.257000 -0.316049
0.256000 -0.315536
0.255000 -0.315025
0.254000 -0.314516
0.253000 -0.314009
0.252000 -0.313504
0.251000 -0.313001
0.250000 -0.312500
0.249000 -0.312001
0.248000 -0.311504
0.247000 -0.311009
0.246000 -0.310516
0.245000 -0.310025
0.244000 -0.309536
0.243000 -0.309049
0.242000 -0.308564
0.241000 -0.308081
0.240000 -0.307600
0.239000 -0.307121
0.238000 -0.306644
0.237000 -0.306169
0.236000 -0.305696
0.235000 -0.305225
0.234000 -0.304756
0.233000 -0.304289
0.232000 -0.303824
0.231000 -0.303361
0.230000 -0.302900
0.229000 -0.302441
0.228000 -0.301984
0.227000 -0.301529
0.226000 -0.301076
0.225000 -0.300625
0.224000 -0.300176
0.223000 -0.299729
0.222000 -0.299284
0.221000 -0.298841
0.220000 -0.298400
0.219000 -0.297961
0.218000 -0.297524
0.217000 -0.297089
0.216000 -0.296656
0.215000 -0.296225
0.214000 -0.295796
0.213000 -0.295369
0.212000 -0.294944
0.211000 -0.294521
0.210000 -0.294100
0.209000 -0.293681
0.208000 -0.293264
0.207000 -0.292849
0.206000 -0.292436
0.205000 -0.292025
0.204000 -0.291616
0.203000 -0.291209
0.202000 -0.290804
0.201000 -0.290401
0.200000 -0.290000
0.199000 -0.289601
0.198000 -0.289204
0.197000 -0.288809
0.196000 -0.288416
0.195000 -0.288025
0.194000 -0.287636
0.193000 -0.287249
0.192000 -0.286864
0.191000 -0.286481
0.190000 -0.286100
0.189000 -0.285721
0.188000 -0.285344
0.187000 -0.284969
0.186000 -0.284596
0.185000 -0.284225
0.184000 -0.283856
0.183000 -0.283489
0.182000 -0.283124
0.181000 -0.282761
0.180000 -0.282400
0.179000 -0.282041
0.178000 -0.281684
0.177000 -0.281329
0.176000 -0.280976
0.175000 -0.280625
0.174000 -0.280276
0.173000 -0.279929
0.172000 -0.279584
0.171000 -0.279241
0.170000 -0.278900
0.169000 -0.278561
0.168000 -0.278224
0.167000 -0.277889
0.166000 -0.277556
0.165000 -0.277225
0.164000 -0.276896
0.163000 -0.276569
0.162000 -0.276244
0.161000 -0.275921
0.160000 -0.275600
0.159000 -0.275281
0.158000 -0.274964
0.157000 -0.274649
0.156000 -0.274336
0.155000 -0.274025
0.154000 -0.273716
0.153000 -0.273409
0.152000 -0.273104
0.151000 -0.272801
0.150000 -0.272500
0.149000 -0.272201
0.148000 -0.271904
0.147000 -0.271609
0.146000 -0.271316
0.145000 -0.271025
0.144000 -0.270736
0.143000 -0.270449
0.142000 -0.270164
0.141000 -0.269881
0.140000 -0.269600
0.139000 -0.269321
0.138000 -0.269044
0.137000 -0.268769
0.136000 -0.268496
0.135000 -0.268225
0.134000 -0.267956
0.133000 -0.267689
0.132000 -0.267424
0.131000 -0.267161
0.130000 -0.266900
0.129000 -0.266641
0.128000 -0.266384
0.127000 -0.266129
0.126000 -0.265876
0.125000 -0.265625
0.124000 -0.265376
0.123000 -0.265129
0.122000 -0.264884
0.121000 -0.264641
0.120000 -0.264400
0.119000 -0.264161
0.118000 -0.263924
0.117000 -0.263689
0.116000 -0.263456
0.115000 -0.263225
0.114000 -0.262996
0.113000 -0.262769
0.112000 -0.262544
0.111000 -0.262321
0.110000 -0.262100
0.109000 -0.261881
0.108000 -0.261664
0.107000 -0.261449
0.106000 -0.261236
0.105000 -0.261025
0.104000 -0.260816
0.103000 -0.260609
0.102000 -0.260404
0.101000 -0.260201
0.100000 -0.260000
0.099000 -0.259801
0.098000 -0.259604
0.097000 -0.259409
0.096000 -0.259216
0.095000 -0.259025
0.094000 -0.258836
0.093000 -0.258649
0.092000 -0.258464
0.091000 -0.258281
0.090000 -0.258100
0.089000 -0.257921
0.088000 -0.257744
0.087000 -0.257569
0.086000 -0.257396
0.085000 -0.257225
0.084000 -0.257056
0.083000 -0.256889
0.082000 -0.256724
0.081000 -0.256561
0.080000 -0.256400
0.079000 -0.256241
0.078000 -0.256084
0.077000 -0.255929
0.076000 -0.255776
0.075000 -0.255625
0.074000 -0.255476
0.073000 -0.255329
0.072000 -0.255184
0.071000 -0.255041
0.070000 -0.254900
0.069000 -0.254761
0.068000 -0.254624
0.067000 -0.254489
0.066000 -0.254356
0.065000 -0.254225
0.064000 -0.254096
0.063000 -0.253969
0.062000 -0.253844
0.061000 -0.253721
0.060000 -0.253600
0.059000 -0.253481
0.058000 -0.253364
0.057000 -0.253249
0.056000 -0.253136
0.055000 -0.253025
0.054000 -0.252916
0.053000 -0.252809
0.052000 -0.252704
0.051000 -0.252601
0.050000 -0.252500
0.049000 -0.252401
0.048000 -0.252304
0.047000 -0.252209
0.046000 -0.252116
0.045000 -0.252025
0.044000 -0.251936
0.043000 -0.251849
0.042000 -0.251764
0.041000 -0.251681
0.040000 -0.251600
0.039000 -0.251521
0.038000 -0.251444
0.037000 -0.251369
0.036000 -0.251296
0.035000 -0.251225
0.034000 -0.251156
0.033000 -0.251089
0.032000 -0.251024
0.031000 -0.250961
0.030000 -0.250900
0.029000 -0.250841
0.028000 -0.250784
0.027000 -0.250729
0.026000 -0.250676
0.025000 -0.250625
0.024000 -0.250576
0.023000 -0.250529
0.022000 -0.250484
0.021000 -0.250441
0.020000 -0.250400
0.019000 -0.250361
0.018000 -0.250324
0.017000 -0.250289
0.016000 -0.250256
0.015000 -0.250225
0.014000 -0.250196
0.013000 -0.250169
0.012000 -0.250144
0.011000 -0.250121
0.010000 -0.250100
0.009000 -0.250081
0.008000 -0.250064
0.007000 -0.250049
0.006000 -0.250036
0.005000 -0.250025
0.004000 -0.250016
0.003000 -0.250009
0.002000 -0.250004
0.001000 -0.250001
0.000000 -0.250000
-0.001000 -0.250001
-0.002000 -0.250004
-0.003000 -0.250009
-0.004000 -0.250016
-0.005000 -0.250025
-0.006000 -0.250036
-0.007000 -0.250049
-0.008000 -0.250064
-0.009000 -0.250081
-0.010000 -0.250100
-0.011000 -0.250121
-0.012000 -0.250144
-0.013000 -0.250169
-0.014000 -0.250196
-0.015000 -0.250225
-0.016000 -0.250256
-0.017000 -0.250289
-0.018000 -0.250324
-0.019000 -0.250361
-0.020000 -0.250400
-0.021000 -0.250441
-0.022000 -0.250484
-0.023000 -0.250529
-0.024000 -0.250576
-0.025000 -0.250625
-0.026000 -0.250676
-0.027000 -0.250729
-0.028000 -0.250784
-0.029000 -0.250841
-0.030000 -0.250900
-0.031000 -0.250961
-0.032000 -0.251024
-0.033000 -0.251089
-0.034000 -0.251156
-0.035000 -0.251225
-0.036000 -0.251296
-0.037000 -0.251369
-0.038000 -0.251444
-0.039000 -0.251521
-0.040000 -0.251600
-0.041000 -0.251681
-0.042000 -0.251764
-0.043000 -0.251849
-0.044000 -0.251936
-0.045000 -0.252025
-0.046000 -0.252116
-0.047000 -0.252209
-0.048000 -0.252304
-0.049000 -0.252401
-0.050000 -0.252500
-0.051000 -0.252601
-0.052000 -0.252704
-0.053000 -0.252809
-0.054000 -0.252916
-0.055000 -0.253025
-0.056000 -0.253136
-0.057000 -0.253249
-0.058000 -0.253364
-0.059000 -0.253481
-0.060000 -0.253600
-0.061000 -0.253721
-0.062000 -0.253844
-0.063000 -0.253844
-0.064000 -0.253721
-0.065000 -0.253600
-0.066000 -0.253481
-0.067000 -0.253364
-0.068000 -0.253249
-0.069000 -0.253136
-0.070000 -0.253025
-0.071000 -0.252916
-0.072000 -0.252809
-0.073000 -0.252704
-0.074000 -0.252601
-0.075000 -0.252500
-0.076000 -0.252401
-0.077000 -0.252304
-0.078000 -0.252209
-0.079000 -0.252116
-0.080000 -0.252025
-0.081000 -0.251936
-0.082000 -0.251849
-0.083000 -0.251764
-0.084000 -0.251681
-0.085000 -0.251600
-0.086000 -0.251521
-0.087000 -0.251444
-0.088000 -0.251369
-0.089000 -0.251296
-0.090000 -0.251225
-0.091000 -0.251156
-0.092000 -0.251089
-0.093000 -0.251024
-0.094000 -0.250961
-0.095000 -0.250900
-0.096000 -0.250841
-0.097000 -0.250784
-0.098000 -0.250729
-0.099000 -0.250676
-0.100000 -0.250625
-0.101000 -0.250576
-0.102000 -0.250529
-0.103000 -0.250484
-0.104000 -0.250441
-0.105000 -0.250400
-0.106000 -0.250361
-0.107000 -0.250324
-0.108000 -0.250289
-0.109000 -0.250256
-0.110000 -0.250225
-0.111000 -0.250196
-0.112000 -0.250169
-0.113000 -0.250144
-0.114000 -0.250121
-0.115000 -0.250100
-0.116000 -0.250081
-0.117000 -0.250064
-0.118000 -0.250049
-0.119000 -0.250036
-0.120000 -0.250025
-0.121000 -0.250016
-0.122000 -0.250009
-0.123000 -0.250004
-0.124000 -0.250001
-0.125000 -0.250000
-0.126000 -0.250001
-0.127000 -0.250004
-0.128000 -0.250009
-0.129000 -0.250016
-0.130000 -0.250025
-0.131000 -0.250036
-0.132000 -0.250049
-0.133000 -0.250064
-0.134000 -0.250081
-0.135000 -0.250100
-0.136000 -0.250121
-0.137000 -0.250144
-0.138000 -0.250169
-0.139000 -0.250196
-0.140000 -0.250225
-0.141000 -0.250256
-0.142000 -0.250289
-0.143000 -0.250324
-0.144000 -0.250361
-0.145000 -0.250400
-0.146000 -0.250441
-0.147000 -0.250484
-0.148000 -0.250529
-0.149000 -0.250576
-0.150000 -0.250625
-0.151000 -0.250676
-0.152000 -0.250729
-0.153000 -0.250784
-0.154000 -0.250841
-0.155000 -0.250900
-0.156000 -0.250961
-0.157000 -0.251024
-0.158000 -0.251089
-0.159000 -0.251156
-0.160000 -0.251225
-0.161000 -0.251296
-0.162000 -0.251369
-0.163000 -0.251444
-0.164000 -0.251521
-0.165000 -0.251600
-0.166000 -0.251681
-0.167000 -0.251764
-0.168000 -0.251849
-0.169000 -0.251936
-0.170000 -0.252025
-0.171000 -0.252116
-0.172000 -0.252209
-0.173000 -0.252304
-0.174000 -0.252401
-0.175000 -0.252500
-0.176000 -0.252601
-0.177000 -0.252704
-0.178000 -0.252809
-0.179000 -0.252916
-0.180000 -0.253025
-0.181000 -0.253136
-0.182000 -0.253249
-0.183000 -0.253364
-0.184000 -0.253481
-0.185000 -0.253600
-0.186000 -0.253721
-0.187000 -0.253844
-0.188000 -0.253844
-0.189000 -0.253721
-0.190000 -0.253600
-0.191000 -0.253481
-0.192000 -0.253364
-0.193000 -0.253249
-0.194000 -0.253136
-0.195000 -0.253025
-0.196000 -0.252916
-0.197000 -0.252809
-0.198000 -0.252704
-0.199000 -0.252601
-0.200000 -0.252500
-0.201000 -0.252401
-0.202000 -0.252304
-0.203000 -0.252209
-0.204000 -0.252116
-0.205000 -0.252025
-0.206000 -0.251936
-0.207000 -0.251849
-0.208000 -0.251764
-0.209000 -0.251681
-0.210000 -0.251600
-0.211000 -0.251521
-0.212000 -0.251444
-0.213000 -0.251369
-0.214000 -0.251296
-0.215000 -0.251225
-0.216000 -0.251156
-0.217000 -0.251089
-0.218000 -0.251024
-0.219000 -0.250961
-0.220000 -0.250900
-0.221000 -0.250841
-0.222000 -0.250784
-0.223000 -0.250729
-0.224000 -0.250676
-0.225000 -0.250625
-0.226000 -0.250576
-0.227000 -0.250529
-0.228000 -0.250484
-0.229000 -0.250441
-0.230000 -0.250400
-0.231000 -0.250361
-0.232000 -0.250324
-0.233000 -0.250289
-0.234000 -0.250256
-0.235000 -0.250225
-0.236000 -0.250196
-0.237000 -0.250169
-0.238000 -0.250144
-0.239000 -0.250121
-0.240000 -0.250100
-0.241000 -0.250081
-0.242000 -0.250064
-0.243000 -0.250049
-0.244000 -0.250036
-0.245000 -0.250025
-0.246000 -0.250016
-0.247000 -0.250009
-0.248000 -0.250004
-0.249000 -0.250001
-0.250000 -0.250000
-0.251000 -0.250001
-0.252000 -0.250004
-0.253000 -0.250009
-0.254000 -0.250016
-0.255000 -0.250025
-0.256000 -0.250036
-0.257000 -0.250049
-0.258000 -0.250064
-0.259000 -0.250081
-0.260000 -0.250100
-0.261000 -0.250121
-0.262000 -0.250144
-0.263000 -0.250169
-0.264000 -0.250196
-0.265000 -0.250225
-0.266000 -0.250256
-0.267000 -0.250289
-0.268000 -0.250324
-0.269000 -0.250361
-0.270000 -0.250400
-0.271000 -0.250441
-0.272000 -0.250484
-0.273000 -0.250529
-0.274000 -0.250576
-0.275000 -0.250625
-0.276000 -0.250676
-0.277000 -0.250729
-0.278000 -0.250784
-0.279000 -0.250841
-0.280000 -0.250900
-0.281000 -0.250961
-0.282000 -0.251024
-0.283000 -0.251089
-0.284000 -0.251156
-0.285000 -0.251225
-0.286000 -0.251296
-0.287000 -0.251369
-0.288000 -0.251444
-0.289000 -0.251521
-0.290000 -0.251600
-0.291000 -0.251681
-0.292000 -0.251764
-0.293000 -0.251849
-0.294000 -0.251936
-0.295000 -0.252025
-0.296000 -0.252116
-0.297000 -0.252209
-0.298000 -0.252304
-0.299000 -0.252401
-0.300000 -0.252500
-0.301000 -0.252601
-0.302000 -0.252704
-0.303000 -0.252809
-0.304000 -0.252916
-0.305000 -0.253025
-0.306000 -0.253136
-0.307000 -0.253249
-0.308000 -0.253364
-0.309000 -0.253481
-0.310000 -0.253600
-0.311000 -0.253721
-0.312000 -0.253844
-0.313000 -0.253844
-0.314000 -0.253721
-0.315000 -0.253600
-0.316000 -0.253481
-0.317000 -0.253364
-0.318000 -0.253249
-0.319000 -0.253136
-0.320000 -0.253025
-0.321000 -0.252916
-0.322000 -0.252809
-0.323000 -0.252704
-0.324000 -0.252601
-0.325000 -0.252500
-0.326000 -0.252401
-0.327000 -0.252304
-0.328000 -0.252209
-0.329000 -0.252116
-0.330000 -0.252025
-0.331000 -0.251936
-0.332000 -0.251849
-0.333000 -0.251764
-0.334000 -0.251681
-0.335000 -0.251600
-0.336000 -0.251521
-0.337000 -0.251444
-0.338000 -0.251369
-0.339000 -0.251296
-0.340000 -0.251225
-0.341000 -0.251156
-0.342000 -0.251089
-0.343000 -0.251024
-0.344000 -0.250961
-0.345000 -0.250900
-0.346000 -0.250841
-0.347000 -0.250784
-0.348000 -0.250729
-0.349000 -0.250676
-0.350000 -0.250625
-0.351000 -0.250576
-0.352000 -0.250529
-0.353000 -0.250484
-0.354000 -0.250441
-0.355000 -0.250400
-0.356000 -0.250361
-0.357000 -0.250324
-0.358000 -0.250289
-0.359000 -0.250256
-0.360000 -0.250225
-0.361000 -0.250196
-0.362000 -0.250169
-0.363000 -0.250144
-0.364000 -0.250121
-0.365000 -0.250100
-0.366000 -0.250081
-0.367000 -0.250064
-0.368000 -0.250049
-0.369000 -0.250036
-0.370000 -0.250025
-0.371000 -0.250016
-0.372000 -0.250009
-0.373000 -0.250004
-0.374000 -0.250001
-0.375000 -0.250000
-0.376000 -0.250001
-0.377000 -0.250004
-0.378000 -0.250009
-0.379000 -0.250016
-0.380000 -0.250025
-0.381000 -0.250036
-0.382000 -0.250049
-0.383000 -0.250064
-0.384000 -0.250081
-0.385000 -0.250100
-0.386000 -0.250121
-0.387000 -0.250144
-0.388000 -0.250169
-0.389000 -0.250196
-0.390000 -0.250225
-0.391000 -0.250256
-0.392000 -0.250289
-0.393000 -0.250324
-0.394000 -0.250361
-0.395000 -0.250400
-0.396000 -0.250441
-0.397000 -0.250484
-0.398000 -0.250529
-0.399000 -0.250576
-0.400000 -0.250625
-0.401000 -0.250676
-0.402000 -0.250729
-0.403000 -0.250784
-0.404000 -0.250841
-0.405000 -0.250900
-0.406000 -0.250961
-0.407000 -0.251024
-0.408000 -0.251089
-0.409000 -0.251156
-0.410000 -0.251225
-0.411000 -0.251296
-0.412000 -0.251369
-0.413000 -0.251444
-0.414000 -0.251521
-0.415000 -0.251600
-0.416000 -0.251681
-0.417000 -0.251764
-0.418000 -0.251849
-0.419000 -0.251936
-0.420000 -0.252025
-0.421000 -0.252116
-0.422000 -0.252209
-0.423000 -0.252304
-0.424000 -0.252401
-0.425000 -0.252500
-0.426000 -0.252601
-0.427000 -0.252704
-0.428000 -0.252809
-0.429000 -0.252916
-0.430000 -0.253025
-0.431000 -0.253136
-0.432000 -0.253249
-0.433000 -0.253364
-0.434000 -0.253481
-0.435000 -0.253600
-0.436000 -0.253721
-0.437000 -0.253844
-0.438000 -0.253844
-0.439000 -0.253721
-0.440000 -0.253600
-0.441000 -0.253481
-0.442000 -0.253364
-0.443000 -0.253249
-0.444000 -0.253136
-0.445000 -0.253025
-0.446000 -0.252916
-0.447000 -0.252809
-0.448000 -0.252704
-0.449000 -0.252601
-0.450000 -0.252500
-0.451000 -0.252401
-0.452000 -0.252304
-0.453000 -0.252209
-0.454000 -0.252116
-0.455000 -0.252025
-0.456000 -0.251936
-0.457000 -0.251849
-0.458000 -0.251764
-0.459000 -0.251681
-0.460000 -0.251600
-0.461000 -0.251521
-0.462000 -0.251444
-0.463000 -0.251369
-0.464000 -0.251296
-0.465000 -0.251225
-0.466000 -0.251156
-0.467000 -0.251089
-0.468000 -0.251024
-0.469000 -0.250961
-0.470000 -0.250900
-0.471000 -0.250841
-0.472000 -0.250784
-0.473000 -0.250729
-0.474000 -0.250676
-0.475000 -0.250625
-0.476000 -0.250576
-0.477000 -0.250529
-0.478000 -0.250484
-0.479000 -0.250441
-0.480000 -0.250400
-0.481000 -0.250361
-0.482000 -0.250324
-0.483000 -0.250289
-0.484000 -0.250256
-0.485000 -0.250225
-0.486000 -0.250196
-0.487000 -0.250169
-0.488000 -0.250144
-0.489000 -0.250121
-0.490000 -0.250100
-0.491000 -0.250081
-0.492000 -0.250064
-0.493000 -0.250049
-0.494000 -0.250036
-0.495000 -0.250025
-0.496000 -0.250016
-0.497000 -0.250009
-0.498000 -0.250004
-0.499000 -0.250001
-0.500000 -0.250000
