-0.250000 0.500000
-0.249000 0.500001
-0.248000 0.500004
-0.247000 0.500009
-0.246000 0.500016
-0.245000 0.500025
-0.244000 0.500036
-0.243000 0.500049
-0.242000 0.500064
-0.241000 0.500081
-0.240000 0.500100
-0.239000 0.500121
-0.238000 0.500144
-0.237000 0.500169
-0.236000 0.500196
-0.235000 0.500225
-0.234000 0.500256
-0.233000 0.500289
-0.232000 0.500324
-0.231000 0.500361
-0.230000 0.500400
-0.229000 0.500441
-0.228000 0.500484
-0.227000 0.500529
-0.226000 0.500576
-0.225000 0.500625
-0.224000 0.500676
-0.223000 0.500729
-0.222000 0.500784
-0.221000 0.500841
-0.220000 0.500900
-0.219000 0.500961
-0.218000 0.501024
-0.217000 0.501089
-0.216000 0.501156
-0.215000 0.501225
-0.214000 0.501296
-0.213000 0.501369
-0.212000 0.501444
-0.211000 0.501521
-0.210000 0.501600
-0.209000 0.501681
-0.208000 0.501764
-0.207000 0.501849
-0.206000 0.501936
-0.205000 0.502025
-0.204000 0.502116
-0.203000 0.502209
-0.202000 0.502304
-0.201000 0.502401
-0.200000 0.502500
-0.199000 0.502601
-0.198000 0.502704
-0.197000 0.502809
-0.196000 0.502916
-0.195000 0.503025
-0.194000 0.503136
-0.193000 0.503249
-0.192000 0.503364
-0.191000 0.503481
-0.190000 0.503600
-0.189000 0.503721
-0.188000 0.503844
-0.187000 0.503969
-0.186000 0.504096
-0.185000 0.504225
-0.184000 0.504356
-0.183000 0.504489
-0.182000 0.504624
-0.181000 0.504761
-0.180000 0.504900
-0.179000 0.505041
-0.178000 0.505184
-0.177000 0.505329
-0.176000 0.505476
-0.175000 0.505625
-0.174000 0.505776
-0.173000 0.505929
-0.172000 0.506084
-0.171000 0.506241
-0.170000 0.506400
-0.169000 0.506561
-0.168000 0.506724
-0.167000 0.506889
-0.166000 0.507056
-0.165000 0.507225
-0.164000 0.507396
-0.163000 0.507569
-0.162000 0.507744
-0.161000 0.507921
-0.160000 0.508100
-0.159000 0.508281
-0.158000 0.508464
-0.157000 0.508649
-0.156000 0.508836
-0.155000 0.509025
-0.154000 0.509216
-0.153000 0.509409
-0.152000 0.509604
-0.151000 0.509801
-0.150000 0.510000
-0.149000 0.510201
-0.148000 0.510404
-0.147000 0.510609
-0.146000 0.510816
-0.145000 0.511025
-0.144000 0.511236
-0.143000 0.511449
-0.142000 0.511664
-0.141000 0.511881
-0.140000 0.512100
-0.139000 0.512321
-0.138000 0.512544
-0.137000 0.512769
-0.136000 0.512996
-0.135000 0.513225
-0.134000 0.513456
-0.133000 0.513689
-0.132000 0.513924
-0.131000 0.514161
-0.130000 0.514400
-0.129000 0.514641
-0.128000 0.514884
-0.127000 0.515129
-0.126000 0.515376
-0.125000 0.515625
-0.124000 0.515376
-0.123000 0.515129
-0.122000 0.514884
-0.121000 0.514641
-0.120000 0.514400
-0.119000 0.514161
-0.118000 0.513924
-0.117000 0.513689
-0.116000 0.513456
-0.115000 0.513225
-0.114000 0.512996
-0.113000 0.512769
-0.112000 0.512544
-0.111000 0.512321
-0.110000 0.512100
-0.109000 0.511881
-0.108000 0.511664
-0.107000 0.511449
-0.106000 0.511236
-0.105000 0.511025
-0.104000 0.510816
-0.103000 0.510609
-0.102000 0.510404
-0.101000 0.510201
-0.100000 0.510000
-0.099000 0.509801
-0.098000 0.509604
-0.097000 0.509409
-0.096000 0.509216
-0.095000 0.509025
-0.094000 0.508836
-0.093000 0.508649
-0.092000 0.508464
-0.091000 0.508281
-0.090000 0.508100
-0.089000 0.507921
-0.088000 0.507744
-0.087000 0.507569
-0.086000 0.507396
-0.085000 0.507225
-0.084000 0.507056
-0.083000 0.506889
-0.082000 0.506724
-0.081000 0.506561
-0.080000 0.506400
-0.079000 0.506241
-0.078000 0.506084
-0.077000 0.505929
-0.076000 0.505776
-0.075000 0.505625
-0.074000 0.505476
-0.073000 0.505329
-0.072000 0.505184
-0.071000 0.505041
-0.070000 0.504900
-0.069000 0.504761
-0.068000 0.504624
-0.067000 0.504489
-0.066000 0.504356
-0.065000 0.504225
-0.064000 0.504096
-0.063000 0.503969
-0.062000 0.503844
-0.061000 0.503721
-0.060000 0.503600
-0.059000 0.503481
-0.058000 0.503364
-0.057000 0.503249
-0.056000 0.503136
-0.055000 0.503025
-0.054000 0.502916
-0.053000 0.502809
-0.052000 0.502704
-0.051000 0.502601
-0.050000 0.502500
-0.049000 0.502401
-0.048000 0.502304
-0.047000 0.502209
-0.046000 0.502116
-0.045000 0.502025
-0.044000 0.501936
-0.043000 0.501849
-0.042000 0.501764
-0.041000 0.501681
-0.040000 0.501600
-0.039000 0.501521
-0.038000 0.501444
-0.037000 0.501369
-0.036000 0.501296
-0.035000 0.501225
-0.034000 0.501156
-0.033000 0.501089
-0.032000 0.501024
-0.031000 0.500961
-0.030000 0.500900
-0.029000 0.500841
-0.028000 0.500784
-0.027000 0.500729
-0.026000 0.500676
-0.025000 0.500625
-0.024000 0.500576
-0.023000 0.500529
-0.022000 0.500484
-0.021000 0.500441
-0.020000 0.500400
-0.019000 0.500361
-0.018000 0.500324
-0.017000 0.500289
-0.016000 0.500256
-0.015000 0.500225
-0.014000 0.500196
-0.013000 0.500169
-0.012000 0.500144
-0.011000 0.500121
-0.010000 0.500100
-0.009000 0.500081
-0.008000 0.500064
-0.007000 0.500049
-0.006000 0.500036
-0.005000 0.500025
-0.004000 0.500016
-0.003000 0.500009
-0.002000 0.500004
-0.001000 0.500001
0.000000 0.500000
0.001000 0.500001
0.002000 0.500004
0.003000 0.500009
0.004000 0.500016
0.005000 0.500025
0.006000 0.500036
0.007000 0.500049
0.008000 0.500064
0.009000 0.500081
0.010000 0.500100
0.011000 0.500121
0.012000 0.500144
0.013000 0.500169
0.014000 0.500196
0.015000 0.500225
0.016000 0.500256
0.017000 0.500289
0.018000 0.500324
0.019000 0.500361
0.020000 0.500400
0.021000 0.500441
0.022000 0.500484
0.023000 0.500529
0.024000 0.500576
0.025000 0.500625
0.026000 0.500676
0.027000 0.500729
0.028000 0.500784
0.029000 0.500841
0.030000 0.500900
0.031000 0.500961
0.032000 0.501024
0.033000 0.501089
0.034000 0.501156
0.035000 0.501225
0.036000 0.501296
0.037000 0.501369
0.038000 0.501444
0.039000 0.501521
0.040000 0.501600
0.041000 0.501681
0.042000 0.501764
0.043000 0.501849
0.044000 0.501936
0.045000 0.502025
0.046000 0.502116
0.047000 0.502209
0.048000 0.502304
0.049000 0.502401
0.050000 0.502500
0.051000 0.502601
0.052000 0.502704
0.053000 0.502809
0.054000 0.502916
0.055000 0.503025
0.056000 0.503136
0.057000 0.503249
0.058000 0.503364
0.059000 0.503481
0.060000 0.503600
0.061000 0.503721
0.062000 0.503844
0.063000 0.503969
0.064000 0.504096
0.065000 0.504225
0.066000 0.504356
0.067000 0.504489
0.068000 0.504624
0.069000 0.504761
0.070000 0.504900
0.071000 0.505041
0.072000 0.505184
0.073000 0.505329
0.074000 0.505476
0.075000 0.505625
0.076000 0.505776
0.077000 0.505929
0.078000 0.506084
0.079000 0.506241
0.080000 0.506400
0.081000 0.506561
0.082000 0.506724
0.083000 0.506889
0.084000 0.507056
0.085000 0.507225
0.086000 0.507396
0.087000 0.507569
0.088000 0.507744
0.089000 0.507921
0.090000 0.508100
0.091000 0.508281
0.092000 0.508464
0.093000 0.508649
0.094000 0.508836
0.095000 0.509025
0.096000 0.509216
0.097000 0.509409
0.098000 0.509604
0.099000 0.509801
0.100000 0.510000
0.101000 0.510201
0.102000 0.510404
0.103000 0.510609
0.104000 0.510816
0.105000 0.511025
0.106000 0.511236
0.107000 0.511449
0.108000 0.511664
0.109000 0.511881
0.110000 0.512100
0.111000 0.512321
0.112000 0.512544
0.113000 0.512769
0.114000 0.512996
0.115000 0.513225
0.116000 0.513456
0.117000 0.513689
0.118000 0.513924
0.119000 0.514161
0.120000 0.514400
0.121000 0.514641
0.122000 0.514884
0.123000 0.515129
0.124000 0.515376
0.125000 0.515625
0.126000 0.515376
0.127000 0.515129
0.128000 0.514884
0.129000 0.514641
0.130000 0.514400
0.131000 0.514161
0.132000 0.513924
0.133000 0.513689
0.134000 0.513456
0.135000 0.513225
0.136000 0.512996
0.137000 0.512769
0.138000 0.512544
0.139000 0.512321
0.140000 0.512100
0.141000 0.511881
0.142000 0.511664
0.143000 0.511449
0.144000 0.511236
0.145000 0.511025
0.146000 0.510816
0.147000 0.510609
0.148000 0.510404
0.149000 0.510201
0.150000 0.510000
0.151000 0.509801
0.152000 0.509604
0.153000 0.509409
0.154000 0.509216
0.155000 0.509025
0.156000 0.508836
0.157000 0.508649
0.158000 0.508464
0.159000 0.508281
0.160000 0.508100
0.161000 0.507921
0.162000 0.507744
0.163000 0.507569
0.164000 0.507396
0.165000 0.507225
0.166000 0.507056
0.167000 0.506889
0.168000 0.506724
0.169000 0.506561
0.170000 0.506400
0.171000 0.506241
0.172000 0.506084
0.173000 0.505929
0.174000 0.505776
0.175000 0.505625
0.176000 0.505476
0.177000 0.505329
0.178000 0.505184
0.179000 0.505041
0.180000 0.504900
0.181000 0.504761
0.182000 0.504624
0.183000 0.504489
0.184000 0.504356
0.185000 0.504225
0.186000 0.504096
0.187000 0.503969
0.188000 0.503844
0.189000 0.503721
0.190000 0.503600
0.191000 0.503481
0.192000 0.503364
0.193000 0.503249
0.194000 0.503136
0.195000 0.503025
0.196000 0.502916
0.197000 0.502809
0.198000 0.502704
0.199000 0.502601
0.200000 0.502500
0.201000 0.502401
0.202000 0.502304
0.203000 0.502209
0.204000 0.502116
0.205000 0.502025
0.206000 0.501936
0.207000 0.501849
0.208000 0.501764
0.209000 0.501681
0.210000 0.501600
0.211000 0.501521
0.212000 0.501444
0.213000 0.501369
0.214000 0.501296
0.215000 0.501225
0.216000 0.501156
0.217000 0.501089
0.218000 0.501024
0.219000 0.500961
0.220000 0.500900
0.221000 0.500841
0.222000 0.500784
0.223000 0.500729
0.224000 0.500676
0.225000 0.500625
0.226000 0.500576
0.227000 0.500529
0.228000 0.500484
0.229000 0.500441
0.230000 0.500400
0.231000 0.500361
0.232000 0.500324
0.233000 0.500289
0.234000 0.500256
0.235000 0.500225
0.236000 0.500196
0.237000 0.500169
0.238000 0.500144
0.239000 0.500121
0.240000 0.500100
0.241000 0.500081
0.242000 0.500064
0.243000 0.500049
0.244000 0.500036
0.245000 0.500025
0.246000 0.500016
0.247000 0.500009
0.248000 0.500004
0.249000 0.500001
0.249000 -0.500001
0.248000 -0.500004
0.247000 -0.500009
0.246000 -0.500016
0.245000 -0.500025
0.244000 -0.500036
0.243000 -0.500049
0.242000 -0.500064
0.241000 -0.500081
0.240000 -0.500100
0.239000 -0.500121
0.238000 -0.500144
0.237000 -0.500169
0.236000 -0.500196
0.235000 -0.500225
0.234000 -0.500256
0.233000 -0.500289
0.232000 -0.500324
0.231000 -0.500361
0.230000 -0.500400
0.229000 -0.500441
0.228000 -0.500484
0.227000 -0.500529
0.226000 -0.500576
0.225000 -0.500625
0.224000 -0.500676
0.223000 -0.500729
0.222000 -0.500784
0.221000 -0.500841
0.220000 -0.500900
0.219000 -0.500961
0.218000 -0.501024
0.217000 -0.501089
0.216000 -0.501156
0.215000 -0.501225
0.214000 -0.501296
0.213000 -0.501369
0.212000 -0.501444
0.211000 -0.501521
0.210000 -0.501600
0.209000 -0.501681
0.208000 -0.501764
0.207000 -0.501849
0.206000 -0.501936
0.205000 -0.502025
0.204000 -0.502116
0.203000 -0.502209
0.202000 -0.502304
0.201000 -0.502401
0.200000 -0.502500
0.199000 -0.502601
0.198000 -0.502704
0.197000 -0.502809
0.196000 -0.502916
0.195000 -0.503025
0.194000 -0.503136
0.193000 -0.503249
0.192000 -0.503364
0.191000 -0.503481
0.190000 -0.503600
0.189000 -0.503721
0.188000 -0.503844
0.187000 -0.503969
0.186000 -0.504096
0.185000 -0.504225
0.184000 -0.504356
0.183000 -0.504489
0.182000 -0.504624
0.181000 -0.504761
0.180000 -0.504900
0.179000 -0.505041
0.178000 -0.505184
0.177000 -0.505329
0.176000 -0.505476
0.175000 -0.505625
0.174000 -0.505776
0.173000 -0.505929
0.172000 -0.506084
0.171000 -0.506241
0.170000 -0.506400
0.169000 -0.506561
0.168000 -0.506724
0.167000 -0.506889
0.166000 -0.507056
0.165000 -0.507225
0.164000 -0.507396
0.163000 -0.507569
0.162000 -0.507744
0.161000 -0.507921
0.160000 -0.508100
0.159000 -0.508281
0.158000 -0.508464
0.157000 -0.508649
0.156000 -0.508836
0.155000 -0.509025
0.154000 -0.509216
0.153000 -0.509409
0.152000 -0.509604
0.151000 -0.509801
0.150000 -0.510000
0.149000 -0.510201
0.148000 -0.510404
0.147000 -0.510609
0.146000 -0.510816
0.145000 -0.511025
0.144000 -0.511236
0.143000 -0.511449
0.142000 -0.511664
0.141000 -0.511881
0.140000 -0.512100
0.139000 -0.512321
0.138000 -0.512544
0.137000 -0.512769
0.136000 -0.512996
0.135000 -0.513225
0.134000 -0.513456
0.133000 -0.513689
0.132000 -0.513924
0.131000 -0.514161
0.130000 -0.514400
0.129000 -0.514641
0.128000 -0.514884
0.127000 -0.515129
0.126000 -0.515376
0.125000 -0.515625
0.124000 -0.515376
0.123000 -0.515129
0.122000 -0.514884
0.121000 -0.514641
0.120000 -0.514400
0.119000 -0.514161
0.118000 -0.513924
0.117000 -0.513689
0.116000 -0.513456
0.115000 -0.513225
0.114000 -0.512996
0.113000 -0.512769
0.112000 -0.512544
0.111000 -0.512321
0.110000 -0.512100
0.109000 -0.511881
0.108000 -0.511664
0.107000 -0.511449
0.106000 -0.511236
0.105000 -0.511025
0.104000 -0.510816
0.103000 -0.510609
0.102000 -0.510404
0.101000 -0.510201
0.100000 -0.510000
0.099000 -0.509801
0.098000 -0.509604
0.097000 -0.509409
0.096000 -0.509216
0.095000 -0.509025
0.094000 -0.508836
0.093000 -0.508649
0.092000 -0.508464
0.091000 -0.508281
0.090000 -0.508100
0.089000 -0.507921
0.088000 -0.507744
0.087000 -0.507569
0.086000 -0.507396
0.085000 -0.507225
0.084000 -0.507056
0.083000 -0.506889
0.082000 -0.506724
0.081000 -0.506561
0.080000 -0.506400
0.079000 -0.506241
0.078000 -0.506084
0.077000 -0.505929
0.076000 -0.505776
0.075000 -0.505625
0.074000 -0.505476
0.073000 -0.505329
0.072000 -0.505184
0.071000 -0.505041
0.070000 -0.504900
0.069000 -0.504761
0.068000 -0.504624
0.067000 -0.504489
0.066000 -0.504356
0.065000 -0.504225
0.064000 -0.504096
0.063000 -0.503969
0.062000 -0.503844
0.061000 -0.503721
0.060000 -0.503600
0.059000 -0.503481
0.058000 -0.503364
0.057000 -0.503249
0.056000 -0.503136
0.055000 -0.503025
0.054000 -0.502916
0.053000 -0.502809
0.052000 -0.502704
0.051000 -0.502601
0.050000 -0.502500
0.049000 -0.502401
0.048000 -0.502304
0.047000 -0.502209
0.046000 -0.502116
0.045000 -0.502025
0.044000 -0.501936
0.043000 -0.501849
0.042000 -0.501764
0.041000 -0.501681
0.040000 -0.501600
0.039000 -0.501521
0.038000 -0.501444
0.037000 -0.501369
0.036000 -0.501296
0.035000 -0.501225
0.034000 -0.501156
0.033000 -0.501089
0.032000 -0.501024
0.031000 -0.500961
0.030000 -0.500900
0.029000 -0.500841
0.028000 -0.500784
0.027000 -0.500729
0.026000 -0.500676
0.025000 -0.500625
0.024000 -0.500576
0.023000 -0.500529
0.022000 -0.500484
0.021000 -0.500441
0.020000 -0.500400
0.019000 -0.500361
0.018000 -0.500324
0.017000 -0.500289
0.016000 -0.500256
0.015000 -0.500225
0.014000 -0.500196
0.013000 -0.500169
0.012000 -0.500144
0.011000 -0.500121
0.010000 -0.500100
0.009000 -0.500081
0.008000 -0.500064
0.007000 -0.500049
0.006000 -0.500036
0.005000 -0.500025
0.004000 -0.500016
0.003000 -0.500009
0.002000 -0.500004
0.001000 -0.500001
0.000000 -0.500000
-0.001000 -0.500001
-0.002000 -0.500004
-0.003000 -0.500009
-0.004000 -0.500016
-0.005000 -0.500025
-0.006000 -0.500036
-0.007000 -0.500049
-0.008000 -0.500064
-0.009000 -0.500081
-0.010000 -0.500100
-0.011000 -0.500121
-0.012000 -0.500144
-0.013000 -0.500169
-0.014000 -0.500196
-0.015000 -0.500225
-0.016000 -0.500256
-0.017000 -0.500289
-0.018000 -0.500324
-0.019000 -0.500361
-0.020000 -0.500400
-0.021000 -0.500441
-0.022000 -0.500484
-0.023000 -0.500529
-0.024000 -0.500576
-0.025000 -0.500625
-0.026000 -0.500676
-0.027000 -0.500729
-0.028000 -0.500784
-0.029000 -0.500841
-0.030000 -0.500900
-0.031000 -0.500961
-0.032000 -0.501024
-0.033000 -0.501089
-0.034000 -0.501156
-0.035000 -0.501225
-0.036000 -0.501296
-0.037000 -0.501369
-0.038000 -0.501444
-0.039000 -0.501521
-0.040000 -0.501600
-0.041000 -0.501681
-0.042000 -0.501764
-0.043000 -0.501849
-0.044000 -0.501936
-0.045000 -0.502025
-0.046000 -0.502116
-0.047000 -0.502209
-0.048000 -0.502304
-0.049000 -0.502401
-0.050000 -0.502500
-0.051000 -0.502601
-0.052000 -0.502704
-0.053000 -0.502809
-0.054000 -0.502916
-0.055000 -0.503025
-0.056000 -0.503136
-0.057000 -0.503249
-0.058000 -0.503364
-0.059000 -0.503481
-0.060000 -0.503600
-0.061000 -0.503721
-0.062000 -0.503844
-0.063000 -0.503969
-0.064000 -0.504096
-0.065000 -0.504225
-0.066000 -0.504356
-0.067000 -0.504489
-0.068000 -0.504624
-0.069000 -0.504761
-0.070000 -0.504900
-0.071000 -0.505041
-0.072000 -0.505184
-0.073000 -0.505329
-0.074000 -0.505476
-0.075000 -0.505625
-0.076000 -0.505776
-0.077000 -0.505929
-0.078000 -0.506084
-0.079000 -0.506241
-0.080000 -0.506400
-0.081000 -0.506561
-0.082000 -0.506724
-0.083000 -0.506889
-0.084000 -0.507056
-0.085000 -0.507225
-0.086000 -0.507396
-0.087000 -0.507569
-0.088000 -0.507744
-0.089000 -0.507921
-0.090000 -0.508100
-0.091000 -0.508281
-0.092000 -0.508464
-0.093000 -0.508649
-0.094000 -0.508836
-0.095000 -0.509025
-0.096000 -0.509216
-0.097000 -0.509409
-0.098000 -0.509604
-0.099000 -0.509801
-0.100000 -0.510000
-0.101000 -0.510201
-0.102000 -0.510404
-0.103000 -0.510609
-0.104000 -0.510816
-0.105000 -0.511025
-0.106000 -0.511236
-0.107000 -0.511449
-0.108000 -0.511664
-0.109000 -0.511881
-0.110000 -0.512100
-0.111000 -0.512321
-0.112000 -0.512544
-0.113000 -0.512769
-0.114000 -0.512996
-0.115000 -0.513225
-0.116000 -0.513456
-0.117000 -0.513689
-0.118000 -0.513924
-0.119000 -0.514161
-0.120000 -0.514400
-0.121000 -0.514641
-0.122000 -0.514884
-0.123000 -0.515129
-0.124000 -0.515376
-0.125000 -0.515625
-0.126000 -0.515376
-0.127000 -0.515129
-0.128000 -0.514884
-0.129000 -0.514641
-0.130000 -0.514400
-0.131000 -0.514161
-0.132000 -0.513924
-0.133000 -0.513689
-0.134000 -0.513456
-0.135000 -0.513225
-0.136000 -0.512996
-0.137000 -0.512769
-0.138000 -0.512544
-0.139000 -0.512321
-0.140000 -0.512100
-0.141000 -0.511881
-0.142000 -0.511664
-0.143000 -0.511449
-0.144000 -0.511236
-0.145000 -0.511025
-0.146000 -0.510816
-0.147000 -0.510609
-0.148000 -0.510404
-0.149000 -0.510201
-0.150000 -0.510000
-0.151000 -0.509801
-0.152000 -0.509604
-0.153000 -0.509409
-0.154000 -0.509216
-0.155000 -0.509025
-0.156000 -0.508836
-0.157000 -0.508649
-0.158000 -0.508464
-0.159000 -0.508281
-0.160000 -0.508100
-0.161000 -0.507921
-0.162000 -0.507744
-0.163000 -0.507569
-0.164000 -0.507396
-0.165000 -0.507225
-0.166000 -0.507056
-0.167000 -0.506889
-0.168000 -0.506724
-0.169000 -0.506561
-0.170000 -0.506400
-0.171000 -0.506241
-0.172000 -0.506084
-0.173000 -0.505929
-0.174000 -0.505776
-0.175000 -0.505625
-0.176000 -0.505476
-0.177000 -0.505329
-0.178000 -0.505184
-0.179000 -0.505041
-0.180000 -0.504900
-0.181000 -0.504761
-0.182000 -0.504624
-0.183000 -0.504489
-0.184000 -0.504356
-0.185000 -0.504225
-0.186000 -0.504096
-0.187000 -0.503969
-0.188000 -0.503844
-0.189000 -0.503721
-0.190000 -0.503600
-0.191000 -0.503481
-0.192000 -0.503364
-0.193000 -0.503249
-0.194000 -0.503136
-0.195000 -0.503025
-0.196000 -0.502916
-0.197000 -0.502809
-0.198000 -0.502704
-0.199000 -0.502601
-0.200000 -0.502500
-0.201000 -0.502401
-0.202000 -0.502304
-0.203000 -0.502209
-0.204000 -0.502116
-0.205000 -0.502025
-0.206000 -0.501936
-0.207000 -0.501849
-0.208000 -0.501764
-0.209000 -0.501681
-0.210000 -0.501600
-0.211000 -0.501521
-0.212000 -0.501444
-0.213000 -0.501369
-0.214000 -0.501296
-0.215000 -0.501225
-0.216000 -0.501156
-0.217000 -0.501089
-0.218000 -0.501024
-0.219000 -0.500961
-0.220000 -0.500900
-0.221000 -0.500841
-0.222000 -0.500784
-0.223000 -0.500729
-0.224000 -0.500676
-0.225000 -0.500625
-0.226000 -0.500576
-0.227000 -0.500529
-0.228000 -0.500484
-0.229000 -0.500441
-0.230000 -0.500400
-0.231000 -0.500361
-0.232000 -0.500324
-0.233000 -0.500289
-0.234000 -0.500256
-0.235000 -0.500225
-0.236000 -0.500196
-0.237000 -0.500169
-0.238000 -0.500144
-0.239000 -0.500121
-0.240000 -0.500100
-0.241000 -0.500081
-0.242000 -0.500064
-0.243000 -0.500049
-0.244000 -0.500036
-0.245000 -0.500025
-0.246000 -0.500016
-0.247000 -0.500009
-0.248000 -0.500004
-0.249000 -0.500001
-0.250000 -0.500000
